1549566648956,999.639
1549566648994,999.639
1549566649032,999.639
1549566649070,999.64624
1549566649110,999.64624
1549566649147,999.64624
1549566649186,999.64624
1549566649225,999.6504
1549566649263,999.6504
1549566649301,999.6504
1549566649340,999.6504
1549566649378,999.6563
1549566649417,999.6563
1549566649456,999.6563
1549566649494,999.6647
1549566649533,999.6647
1549566649571,999.6647
1549566649610,999.6647
1549566649649,999.67725
1549566649688,999.67725
1549566649727,999.67725
1549566649765,999.66833
1549566649804,999.66833
1549566649841,999.66833
1549566649879,999.66833
1549566649917,999.6855
1549566649956,999.6855
1549566649994,999.6855
1549566650034,999.6855
1549566650072,999.67993
1549566650110,999.67993
1549566650148,999.67993
1549566650186,999.70294
1549566650224,999.70294
1549566650263,999.70294
1549566650301,999.70294
1549566650341,999.80316
1549566650378,999.80316
1549566650417,999.80316
1549566650458,999.80316
1549566650515,999.7157
1549566650536,999.7157
1549566650573,999.7157
1549566650612,999.72186
1549566650650,999.72186
1549566650689,999.72186
1549566650727,999.72186
1549566650766,999.744
1549566650805,999.744
1549566650841,999.744
1549566650878,999.744
1549566650916,999.8152
1549566650956,999.8152
1549566650993,999.8152
1549566651032,999.79456
1549566651074,999.79456
1549566651110,999.79456
1549566651148,999.79456
1549566651186,999.7784
1549566651225,999.7784
1549566651262,999.7784
1549566651301,999.7784
1549566651339,999.7544
1549566651378,999.7544
1549566651417,999.7544
1549566651456,999.7673
1549566651494,999.7673
1549566651534,999.7673
1549566651572,999.7673
1549566651611,999.7592
1549566651650,999.7592
1549566651688,999.7592
1549566651726,999.7592
1549566651767,999.7548
1549566651804,999.7548
1549566651849,999.7548
1549566651878,999.7526
1549566651916,999.7526
1549566651959,999.7526
1549566651996,999.7526
1549566652035,999.7605
1549566652073,999.7605
1549566652111,999.7605
1549566652150,999.7605
1549566652188,999.7595
1549566652227,999.7595
1549566652264,999.7595
1549566652303,999.74805
1549566652343,999.74805
1549566652378,999.74805
1549566652417,999.74805
1549566652458,999.7467
1549566652500,999.7467
1549566652533,999.7467
1549566652571,999.7328
1549566652611,999.7328
1549566652649,999.7328
1549566652688,999.7328
1549566652725,999.72754
1549566652765,999.72754
1549566652803,999.72754
1549566652844,999.72754
1549566652878,999.7354
1549566652917,999.7354
1549566652960,999.7354
1549566652997,999.72986
1549566653035,999.72986
1549566653072,999.72986
1549566653111,999.72986
1549566653148,999.7294
1549566653187,999.7294
1549566653226,999.7294
1549566653267,999.7294
1549566653305,999.72546
1549566653342,999.72546
1549566653378,999.72546
1549566653417,999.7367
1549566653458,999.7367
1549566653498,999.7367
1549566653534,999.7367
1549566653572,999.73535
1549566653612,999.73535
1549566653649,999.73535
1549566653687,999.73535
1549566653727,999.74915
1549566653764,999.74915
1549566653803,999.74915
1549566653842,999.75366
1549566653878,999.75366
1549566653917,999.75366
1549566653957,999.75366
1549566653994,999.76904
1549566654032,999.76904
1549566654069,999.76904
1549566654109,999.76904
1549566654148,999.7887
1549566654186,999.7887
1549566654225,999.7887
1549566654265,999.8007
1549566654301,999.8007
1549566654340,999.8007
1549566654381,999.8007
1549566654416,999.8204
1549566654456,999.8204
1549566654496,999.8204
1549566654535,999.8204
1549566654572,999.8341
1549566654611,999.8341
1549566654649,999.8341
1549566654688,999.85376
1549566654726,999.85376
1549566654763,999.85376
1549566654804,999.85376
1549566654842,999.8742
1549566654880,999.8742
1549566654916,999.8742
1549566654958,999.8742
1549566654995,999.8854
1549566655035,999.8854
1549566655071,999.8854
1549566655109,999.91595
1549566655148,999.91595
1549566655188,999.91595
1549566655225,999.91595
1549566655262,999.9431
1549566655303,999.9431
1549566655344,999.9431
1549566655377,999.9716
1549566655419,999.9716
1549566655460,999.9716
1549566655493,999.9716
1549566655532,999.9938
1549566655573,999.9938
1549566655611,999.9938
1549566655649,999.9938
1549566655689,1000.0218
1549566655725,1000.0218
1549566655764,1000.0218
1549566655803,1000.04474
1549566655842,1000.04474
1549566655878,1000.04474
1549566655916,1000.04474
1549566655957,1000.07526
1549566655994,1000.07526
1549566656033,1000.07526
1549566656073,1000.07526
1549566656111,1000.11084
1549566656149,1000.11084
1549566656188,1000.11084
1549566656227,1000.1321
1549566656264,1000.1321
1549566656301,1000.1321
1549566656340,1000.1321
1549566656378,1000.16766
1549566656418,1000.16766
1549566656457,1000.16766
1549566656493,1000.16766
1549566656534,1000.1998
1549566656571,1000.1998
1549566656610,1000.1998
1549566656649,1000.2413
1549566656687,1000.2413
1549566656725,1000.2413
1549566656763,1000.2413
1549566656804,1000.269
1549566656840,1000.269
1549566656877,1000.269
1549566656916,1000.269
1549566656956,1000.2928
1549566656994,1000.2928
1549566657033,1000.2928
1549566657071,1000.31323
1549566657110,1000.31323
1549566657149,1000.31323
1549566657187,1000.31323
1549566657227,1000.3412
1549566657264,1000.3412
1549566657303,1000.3412
1549566657342,1000.3412
1549566657379,1000.3566
1549566657415,1000.3566
1549566657459,1000.3566
1549566657494,1000.3779
1549566657533,1000.3779
1549566657571,1000.3779
1549566657609,1000.3779
1549566657649,1000.4026
1549566657689,1000.4026
1549566657725,1000.4026
1549566657764,1000.4457
1549566657800,1000.4457
1549566657840,1000.4457
1549566657880,1000.4457
1549566657917,1000.48596
1549566657957,1000.48596
1549566657995,1000.48596
1549566658032,1000.48596
1549566658071,1000.5164
1549566658112,1000.5164
1549566658148,1000.5164
1549566658187,1000.54443
1549566658225,1000.54443
1549566658262,1000.54443
1549566658302,1000.54443
1549566658341,1000.56824
1549566658377,1000.56824
1549566658415,1000.56824
1549566658460,1000.56824
1549566658495,1000.5984
1549566658535,1000.5984
1549566658571,1000.5984
1549566658611,1000.6214
1549566658650,1000.6214
1549566658687,1000.6214
1549566658727,1000.6214
1549566658765,1000.65186
1549566658803,1000.65186
1549566658840,1000.65186
1549566658877,1000.65186
1549566658916,1000.6748
1549566658957,1000.6748
1549566658994,1000.6748
1549566659031,1000.71094
1549566659071,1000.71094
1549566659109,1000.71094
1549566659149,1000.71094
1549566659194,1000.7456
1549566659224,1000.7456
1549566659266,1000.7456
1549566659301,1000.7456
1549566659341,1000.77783
1549566659376,1000.77783
1549566659415,1000.77783
1549566659461,1000.81134
1549566659494,1000.81134
1549566659532,1000.81134
1549566659571,1000.81134
1549566659608,1000.8435
1549566659647,1000.8435
1549566659686,1000.8435
1549566659726,1000.8435
1549566659762,1000.87573
1549566659801,1000.87573
1549566659841,1000.87573
1549566659876,1000.9012
1549566659915,1000.9012
1549566659953,1000.9012
1549566659994,1000.9012
1549566660032,1000.9431
1549566660069,1000.9431
1549566660107,1000.9431
1549566660149,1000.9431
1549566660185,1000.9862
1549566660225,1000.9862
1549566660261,1000.9862
1549566660301,1001.02515
1549566660339,1001.02515
1549566660379,1001.02515
1549566660415,1001.02515
1549566660457,1001.0553
1549566660494,1001.0553
1549566660532,1001.0553
1549566660570,1001.08246
1549566660608,1001.08246
1549566660647,1001.08246
1549566660686,1001.08246
1549566660723,1001.118
1549566660764,1001.118
1549566660801,1001.118
1549566660838,1001.118
1549566660876,1001.1574
1549566660915,1001.1574
1549566660958,1001.1574
1549566660994,1001.18115
1549566661039,1001.18115
1549566661069,1001.18115
1549566661108,1001.18115
1549566661147,1001.20496
1549566661184,1001.20496
1549566661226,1001.20496
1549566661261,1001.20496
1549566661299,1001.24774
1549566661338,1001.24774
1549566661376,1001.24774
1549566661415,1001.2581
1549566661454,1001.2581
1549566661493,1001.2581
1549566661530,1001.2581
1549566661569,1001.264
1549566661608,1001.264
1549566661646,1001.264
1549566661685,1001.264
1549566661723,1001.2945
1549566661764,1001.2945
1549566661800,1001.2945
1549566661839,1001.32416
1549566661876,1001.32416
1549566661914,1001.32416
1549566661954,1001.32416
1549566661994,1001.35095
1549566662032,1001.35095
1549566662069,1001.35095
1549566662109,1001.35095
1549566662146,1001.3904
1549566662184,1001.3904
1549566662223,1001.3904
1549566662261,1001.41895
1549566662300,1001.41895
1549566662339,1001.41895
1549566662385,1001.41895
1549566662414,1001.45416
1549566662452,1001.45416
1549566662491,1001.45416
1549566662531,1001.45416
1549566662568,1001.4844
1549566662607,1001.4844
1549566662646,1001.4844
1549566662684,1001.5179
1549566662723,1001.5179
1549566662761,1001.5179
1549566662800,1001.5179
1549566662839,1001.54224
1549566662877,1001.54224
1549566662922,1001.54224
1549566662958,1001.5573
1549566662992,1001.5573
1549566663030,1001.5573
1549566663068,1001.5573
1549566663108,1001.5456
1549566663146,1001.5456
1549566663184,1001.5456
1549566663224,1001.5456
1549566663263,1001.5053
1549566663300,1001.5053
1549566663339,1001.5053
1549566663375,1001.5235
1549566663413,1001.5235
1549566663452,1001.5235
1549566663492,1001.5235
1549566663530,1001.60956
1549566663570,1001.60956
1549566663608,1001.60956
1549566663646,1001.60956
1549566663687,1001.63806
1549566663724,1001.63806
1549566663761,1001.63806
1549566663799,1001.6398
1549566663837,1001.6398
1549566663888,1001.6398
1549566663915,1001.6398
1549566663952,1001.6314
1549566663992,1001.6314
1549566664030,1001.6314
1549566664068,1001.6314
1549566664107,1001.64453
1549566664146,1001.64453
1549566664186,1001.64453
1549566664224,1001.6655
1549566664261,1001.6655
1549566664299,1001.6655
1549566664338,1001.6655
1549566664377,1001.6554
1549566664414,1001.6554
1549566664454,1001.6554
1549566664491,1001.6554
1549566664531,1001.6521
1549566664568,1001.6521
1549566664608,1001.6521
1549566664646,1001.6521
1549566664684,1001.6521
1549566664723,1001.6521
1549566664761,1001.6521
1549566664800,1001.6576
1549566664837,1001.6576
1549566664875,1001.6576
