1549566704558,1004.3227
1549566704596,1004.3227
1549566704634,1004.3227
1549566704672,1004.316
1549566704711,1004.316
1549566704749,1004.316
1549566704790,1004.316
1549566704827,1004.3095
1549566704865,1004.3095
1549566704903,1004.3095
1549566704942,1004.3095
1549566704982,1004.3045
1549566705019,1004.3045
1549566705057,1004.3045
1549566705095,1004.30255
1549566705135,1004.30255
1549566705174,1004.30255
1549566705212,1004.30255
1549566705251,1004.3031
1549566705289,1004.3031
1549566705327,1004.3031
1549566705366,1004.3006
1549566705405,1004.3006
1549566705443,1004.3006
1549566705483,1004.3006
1549566705519,1004.3006
1549566705558,1004.3006
1549566705597,1004.3006
1549566705639,1004.3006
1549566705675,1004.2989
1549566705712,1004.2989
1549566705751,1004.2989
1549566705791,1004.3031
1549566705827,1004.3031
1549566705866,1004.3031
1549566705904,1004.3031
1549566705943,1004.3009
1549566705981,1004.3009
1549566706018,1004.3009
1549566706057,1004.3009
1549566706096,1004.31177
1549566706136,1004.31177
1549566706173,1004.31177
1549566706213,1004.3297
1549566706251,1004.3297
1549566706288,1004.3297
1549566706326,1004.3297
1549566706365,1004.40247
1549566706404,1004.40247
1549566706443,1004.40247
1549566706481,1004.40247
1549566706518,1004.3952
1549566706556,1004.3952
1549566706595,1004.3952
1549566706635,1004.4078
1549566706673,1004.4078
1549566706712,1004.4078
1549566706750,1004.4078
1549566706788,1004.30786
1549566706827,1004.30786
1549566706865,1004.30786
1549566706903,1004.30786
1549566706941,1004.4131
1549566706980,1004.4131
1549566707019,1004.4131
1549566707056,1004.3854
1549566707095,1004.3854
1549566707134,1004.3854
1549566707172,1004.3854
1549566707211,1004.3966
1549566707250,1004.3966
1549566707289,1004.3966
1549566707328,1004.3966
1549566707365,1004.3974
1549566707404,1004.3974
1549566707443,1004.3974
1549566707481,1004.4226
1549566707520,1004.4226
1549566707557,1004.4226
1549566707596,1004.4226
1549566707636,1004.42847
1549566707674,1004.42847
1549566707712,1004.42847
1549566707751,1004.42847
1549566707788,1004.42676
1549566707828,1004.42676
1549566707866,1004.42676
1549566707904,1004.4318
1549566707945,1004.4318
1549566707981,1004.4318
1549566708019,1004.4318
1549566708057,1004.43854
1549566708095,1004.43854
1549566708135,1004.43854
1549566708173,1004.45197
1549566708212,1004.45197
1549566708251,1004.45197
1549566708291,1004.45197
1549566708327,1004.45483
1549566708366,1004.45483
1549566708407,1004.45483
1549566708442,1004.45483
1549566708481,1004.47327
1549566708520,1004.47327
1549566708557,1004.47327
1549566708596,1004.49677
1549566708638,1004.49677
1549566708675,1004.49677
1549566708711,1004.49677
1549566708750,1004.51776
1549566708788,1004.51776
1549566708836,1004.51776
1549566708867,1004.51776
1549566708904,1004.54376
1549566708943,1004.54376
1549566708981,1004.54376
1549566709019,1004.56396
1549566709057,1004.56396
1549566709095,1004.56396
1549566709134,1004.56396
1549566709173,1004.5908
1549566709211,1004.5908
1549566709250,1004.5908
1549566709289,1004.5908
1549566709327,1004.6227
1549566709366,1004.6227
1549566709404,1004.6227
1549566709441,1004.6487
1549566709481,1004.6487
1549566709519,1004.6487
1549566709556,1004.6487
1549566709595,1004.67896
1549566709636,1004.67896
1549566709673,1004.67896
1549566709712,1004.67896
1549566709751,1004.7041
1549566709789,1004.7041
1549566709827,1004.7041
1549566709864,1004.73267
1549566709904,1004.73267
1549566709942,1004.73267
1549566709980,1004.73267
1549566710018,1004.7671
1549566710056,1004.7671
1549566710096,1004.7671
1549566710134,1004.7671
1549566710173,1004.79614
1549566710211,1004.79614
1549566710250,1004.79614
1549566710288,1004.8247
1549566710328,1004.8247
1549566710365,1004.8247
1549566710406,1004.8247
1549566710442,1004.8482
1549566710480,1004.8482
1549566710519,1004.8482
1549566710556,1004.8482
1549566710595,1004.8734
1549566710636,1004.8734
1549566710672,1004.8734
1549566710711,1004.90027
1549566710751,1004.90027
1549566710788,1004.90027
1549566710826,1004.90027
1549566710865,1004.9221
1549566710903,1004.9221
1549566710942,1004.9221
1549566710980,1004.9456
1549566711019,1004.9456
1549566711058,1004.9456
1549566711094,1004.9456
1549566711133,1004.9901
1549566711173,1004.9901
1549566711211,1004.9901
1549566711249,1004.9901
1549566711288,1005.0195
1549566711325,1005.0195
1549566711364,1005.0195
1549566711406,1005.0564
1549566711441,1005.0564
1549566711479,1005.0564
1549566711518,1005.0564
1549566711557,1005.0867
1549566711594,1005.0867
1549566711634,1005.0867
1549566711673,1005.0867
1549566711711,1005.1135
1549566711749,1005.1135
1549566711787,1005.1135
1549566711827,1005.1564
1549566711864,1005.1564
1549566711904,1005.1564
1549566711942,1005.1564
1549566711980,1005.18994
1549566712020,1005.18994
1549566712056,1005.18994
1549566712094,1005.18994
1549566712136,1005.2252
1549566712171,1005.2252
1549566712211,1005.2252
1549566712250,1005.26215
1549566712288,1005.26215
1549566712327,1005.26215
1549566712367,1005.26215
1549566712403,1005.2949
1549566712441,1005.2949
1549566712479,1005.2949
1549566712519,1005.2949
1549566712556,1005.3324
1549566712595,1005.3324
1549566712634,1005.3324
1549566712672,1005.3668
1549566712710,1005.3668
1549566712749,1005.3668
1549566712788,1005.3668
1549566712826,1005.39197
1549566712865,1005.39197
1549566712904,1005.39197
1549566712942,1005.39197
1549566712980,1005.42053
1549566713018,1005.42053
1549566713055,1005.42053
1549566713094,1005.4499
1549566713133,1005.4499
1549566713171,1005.4499
1549566713210,1005.4499
1549566713249,1005.4818
1549566713287,1005.4818
1549566713326,1005.4818
1549566713366,1005.4818
1549566713406,1005.5129
1549566713440,1005.5129
1549566713479,1005.5129
1549566713519,1005.5364
1549566713556,1005.5364
1549566713594,1005.5364
1549566713635,1005.5364
1549566713672,1005.56323
1549566713710,1005.56323
1549566713749,1005.56323
1549566713788,1005.6007
1549566713826,1005.6007
1549566713865,1005.6007
1549566713903,1005.6007
1549566713941,1005.62036
1549566713982,1005.62036
1549566714020,1005.62036
1549566714057,1005.62036
1549566714094,1005.6472
1549566714133,1005.6472
1549566714172,1005.6472
1549566714210,1005.678
1549566714249,1005.678
1549566714287,1005.678
1549566714327,1005.678
1549566714364,1005.6998
1549566714403,1005.6998
1549566714441,1005.6998
1549566714480,1005.6998
1549566714518,1005.7309
1549566714556,1005.7309
1549566714594,1005.7309
1549566714634,1005.76196
1549566714672,1005.76196
1549566714710,1005.76196
1549566714749,1005.76196
1549566714787,1005.7905
1549566714826,1005.7905
1549566714864,1005.7905
1549566714903,1005.7905
1549566714941,1005.81793
1549566714981,1005.81793
1549566715018,1005.81793
1549566715056,1005.84314
1549566715094,1005.84314
1549566715143,1005.84314
1549566715172,1005.84314
1549566715210,1005.88257
1549566715251,1005.88257
1549566715288,1005.88257
1549566715325,1005.88257
1549566715364,1005.9066
1549566715402,1005.9066
1549566715441,1005.9066
1549566715479,1005.9394
1549566715518,1005.9394
1549566715555,1005.9394
1549566715594,1005.9394
1549566715633,1005.9629
1549566715672,1005.9629
1549566715711,1005.9629
1549566715749,1005.9629
1549566715787,1005.99316
1549566715825,1005.99316
1549566715864,1005.99316
1549566715901,1006.0108
1549566715941,1006.0108
1549566715979,1006.0108
1549566716019,1006.0108
1549566716057,1006.036
1549566716093,1006.036
1549566716133,1006.036
1549566716172,1006.036
1549566716210,1006.05444
1549566716249,1006.05444
1549566716286,1006.05444
1549566716330,1006.0847
1549566716364,1006.0847
1549566716402,1006.0847
1549566716440,1006.0847
1549566716478,1006.1104
1549566716517,1006.1104
1549566716556,1006.1104
1549566716594,1006.13727
1549566716634,1006.13727
1549566716671,1006.13727
1549566716710,1006.13727
1549566716748,1006.16077
1549566716786,1006.16077
1549566716826,1006.16077
1549566716864,1006.16077
1549566716903,1006.1843
1549566716940,1006.1843
1549566716980,1006.1843
1549566717018,1006.22125
1549566717056,1006.22125
1549566717093,1006.22125
1549566717133,1006.22125
1549566717170,1006.2464
1549566717209,1006.2464
1549566717249,1006.2464
1549566717287,1006.2464
1549566717325,1006.2809
1549566717364,1006.2809
1549566717402,1006.2809
1549566717440,1006.2985
1549566717478,1006.2985
1549566717517,1006.2985
1549566717554,1006.2985
1549566717594,1006.3419
1549566717633,1006.3419
1549566717671,1006.3419
1549566717709,1006.3419
1549566717748,1006.3693
1549566717787,1006.3693
1549566717825,1006.3693
1549566717863,1006.39874
1549566717905,1006.39874
1549566717939,1006.39874
1549566717978,1006.39874
1549566718016,1006.41974
1549566718058,1006.41974
1549566718093,1006.41974
1549566718133,1006.41974
1549566718172,1006.45557
1549566718211,1006.45557
1549566718250,1006.45557
1549566718287,1006.48047
1549566718326,1006.48047
1549566718365,1006.48047
1549566718407,1006.48047
1549566718444,1006.5099
1549566718479,1006.5099
1549566718520,1006.5099
1549566718554,1006.5099
1549566718593,1006.5326
1549566718636,1006.5326
1549566718670,1006.5326
1549566718710,1006.56165
1549566718748,1006.56165
1549566718787,1006.56165
1549566718827,1006.56165
1549566718865,1006.58514
1549566718902,1006.58514
1549566718941,1006.58514
1549566718979,1006.58514
1549566719018,1006.6137
1549566719057,1006.6137
1549566719098,1006.6137
1549566719131,1006.6473
1549566719170,1006.6473
1549566719211,1006.6473
1549566719247,1006.6473
1549566719287,1006.6893
1549566719325,1006.6893
1549566719363,1006.6893
1549566719402,1006.6389
1549566719444,1006.6389
1549566719483,1006.6389
1549566719519,1006.6389
1549566719554,1006.6422
1549566719592,1006.6422
1549566719633,1006.6422
1549566719670,1006.6422
1549566719710,1006.6842
1549566719748,1006.6842
1549566719787,1006.6842
1549566719827,1006.7425
1549566719862,1006.7425
1549566719902,1006.7425
1549566719941,1006.7425
1549566719979,1006.7383
1549566720017,1006.7383
1549566720054,1006.7383
1549566720093,1006.7383
1549566720131,1006.69543
1549566720170,1006.69543
1549566720209,1006.69543
1549566720248,1006.65625
1549566720286,1006.65625
1549566720326,1006.65625
1549566720362,1006.65625
1549566720401,1006.6772
1549566720439,1006.6772
1549566720480,1006.6772
1549566720517,1006.6772
1549566720554,1006.7007
1549566720592,1006.7007
1549566720631,1006.7007
1549566720671,1006.7195
1549566720710,1006.7195
1549566720751,1006.7195
1549566720787,1006.7195
1549566720826,1006.73206
1549566720864,1006.73206
1549566720901,1006.73206
1549566720941,1006.73206
1549566720979,1006.755
1549566721016,1006.755
1549566721055,1006.755
1549566721092,1006.7743
1549566721132,1006.7743
1549566721168,1006.7743
