1549567006792,1008.9877
1549567006829,1008.9877
1549567006868,1008.9877
1549567006906,1008.98663
1549567006945,1008.98663
1549567006983,1008.98663
1549567007022,1008.98663
1549567007061,1008.98706
1549567007099,1008.98706
1549567007137,1008.98706
1549567007178,1008.9687
1549567007214,1008.985
1549567007252,1008.985
1549567007291,1008.985
1549567007331,1008.98065
1549567007369,1008.98065
1549567007407,1008.98065
1549567007445,1008.98065
1549567007484,1008.97626
1549567007522,1008.97626
1549567007562,1008.97626
1549567007600,1008.9753
1549567007638,1008.9753
1549567007678,1008.9753
1549567007716,1008.9753
1549567007754,1008.97424
1549567007792,1008.97424
1549567007832,1008.97424
1549567007868,1008.97424
1549567007906,1008.97156
1549567007944,1008.97156
1549567007984,1008.97156
1549567008023,1009.0224
1549567008062,1009.0224
1549567008099,1009.0224
1549567008140,1009.0224
1549567008177,1009.2944
1549567008217,1009.2944
1549567008254,1009.2944
1549567008292,1009.2944
1549567008331,1009.26733
1549567008371,1009.26733
1549567008407,1009.26733
1549567008445,1009.03937
1549567008485,1009.03937
1549567008522,1009.03937
1549567008560,1009.03937
1549567008602,1009.0049
1549567008640,1009.0049
1549567008678,1009.0049
1549567008714,1009.0049
1549567008752,1009.00165
1549567008794,1009.00165
1549567008830,1009.00165
1549567008870,1008.9972
1549567008906,1008.9972
1549567008944,1008.9972
1549567008985,1008.9972
1549567009022,1008.99695
1549567009060,1008.99695
1549567009099,1008.99695
1549567009137,1008.99695
1549567009176,1008.9995
1549567009214,1008.9995
1549567009253,1008.9995
1549567009291,1009.04114
1549567009330,1009.04114
1549567009369,1009.04114
1549567009406,1009.04114
1549567009445,1009.10626
1549567009484,1009.10626
1549567009523,1009.10626
1549567009561,1009.10626
1549567009601,1009.00085
1549567009639,1009.00085
1549567009677,1009.00085
1549567009715,1009.0174
1549567009754,1009.0174
1549567009792,1009.0174
1549567009831,1009.0174
1549567009868,1009.04395
1549567009909,1009.04395
1549567009946,1009.04395
1549567009986,1009.06165
1549567010022,1009.06165
1549567010062,1009.06165
1549567010100,1009.06165
1549567010140,1009.0739
1549567010177,1009.0739
1549567010217,1009.0739
1549567010256,1009.0739
1549567010292,1009.074
1549567010330,1009.074
1549567010368,1009.074
1549567010414,1009.0687
1549567010444,1009.0687
1549567010484,1009.0687
1549567010523,1009.0687
1549567010563,1009.0777
1549567010599,1009.0777
1549567010639,1009.0777
1549567010677,1009.0777
1549567010714,1009.0817
1549567010753,1009.0817
1549567010792,1009.0817
1549567010832,1009.074
1549567010869,1009.074
1549567010906,1009.074
1549567010945,1009.074
1549567010983,1009.05725
1549567011022,1009.05725
1549567011062,1009.05725
1549567011099,1009.05725
1549567011139,1009.0663
1549567011176,1009.0663
1549567011216,1009.0663
1549567011253,1009.0552
1549567011292,1009.0552
1549567011331,1009.0552
1549567011369,1009.0552
1549567011406,1009.04517
1549567011445,1009.04517
1549567011484,1009.04517
1549567011522,1009.04517
1549567011561,1009.045
1549567011600,1009.045
1549567011638,1009.045
1549567011676,1009.03046
1549567011715,1009.03046
1549567011754,1009.03046
1549567011792,1009.03046
1549567011830,1009.0272
1549567011868,1009.0272
1549567011905,1009.0272
1549567011944,1009.0272
1549567011986,1009.0186
1549567012021,1009.0186
1549567012061,1009.0186
1549567012101,1009.02515
1549567012139,1009.02515
1549567012177,1009.02515
1549567012214,1009.02515
1549567012253,1009.0327
1549567012293,1009.0327
1549567012330,1009.0327
1549567012370,1009.0299
1549567012408,1009.0299
1549567012444,1009.0299
1549567012484,1009.0299
1549567012524,1009.0267
1549567012562,1009.0267
1549567012600,1009.0267
1549567012638,1009.0267
1549567012677,1009.0172
1549567012715,1009.0172
1549567012757,1009.0172
1549567012794,1009.01306
1549567012831,1009.01306
1549567012869,1009.01306
1549567012908,1009.01306
1549567012944,1009.01025
1549567012988,1009.01025
1549567013023,1009.01025
1549567013062,1009.01025
1549567013099,1009.0128
1549567013140,1009.0128
1549567013176,1009.0128
1549567013215,1009.0154
1549567013253,1009.0154
1549567013290,1009.0154
1549567013331,1009.0154
1549567013369,1009.0202
1549567013406,1009.0202
1549567013447,1009.0202
1549567013487,1009.0202
1549567013522,1009.01184
1549567013561,1009.01184
1549567013599,1009.01184
1549567013637,1009.0073
1549567013678,1009.0073
1549567013715,1009.0073
1549567013755,1009.0073
1549567013794,1009.0066
1549567013830,1009.0066
1549567013868,1009.0066
1549567013905,1009.0066
1549567013944,1009.0032
1549567013983,1009.0032
1549567014025,1009.0032
1549567014060,1009.00073
1549567014099,1009.00073
1549567014138,1009.00073
1549567014175,1009.00073
1549567014215,1009.00635
1549567014254,1009.00635
1549567014291,1009.00635
1549567014333,1009.00635
1549567014369,1009.0089
1549567014408,1009.0089
1549567014444,1009.0089
1549567014483,1009.0115
1549567014522,1009.0115
1549567014562,1009.0115
1549567014599,1009.0115
1549567014638,1009.0065
1549567014676,1009.0065
1549567014716,1009.0065
1549567014752,1009.0065
1549567014791,1009.00476
1549567014830,1009.00476
1549567014868,1009.00476
1549567014906,1009.0031
1549567014943,1009.0031
1549567014983,1009.0031
1549567015026,1009.0031
1549567015060,1009.00977
1549567015098,1009.00977
1549567015137,1009.00977
1549567015176,1009.01483
1549567015213,1009.01483
1549567015279,1009.01483
1549567015289,1009.01483
1549567015328,1009.02734
1549567015368,1009.02734
1549567015408,1009.02734
1549567015444,1009.02734
1549567015484,1009.04663
1549567015522,1009.04663
1549567015560,1009.04663
1549567015599,1009.0416
1549567015637,1009.0416
1549567015676,1009.0416
1549567015714,1009.0416
1549567015752,1009.04663
1549567015792,1009.04663
1549567015829,1009.04663
1549567015868,1009.04663
1549567015906,1009.06085
1549567015943,1009.06085
1549567015984,1009.06085
1549567016021,1009.06006
1549567016060,1009.06006
1549567016098,1009.06006
1549567016139,1009.06006
1549567016175,1009.0617
1549567016214,1009.0617
1549567016254,1009.0617
1549567016290,1009.0617
1549567016328,1009.06006
1549567016367,1009.06006
1549567016405,1009.06006
1549567016443,1009.0617
1549567016483,1009.0617
1549567016521,1009.0617
1549567016560,1009.0617
1549567016598,1009.05164
1549567016636,1009.05164
1549567016675,1009.05164
1549567016713,1009.05164
1549567016753,1009.05505
1549567016790,1009.05505
1549567016829,1009.05505
1549567016866,1009.0673
1549567016904,1009.0673
1549567016943,1009.0673
1549567016986,1009.0673
1549567017021,1009.06226
1549567017060,1009.06226
1549567017100,1009.06226
1549567017138,1009.06226
1549567017176,1009.0606
1549567017213,1009.0606
1549567017252,1009.0606
1549567017291,1009.05725
1549567017328,1009.05725
1549567017369,1009.05725
1549567017405,1009.05725
1549567017444,1009.05646
1549567017484,1009.05646
1549567017521,1009.05646
1549567017560,1009.0556
1549567017599,1009.0556
1549567017637,1009.0556
1549567017674,1009.0556
1549567017714,1009.05725
1549567017752,1009.05725
1549567017791,1009.05725
1549567017829,1009.05725
1549567017867,1009.0567
1549567017905,1009.0567
1549567017943,1009.0567
1549567017981,1009.05725
1549567018023,1009.05725
1549567018060,1009.05725
1549567018099,1009.05725
1549567018137,1009.05896
1549567018175,1009.05896
1549567018213,1009.05896
1549567018252,1009.05896
1549567018290,1009.0556
1549567018328,1009.0556
1549567018368,1009.0556
1549567018407,1009.05646
1549567018443,1009.05646
1549567018484,1009.05646
1549567018520,1009.05646
1549567018560,1009.05817
1549567018599,1009.05817
1549567018635,1009.05817
1549567018675,1009.05817
1549567018714,1009.0665
1549567018752,1009.0665
1549567018789,1009.0665
1549567018827,1009.07153
1549567018866,1009.07153
1549567018905,1009.07153
1549567018942,1009.07153
1549567018984,1009.07043
1549567019021,1009.07043
1549567019058,1009.07043
1549567019098,1009.07043
1549567019137,1009.0654
1549567019174,1009.0654
1549567019212,1009.0654
1549567019252,1009.0637
1549567019290,1009.0637
1549567019329,1009.0637
1549567019367,1009.0637
1549567019404,1009.0613
1549567019442,1009.0613
1549567019483,1009.0613
1549567019521,1009.0613
1549567019559,1009.06885
1549567019598,1009.06885
1549567019636,1009.06885
1549567019674,1009.0454
1549567019712,1009.0454
1549567019752,1009.0454
1549567019790,1009.0454
1549567019828,1009.0454
1549567019867,1009.0454
1549567019904,1009.0454
1549567019943,1009.0544
1549567019986,1009.0544
1549567020020,1009.0544
1549567020057,1009.0544
1549567020096,1009.0527
1549567020135,1009.0527
1549567020177,1009.0527
1549567020216,1009.0527
1549567020252,1009.0536
1549567020290,1009.0536
1549567020328,1009.0536
1549567020366,1009.05524
1549567020404,1009.05524
1549567020442,1009.05524
1549567020484,1009.05524
1549567020521,1009.05414
1549567020560,1009.05414
1549567020598,1009.05414
1549567020635,1009.05414
1549567020675,1009.0617
1549567020712,1009.0617
1549567020751,1009.0617
1549567020789,1009.0559
1549567020828,1009.0559
1549567020866,1009.0559
1549567020905,1009.0559
1549567020942,1009.05646
1549567020982,1009.05646
1549567021033,1009.05646
1549567021059,1009.05646
1549567021097,1009.05237
1549567021136,1009.05237
1549567021175,1009.05237
1549567021213,1009.0423
1549567021250,1009.0423
1549567021289,1009.0423
1549567021327,1009.0423
1549567021367,1009.0255
1549567021404,1009.0255
1549567021442,1009.0255
1549567021495,1009.0255
1549567021521,1009.03033
1549567021558,1009.03033
1549567021597,1009.03033
1549567021637,1009.03625
1549567021673,1009.03625
1549567021713,1009.03625
1549567021751,1009.03625
1549567021790,1009.03516
1549567021828,1009.03516
1549567021866,1009.03516
1549567021904,1009.03516
1549567021941,1009.0279
1549567021981,1009.0279
1549567022021,1009.0279
1549567022059,1009.02673
1549567022097,1009.02673
1549567022136,1009.02673
1549567022175,1009.02673
1549567022212,1009.03516
1549567022250,1009.03516
1549567022289,1009.03516
1549567022327,1009.0368
1549567022366,1009.0368
1549567022404,1009.0368
1549567022442,1009.0368
1549567022481,1009.0433
1549567022527,1009.0433
1549567022558,1009.0433
1549567022596,1009.0433
1549567022635,1009.05255
1549567022673,1009.05255
1549567022713,1009.05255
1549567022750,1009.05255
1549567022790,1009.05255
1549567022828,1009.05255
1549567022866,1009.05255
1549567022904,1009.0602
1549567022942,1009.0602
1549567022980,1009.0602
1549567023020,1009.0602
1549567023058,1009.0635
1549567023100,1009.0635
1549567023136,1009.0635
1549567023174,1009.0641
1549567023212,1009.0641
1549567023250,1009.0641
1549567023289,1009.0641
1549567023327,1009.0574
1549567023366,1009.0574
1549567023403,1009.0574
1549567023441,1009.0574
1549567023480,1009.0482
1549567023518,1009.0482
1549567023558,1009.0482
1549567023596,1009.0541
1549567023636,1009.0541
1549567023675,1009.0541
1549567023712,1009.0541
1549567023751,1009.05914
1549567023790,1009.05914
1549567023829,1009.05914
1549567023865,1009.05914
1549567023904,1009.0575
1549567023942,1009.0575
1549567023982,1009.0575
1549567024019,1009.05804
1549567024057,1009.05804
1549567024096,1009.05804
1549567024136,1009.05804
1549567024174,1009.048
1549567024211,1009.048
1549567024251,1009.048
1549567024290,1009.048
1549567024327,1009.04553
1549567024366,1009.04553
1549567024403,1009.04553
1549567024441,1009.0488
1549567024480,1009.0488
1549567024519,1009.0488
1549567024558,1009.0488
1549567024597,1009.0682
1549567024635,1009.0682
1549567024674,1009.0682
1549567024712,1009.0682
1549567024751,1009.07745
1549567024788,1009.07745
1549567024827,1009.07745
1549567024866,1009.07166
1549567024903,1009.07166
1549567024941,1009.07166
1549567024980,1009.07166
1549567025019,1009.0616
1549567025056,1009.0616
1549567025096,1009.0616
1549567025136,1009.0605
1549567025173,1009.0605
1549567025214,1009.0605
1549567025251,1009.0605
1549567025290,1009.06805
1549567025328,1009.06805
1549567025368,1009.06805
1549567025406,1009.06805
1549567025441,1009.0714
1549567025480,1009.0714
1549567025524,1009.0714
1549567025556,1009.0647
1549567025595,1009.0647
1549567025633,1009.0647
1549567025671,1009.0647
1549567025710,1009.0569
1549567025748,1009.0569
1549567025788,1009.0569
1549567025826,1009.0569
1549567025864,1009.0485
1549567025904,1009.0485
1549567025941,1009.0485
1549567025979,1009.0561
1549567026018,1009.0561
1549567026056,1009.0561
1549567026096,1009.0561
1549567026134,1009.04944
1549567026173,1009.04944
1549567026213,1009.04944
1549567026250,1009.04944
1549567026288,1009.05444
1549567026326,1009.05444
1549567026367,1009.05444
1549567026403,1009.0553
1549567026441,1009.0553
1549567026479,1009.0553
1549567026519,1009.0553
1549567026559,1009.0609
1549567026595,1009.0609
1549567026634,1009.0609
1549567026672,1009.0609
1549567026711,1009.05084
1549567026749,1009.05084
1549567026788,1009.05084
1549567026826,1009.0352
1549567026866,1009.0352
1549567026903,1009.0352
1549567026941,1009.0352
1549567026979,1009.03186
1549567027022,1009.03186
1549567027057,1009.03186
1549567027095,1009.03186
1549567027135,1009.0402
1549567027173,1009.0402
1549567027212,1009.0402
1549567027249,1009.04193
1549567027287,1009.04193
1549567027328,1009.04193
1549567027364,1009.04193
1549567027402,1009.03186
1549567027440,1009.03186
1549567027480,1009.03186
1549567027518,1009.02905
1549567027557,1009.02905
1549567027595,1009.02905
1549567027634,1009.02905
1549567027672,1009.0274
1549567027710,1009.0274
1549567027749,1009.0274
1549567027789,1009.0274
1549567027825,1009.0333
1549567027863,1009.0333
1549567027902,1009.0333
1549567027940,1009.0333
1549567027979,1009.0333
1549567028018,1009.0333
1549567028057,1009.0333
1549567028095,1009.02905
1549567028134,1009.02905
1549567028172,1009.02905
1549567028211,1009.02905
1549567028249,1009.02405
1549567028287,1009.02405
1549567028329,1009.02405
1549567028364,1009.03076
1549567028403,1009.03076
1549567028441,1009.03076
1549567028479,1009.03076
1549567028519,1009.03076
1549567028556,1009.03076
1549567028594,1009.03076
1549567028633,1009.03076
1549567028673,1009.02686
1549567028711,1009.02686
1549567028751,1009.02686
1549567028788,1009.02094
1549567028826,1009.02094
1549567028864,1009.02094
1549567028902,1009.02094
1549567028941,1009.0142
1549567028979,1009.0142
1549567029019,1009.0142
1549567029057,1009.0142
1549567029093,1009.00085
1549567029132,1009.00085
1549567029171,1009.00085
1549567029211,1008.99915
1549567029252,1008.99915
1549567029286,1008.99915
1549567029325,1008.99915
1549567029364,1009.0075
1549567029404,1009.0075
1549567029440,1009.0075
1549567029478,1009.0075
1549567029520,1009.0176
1549567029556,1009.0176
1549567029596,1009.0176
1549567029634,1009.0176
1549567029673,1009.0176
1549567029711,1009.0176
1549567029749,1009.0176
1549567029787,1009.0176
1549567029827,1009.0176
1549567029864,1009.0176
1549567029903,1009.0293
1549567029941,1009.0293
1549567029979,1009.0293
1549567030025,1009.0293
1549567030056,1009.0302
1549567030094,1009.0302
1549567030132,1009.0302
1549567030171,1009.0302
1549567030212,1009.0285
1549567030275,1009.0285
1549567030287,1009.0285
1549567030328,1009.0285
1549567030363,1009.0285
1549567030402,1009.0285
1549567030440,1009.0285
1549567030478,1009.0302
1549567030517,1009.0302
1549567030556,1009.0302
1549567030595,1009.0302
1549567030635,1009.03186
1549567030671,1009.03186
1549567030711,1009.03186
1549567030749,1009.0302
1549567030787,1009.0302
1549567030826,1009.0302
1549567030863,1009.0302
1549567030902,1009.03577
1549567030941,1009.03577
1549567030978,1009.03577
1549567031017,1009.03577
1549567031056,1009.0302
1549567031094,1009.0302
1549567031135,1009.0302
1549567031171,1009.0302
1549567031211,1009.0302
1549567031249,1009.0302
1549567031288,1009.0302
1549567031325,1009.03076
1549567031365,1009.03076
1549567031402,1009.03076
1549567031440,1009.03076
1549567031478,1009.02997
1549567031518,1009.02997
1549567031555,1009.02997
1549567031593,1009.02997
1549567031635,1009.02997
1549567031671,1009.02997
1549567031710,1009.02997
1549567031747,1009.0316
1549567031787,1009.0316
1549567031825,1009.0316
1549567031864,1009.0316
1549567031904,1009.0305
1549567031940,1009.0305
1549567031978,1009.0305
1549567032017,1009.0348
1549567032056,1009.0348
1549567032094,1009.0348
1549567032133,1009.0348
1549567032171,1009.034
1549567032210,1009.034
1549567032249,1009.034
1549567032287,1009.034
1549567032325,1009.0273
1549567032364,1009.0273
1549567032403,1009.0273
1549567032440,1009.0312
1549567032478,1009.0312
1549567032518,1009.0312
1549567032556,1009.0312
1549567032594,1009.03375
1549567032633,1009.03375
1549567032671,1009.03375
1549567032710,1009.03467
1549567032748,1009.03467
1549567032787,1009.03467
1549567032825,1009.03467
1549567032864,1009.0352
1549567032902,1009.0352
1549567032941,1009.0352
1549567032978,1009.0352
1549567033024,1009.0394
1549567033056,1009.0394
1549567033095,1009.0394
1549567033134,1009.0316
1549567033171,1009.0316
1549567033210,1009.0316
1549567033249,1009.0316
1549567033286,1009.0308
1549567033325,1009.0308
1549567033364,1009.0308
1549567033402,1009.0308
1549567033440,1009.04517
1549567033477,1009.04517
1549567033518,1009.04517
1549567033555,1009.0499
1549567033600,1009.0499
1549567033632,1009.0499
1549567033671,1009.0499
1549567033710,1009.04047
1549567033749,1009.04047
1549567033786,1009.04047
1549567033826,1009.04047
1549567033863,1009.0371
1549567033902,1009.0371
1549567033940,1009.0371
1549567033977,1009.03125
1549567034017,1009.03125
1549567034056,1009.03125
1549567034093,1009.03125
1549567034133,1009.0238
1549567034171,1009.0238
1549567034210,1009.0238
1549567034248,1009.0238
1549567034288,1009.0227
1549567034325,1009.0227
1549567034363,1009.0227
1549567034401,1009.0269
1549567034439,1009.0269
1549567034478,1009.0269
1549567034518,1009.0269
1549567034555,1009.0258
1549567034594,1009.0258
1549567034633,1009.0258
1549567034671,1009.0258
1549567034713,1009.025
1549567034749,1009.025
1549567034787,1009.025
1549567034825,1009.0248
1549567034865,1009.0248
1549567034903,1009.0248
1549567034938,1009.0248
1549567034977,1009.0249
1549567035020,1009.0249
1549567035055,1009.0249
1549567035094,1009.0221
1549567035133,1009.0221
1549567035172,1009.0221
1549567035210,1009.0221
1549567035249,1009.02185
1549567035286,1009.02185
1549567035326,1009.02185
1549567035363,1009.02185
1549567035404,1009.01855
1549567035438,1009.01855
1549567035477,1009.01855
1549567035522,1009.01776
1549567035556,1009.01776
1549567035594,1009.01776
1549567035635,1009.01776
1549567035671,1009.022
1549567035710,1009.022
1549567035749,1009.022
1549567035787,1009.022
1549567035825,1009.027
1549567035864,1009.027
1549567035905,1009.027
1549567035940,1009.03595
1549567035977,1009.03595
1549567036020,1009.03595
1549567036057,1009.03595
1549567036094,1009.0443
1549567036134,1009.0443
1549567036171,1009.0443
1549567036211,1009.0443
1549567036250,1009.0493
1549567036287,1009.0493
1549567036326,1009.0493
1549567036363,1009.0419
1549567036403,1009.0419
1549567036438,1009.0419
1549567036477,1009.0419
1549567036518,1009.03015
1549567036555,1009.03015
1549567036598,1009.03015
1549567036633,1009.03015
1549567036671,1009.01843
1549567036709,1009.01843
1549567036748,1009.01843
1549567036786,1009.0268
1549567036825,1009.0268
1549567036863,1009.0268
1549567036902,1009.0268
1549567036938,1009.03015
1549567036978,1009.03015
1549567037019,1009.03015
1549567037055,1009.03015
1549567037094,1009.0424
1549567037132,1009.0424
1549567037171,1009.0424
1549567037211,1009.0525
1549567037250,1009.0525
1549567037286,1009.0525
1549567037325,1009.0525
1549567037363,1009.04913
1549567037401,1009.04913
1549567037438,1009.04913
1549567037477,1009.0508
1549567037522,1009.0508
1549567037556,1009.0508
1549567037595,1009.0508
1549567037651,1009.0508
1549567037673,1009.0508
1549567037707,1009.0508
1549567037749,1009.0508
1549567037785,1009.0486
1549567037824,1009.0486
1549567037862,1009.0486
1549567037903,1009.0486
1549567037939,1009.0486
1549567037986,1009.0486
1549567038015,1009.0486
1549567038055,1009.0519
1549567038091,1009.0519
1549567038141,1009.0519
1549567038174,1009.0519
1549567038210,1009.05774
1549567038247,1009.05774
1549567038286,1009.05774
1549567038326,1009.0594
1549567038364,1009.0594
1549567038403,1009.0594
1549567038439,1009.0594
1549567038477,1009.0555
1549567038521,1009.0555
1549567038559,1009.0555
1549567038601,1009.0555
1549567038633,1009.0555
1549567038672,1009.0555
1549567038709,1009.0555
1549567038748,1009.05884
1549567038786,1009.05884
1549567038825,1009.05884
1549567038861,1009.05884
1549567038902,1009.0529
1549567038938,1009.0529
1549567038976,1009.0529
1549567039020,1009.0529
1549567039056,1009.0513
1549567039093,1009.0513
1549567039130,1009.0513
1549567039170,1009.04535
1549567039208,1009.04535
1549567039246,1009.04535
1549567039286,1009.04535
1549567039327,1009.0381
1549567039363,1009.0381
1549567039402,1009.0381
1549567039438,1009.0381
1549567039476,1009.0364
1549567039519,1009.0364
1549567039554,1009.0364
1549567039596,1009.0372
1549567039632,1009.0372
1549567039671,1009.0372
1549567039709,1009.0372
1549567039749,1009.0389
1549567039784,1009.0389
1549567039824,1009.0389
1549567039863,1009.0389
1549567039901,1009.0405
1549567039938,1009.0405
1549567039978,1009.0405
1549567040018,1009.04224
1549567040055,1009.04224
1549567040096,1009.04224
1549567040131,1009.04224
1549567040171,1009.0383
1549567040208,1009.0383
1549567040248,1009.0383
1549567040285,1009.03906
1549567040325,1009.03906
1549567040364,1009.03906
1549567040401,1009.03906
1549567040437,1009.04913
1549567040476,1009.04913
1549567040518,1009.04913
1549567040555,1009.04913
1549567040593,1009.05164
1549567040632,1009.05164
1549567040668,1009.05164
1549567040709,1009.0443
1549567040746,1009.0443
1549567040785,1009.0443
1549567040822,1009.0443
1549567040864,1009.03674
1549567040902,1009.03674
1549567040938,1009.03674
1549567040977,1009.03674
1549567041021,1009.0401
1549567041055,1009.0401
1549567041093,1009.0401
1549567041134,1009.0342
1549567041172,1009.0342
1549567041209,1009.0342
1549567041248,1009.0342
1549567041288,1009.0359
1549567041323,1009.0359
1549567041362,1009.0359
1549567041401,1009.0359
1549567041439,1009.0269
1549567041475,1009.0269
1549567041516,1009.0269
1549567041553,1009.03107
1549567041593,1009.03107
1549567041632,1009.03107
1549567041669,1009.03107
1549567041708,1009.0338
1549567041746,1009.0338
1549567041787,1009.0338
1549567041825,1009.0338
1549567041863,1009.03125
1549567041902,1009.03125
1549567041937,1009.03125
1549567041975,1009.0296
1549567042024,1009.0296
1549567042055,1009.0296
1549567042093,1009.0296
1549567042131,1009.02704
1549567042169,1009.02704
1549567042208,1009.02704
1549567042246,1009.02704
1549567042286,1009.0304
1549567042324,1009.0304
1549567042362,1009.0304
1549567042400,1009.0239
1549567042438,1009.0239
1549567042476,1009.0239
1549567042516,1009.0239
1549567042556,1009.0239
1549567042592,1009.0239
1549567042631,1009.0239
1549567042669,1009.0233
1549567042711,1009.0233
1549567042747,1009.0233
1549567042786,1009.0233
1549567042824,1009.02673
1549567042864,1009.02673
1549567042902,1009.02673
1549567042938,1009.02673
1549567042976,1009.0242
1549567043014,1009.0242
1549567043053,1009.0242
1549567043096,1009.0258
1549567043132,1009.0258
1549567043169,1009.0258
1549567043209,1009.0258
1549567043246,1009.0292
1549567043286,1009.0292
1549567043324,1009.0292
1549567043363,1009.0292
1549567043400,1009.0249
1549567043440,1009.0249
1549567043476,1009.0249
1549567043515,1009.01935
1549567043557,1009.01935
1549567043591,1009.01935
1549567043630,1009.01935
1549567043669,1009.01514
1549567043707,1009.01514
1549567043746,1009.01514
1549567043787,1009.01514
1549567043824,1009.01117
1549567043862,1009.01117
1549567043901,1009.01117
1549567043940,1009.01117
1549567043975,1009.01117
1549567044022,1009.01117
1549567044054,1009.01117
1549567044093,1009.0137
1549567044133,1009.0137
1549567044169,1009.0137
1549567044209,1009.0137
1549567044246,1009.0111
1549567044285,1009.0111
1549567044324,1009.0111
1549567044364,1009.0195
1549567044401,1009.0195
1549567044440,1009.0195
1549567044476,1009.0195
1549567044522,1009.0178
1549567044553,1009.0178
1549567044591,1009.0178
1549567044632,1009.0178
1549567044670,1009.0228
1549567044709,1009.0228
1549567044749,1009.0228
1549567044785,1009.02057
1549567044824,1009.02057
1549567044861,1009.02057
1549567044900,1009.02057
1549567044944,1009.0231
1549567044975,1009.0231
1549567045020,1009.0231
1549567045052,1009.01636
1549567045096,1009.0121
1549567045128,1009.0121
1549567045167,1009.0121
1549567045205,1009.0121
1549567045243,1009.0121
1549567045282,1009.0121
1549567045321,1009.0121
1549567045360,1009.009
1549567045398,1009.009
1549567045436,1009.009
1549567045474,1009.0067
1549567045513,1009.0067
1549567045551,1009.0067
1549567045590,1009.0067
1549567045628,1009.0084
1549567045669,1009.0084
1549567045704,1009.0084
1549567045743,1009.0084
1549567045782,1009.0092
1549567045821,1009.0092
1549567045863,1009.0092
1549567045897,1009.01166
1549567045936,1009.01166
1549567045975,1009.01166
1549567046016,1009.01166
1549567046060,1009.0178
1549567046089,1009.0178
1549567046128,1009.0178
1549567046169,1009.0178
1549567046206,1009.0217
1549567046245,1009.0217
1549567046286,1009.0217
1549567046321,1009.0234
1549567046360,1009.0234
1549567046402,1009.0234
1549567046436,1009.0234
1549567046475,1009.03345
1549567046514,1009.03345
1549567046552,1009.03345
1549567046610,1009.03345
1549567046630,1009.03845
1549567046668,1009.03845
1549567046706,1009.03845
1549567046744,1009.02783
1549567046785,1009.02783
1549567046826,1009.02783
1549567046860,1009.02783
1549567046900,1009.0262
1549567046936,1009.0262
1549567046973,1009.0262
1549567047014,1009.0262
1549567047051,1009.0312
1549567047091,1009.0312
1549567047128,1009.0312
1549567047167,1009.02844
1549567047206,1009.02844
1549567047244,1009.02844
1549567047283,1009.02844
1549567047321,1009.0351
1549567047359,1009.0351
1549567047399,1009.0351
1549567047436,1009.0351
1549567047474,1009.03265
1549567047514,1009.03265
1549567047552,1009.03265
1549567047591,1009.0343
1549567047629,1009.0343
1549567047667,1009.0343
1549567047719,1009.0343
1549567047743,1009.036
1549567047781,1009.036
1549567047821,1009.036
1549567047861,1009.03687
1549567047900,1009.03687
1549567047942,1009.03687
1549567047983,1009.03687
1549567048013,1009.0375
1549567048050,1009.0375
1549567048089,1009.0375
1549567048130,1009.0375
1549567048167,1009.04004
1549567048206,1009.04004
1549567048242,1009.04004
1549567048281,1009.0316
1549567048319,1009.0316
1549567048358,1009.0316
1549567048397,1009.0316
1549567048436,1009.0333
1549567048474,1009.0333
1549567048513,1009.0333
1549567048551,1009.0333
1549567048590,1009.03644
1549567048627,1009.03644
1549567048666,1009.03644
1549567048704,1009.02563
1549567048742,1009.02563
1549567048781,1009.02563
1549567048819,1009.02563
1549567048858,1009.0178
1549567048896,1009.0178
1549567048935,1009.0178
1549567048974,1009.0178
1549567049016,1009.0204
1549567049052,1009.0204
1549567049092,1009.0204
1549567049129,1009.01514
1549567049167,1009.01514
1549567049204,1009.01514
1549567049243,1009.01514
1549567049282,1009.0076
1549567049319,1009.0076
1549567049359,1009.0076
1549567049398,1009.0076
1549567049436,1009.00574
1549567049474,1009.00574
1549567049512,1009.00574
1549567049560,1009.00885
1549567049589,1009.00885
1549567049628,1009.00885
1549567049667,1009.00885
1549567049705,1009.01025
1549567049744,1009.01025
1549567049784,1009.01025
1549567049820,1009.01025
1549567049858,1009.01764
1549567049897,1009.01764
1549567049935,1009.01764
1549567049973,1009.0135
1549567050011,1009.0135
1549567050052,1009.0135
1549567050089,1009.0135
1549567050129,1009.0133
1549567050167,1009.0133
1549567050204,1009.0133
1549567050243,1009.01306
1549567050282,1009.01306
1549567050321,1009.01306
1549567050360,1009.01306
1549567050398,1009.0106
1549567050435,1009.0106
1549567050473,1009.0106
1549567050512,1009.0106
1549567050550,1009.0121
1549567050589,1009.0121
1549567050629,1009.0121
1549567050667,1009.0211
1549567050705,1009.0211
1549567050744,1009.0211
1549567050781,1009.0211
1549567050821,1009.0225
1549567050859,1009.0225
1549567050897,1009.0225
1549567050936,1009.0225
1549567050974,1009.0299
1549567051011,1009.0299
1549567051051,1009.0299
1549567051089,1009.033
1549567051128,1009.033
1549567051168,1009.033
1549567051206,1009.033
1549567051243,1009.0294
1549567051281,1009.0294
1549567051321,1009.0294
1549567051360,1009.0294
1549567051397,1009.0178
1549567051435,1009.0178
1549567051473,1009.0178
1549567051512,1009.0142
1549567051551,1009.0142
1549567051590,1009.0142
1549567051629,1009.0142
1549567051667,1009.0233
1549567051705,1009.0233
1549567051743,1009.0233
1549567051782,1009.0233
1549567051821,1009.029
1549567051858,1009.029
1549567051897,1009.029
1549567051936,1009.03375
1549567051973,1009.03375
1549567052012,1009.03375
1549567052051,1009.03375
1549567052090,1009.0285
1549567052128,1009.0285
1549567052167,1009.0285
1549567052207,1009.0285
1549567052244,1009.0283
1549567052284,1009.0283
1549567052320,1009.0283
1549567052358,1009.0348
1549567052397,1009.0348
1549567052435,1009.0348
1549567052474,1009.0348
1549567052516,1009.0421
1549567052552,1009.0421
1549567052590,1009.0421
1549567052627,1009.0421
1549567052666,1009.0495
1549567052705,1009.0495
1549567052743,1009.0495
1549567052783,1009.04846
1549567052820,1009.04846
1549567052860,1009.04846
1549567052897,1009.04846
1549567052934,1009.05414
1549567052973,1009.05414
1549567053012,1009.05414
1549567053050,1009.05396
1549567053090,1009.05396
1549567053127,1009.05396
1549567053167,1009.05396
1549567053204,1009.052
1549567053244,1009.052
1549567053282,1009.052
1549567053320,1009.052
1549567053359,1009.04846
1549567053397,1009.04846
1549567053435,1009.04846
1549567053473,1009.05023
1549567053513,1009.05023
1549567053550,1009.05023
1549567053596,1009.05023
1549567053627,1009.05
1549567053667,1009.05
1549567053703,1009.05
1549567053742,1009.05
1549567053782,1009.05066
1549567053820,1009.05066
1549567053859,1009.05066
1549567053897,1009.0454
1549567053934,1009.0454
1549567053972,1009.0454
1549567054010,1009.0454
1549567054050,1009.03937
1549567054089,1009.03937
1549567054128,1009.03937
1549567054167,1009.03937
1549567054204,1009.01733
1549567054242,1009.01733
1549567054280,1009.01733
1549567054319,1009.01294
1549567054359,1009.01294
1549567054397,1009.01294
1549567054436,1009.01294
1549567054472,1009.00354
1549567054511,1009.00354
1549567054553,1009.00354
1549567054589,1009.00354
1549567054628,1008.995
1549567054666,1008.995
1549567054705,1008.995
1549567054743,1008.9914
1549567054782,1008.9914
1549567054819,1008.9914
1549567054859,1008.9914
1549567054896,1008.9945
1549567054936,1008.9945
1549567054972,1008.9945
1549567055015,1008.9945
1549567055052,1008.99426
1549567055088,1008.99426
1549567055127,1008.99426
1549567055164,1009.01025
1549567055203,1009.01025
1549567055245,1009.01025
1549567055280,1009.01025
1549567055320,1009.026
1549567055358,1009.026
1549567055397,1009.026
1549567055434,1009.01514
1549567055472,1009.01514
1549567055514,1009.01514
1549567055550,1009.01514
1549567055589,1009.0199
1549567055627,1009.0199
1549567055665,1009.0199
1549567055705,1009.0199
1549567055742,1009.01044
1549567055781,1009.01044
1549567055821,1009.01044
1549567055857,1009.0122
1549567055896,1009.0122
1549567055934,1009.0122
1549567055972,1009.0122
1549567056014,1009.00604
1549567056050,1009.00604
1549567056088,1009.00604
1549567056128,1009.00604
1549567056166,1009.00916
1549567056204,1009.00916
1549567056244,1009.00916
1549567056281,1009.005
1549567056321,1009.005
1549567056357,1009.005
1549567056397,1009.005
1549567056433,1009.0065
1549567056472,1009.0065
1549567056515,1009.0065
1549567056549,1009.0065
1549567056589,1009.00793
1549567056627,1009.00793
1549567056666,1009.00793
1549567056705,1009.0038
1549567056742,1009.0038
1549567056782,1009.0038
1549567056818,1009.0038
1549567056857,1008.9929
1549567056896,1008.9929
1549567056935,1008.9929
1549567056971,1008.9929
1549567057010,1008.98846
1549567057050,1008.98846
1549567057088,1008.98846
1549567057126,1008.9899
1549567057166,1008.9899
1549567057203,1008.9899
1549567057243,1008.9899
1549567057280,1008.99
1549567057318,1008.99
1549567057357,1008.99
1549567057396,1008.99
1549567057434,1008.9783
1549567057472,1008.9783
1549567057510,1008.9783
1549567057551,1008.97473
1549567057589,1008.97473
1549567057626,1008.97473
1549567057666,1008.97473
1549567057704,1008.9694
1549567057742,1008.9694
1549567057781,1008.9694
1549567057820,1008.972
1549567057858,1008.972
1549567057899,1008.972
1549567057936,1008.972
1549567057972,1008.9692
1549567058010,1008.9692
1549567058051,1008.9692
1549567058088,1008.9692
1549567058126,1008.96094
1549567058165,1008.96094
1549567058203,1008.96094
1549567058242,1008.96313
1549567058280,1008.96313
1549567058317,1008.96313
1549567058355,1008.96313
1549567058395,1008.9607
1549567058432,1008.9607
1549567058471,1008.9607
1549567058512,1008.9607
1549567058550,1008.9638
1549567058596,1008.9638
1549567058626,1008.9638
1549567058663,1008.95966
1549567058702,1008.95966
1549567058742,1008.95966
1549567058783,1008.95966
1549567058819,1008.95685
1549567058859,1008.95685
1549567058895,1008.95685
1549567058933,1008.95685
1549567058971,1008.9527
1549567059010,1008.9527
1549567059050,1008.9527
1549567059087,1008.9516
1549567059127,1008.9516
1549567059164,1008.9516
1549567059203,1008.9516
1549567059242,1008.9441
1549567059280,1008.9441
1549567059319,1008.9441
1549567059357,1008.9441
1549567059395,1008.94055
1549567059433,1008.94055
1549567059471,1008.94055
1549567059512,1008.928
1549567059550,1008.928
1549567059588,1008.928
1549567059626,1008.928
1549567059665,1008.92725
1549567059703,1008.92725
1549567059741,1008.92725
1549567059781,1008.92725
1549567059820,1008.9261
1549567059857,1008.9261
1549567059894,1008.9261
1549567059933,1008.9225
1549567059972,1008.9225
1549567060010,1008.9225
1549567060049,1008.9225
1549567060092,1008.91833
1549567060126,1008.91833
1549567060165,1008.91833
1549567060202,1008.91833
1549567060241,1008.9293
1549567060280,1008.9293
1549567060319,1008.9293
1549567060356,1008.94324
1549567060397,1008.94324
1549567060434,1008.94324
1549567060471,1008.94324
1549567060509,1008.9559
1549567060548,1008.9559
1549567060588,1008.9559
1549567060627,1008.97156
1549567060665,1008.97156
1549567060704,1008.97156
1549567060741,1008.97156
1549567060779,1008.9791
1549567060818,1008.9791
1549567060865,1008.9791
1549567060896,1008.9791
1549567060933,1008.97833
1549567060971,1008.97833
1549567061010,1008.97833
1549567061049,1008.9817
1549567061087,1008.9817
1549567061126,1008.9817
1549567061164,1008.9817
1549567061203,1008.9915
1549567061241,1008.9915
1549567061280,1008.9915
1549567061318,1008.9915
1549567061356,1008.9837
1549567061395,1008.9837
1549567061433,1008.9837
1549567061471,1008.98376
1549567061509,1008.98376
1549567061549,1008.98376
1549567061588,1008.98376
1549567061627,1008.9869
1549567061664,1008.9869
1549567061704,1008.9869
1549567061741,1008.9869
1549567061779,1008.9874
1549567061819,1008.9874
1549567061857,1008.9874
1549567061899,1008.9816
1549567061936,1008.9816
1549567061972,1008.9816
1549567062009,1008.9816
1549567062049,1008.975
1549567062087,1008.975
1549567062125,1008.975
1549567062164,1008.975
1549567062203,1008.97156
1549567062243,1008.97156
1549567062280,1008.97156
1549567062318,1008.96967
1549567062356,1008.96967
1549567062396,1008.96967
1549567062433,1008.96967
1549567062473,1008.9722
1549567062509,1008.9722
1549567062549,1008.9722
1549567062588,1008.9722
1549567062625,1008.97144
1549567062664,1008.97144
1549567062703,1008.97144
1549567062740,1008.96954
1549567062779,1008.96954
1549567062818,1008.96954
1549567062856,1008.96954
1549567062896,1008.9612
1549567062932,1008.9612
1549567062970,1008.9612
1549567063008,1008.9576
1549567063048,1008.9576
1549567063087,1008.9576
1549567063125,1008.9576
1549567063165,1008.96515
1549567063206,1008.96515
1549567063240,1008.96515
1549567063279,1008.96515
1549567063318,1008.97327
1549567063356,1008.97327
1549567063395,1008.97327
1549567063433,1008.9688
1549567063470,1008.9688
1549567063510,1008.9688
1549567063548,1008.9688
1549567063587,1008.9664
1549567063625,1008.9664
1549567063663,1008.9664
1549567063701,1008.9664
1549567063741,1008.97784
1549567063778,1008.97784
1549567063818,1008.97784
1549567063857,1008.9695
1549567063895,1008.9695
1549567063935,1008.9695
1549567063970,1008.9695
1549567064009,1008.97034
1549567064048,1008.97034
1549567064087,1008.97034
1549567064125,1008.97034
1549567064164,1008.9676
1549567064202,1008.9676
1549567064240,1008.9676
1549567064282,1008.9735
1549567064317,1008.9735
1549567064356,1008.9735
1549567064394,1008.9735
1549567064433,1008.96936
1549567064471,1008.96936
1549567064509,1008.96936
1549567064550,1008.96936
1549567064587,1008.96655
1549567064626,1008.96655
1549567064663,1008.96655
1549567064702,1008.96576
1549567064740,1008.96576
1549567064779,1008.96576
1549567064817,1008.96576
1549567064855,1008.9683
1549567064894,1008.9683
1549567064935,1008.9683
1549567064970,1008.9683
1549567065008,1008.97723
1549567065049,1008.97723
1549567065086,1008.97723
1549567065124,1008.9798
1549567065163,1008.9798
1549567065201,1008.9798
1549567065241,1008.9798
1549567065279,1008.98126
1549567065317,1008.98126
1549567065355,1008.98126
1549567065393,1008.9794
1549567065431,1008.9794
1549567065470,1008.9794
1549567065509,1008.9794
1549567065548,1008.9802
1549567065586,1008.9802
1549567065626,1008.9802
1549567065663,1008.9802
1549567065703,1008.9774
1549567065740,1008.9774
1549567065778,1008.9774
1549567065818,1008.9716
1549567065855,1008.9716
1549567065893,1008.9716
1549567065934,1008.9716
1549567065970,1008.9691
1549567066009,1008.9691
1549567066049,1008.9691
1549567066085,1008.9691
1549567066124,1008.96466
1549567066163,1008.96466
1549567066202,1008.96466
1549567066241,1008.9563
1549567066279,1008.9563
1549567066317,1008.9563
1549567066355,1008.9563
1549567066394,1008.95886
1549567066433,1008.95886
1549567066472,1008.95886
1549567066508,1008.95886
1549567066548,1008.9577
1549567066586,1008.9577
1549567066624,1008.9577
1549567066663,1008.96533
1549567066701,1008.96533
1549567066740,1008.96533
1549567066778,1008.96533
1549567066816,1008.9729
1549567066855,1008.9729
1549567066894,1008.9729
1549567066933,1008.9729
1549567066972,1008.9819
1549567067008,1008.9819
1549567067048,1008.9819
1549567067085,1008.9945
1549567067123,1008.9945
1549567067161,1008.9945
1549567067202,1008.9945
1549567067240,1008.9967
1549567067279,1008.9967
1549567067317,1008.9967
1549567067360,1008.9967
1549567067394,1008.9984
1549567067437,1008.9984
1549567067470,1008.9984
1549567067508,1009.001
1549567067555,1009.001
1549567067587,1009.001
1549567067625,1009.001
1549567067664,1009.00684
1549567067703,1009.00684
1549567067740,1009.00684
1549567067778,1009.00684
1549567067817,1009.0091
1549567067856,1009.0091
1549567067895,1009.0091
1549567067932,1009.0033
1549567067971,1009.0033
1549567068007,1009.0033
1549567068047,1009.0033
1549567068087,1008.999
1549567068127,1008.999
1549567068166,1008.999
1549567068202,1009.0024
1549567068241,1009.0024
1549567068280,1009.0024
1549567068318,1009.0024
1549567068356,1009.0075
1549567068396,1009.0075
1549567068432,1009.0075
1549567068470,1009.0075
1549567068508,1009.0058
1549567068550,1009.0058
1549567068586,1009.0058
1549567068623,1009.00806
1549567068662,1009.00806
1549567068700,1009.00806
1549567068738,1009.00806
1549567068778,1008.99963
1549567068816,1008.99963
1549567068855,1008.99963
1549567068897,1008.99963
1549567068932,1009.00134
1549567068973,1009.00134
1549567069007,1009.00134
1549567069050,1009.0056
1549567069086,1009.0056
1549567069124,1009.0056
1549567069163,1009.0056
1549567069200,1009.0056
1549567069239,1009.0056
1549567069278,1009.0056
1549567069315,1009.0056
1549567069355,1009.0078
1549567069394,1009.0078
1549567069432,1009.0078
1549567069472,1009.0028
1549567069508,1009.0028
1549567069548,1009.0028
1549567069585,1009.0028
1549567069623,1009.0078
1549567069662,1009.0078
1549567069701,1009.0078
1549567069740,1009.0078
1549567069778,1009.0128
1549567069817,1009.0128
1549567069855,1009.0128
1549567069892,1009.01624
1549567069932,1009.01624
1549567069974,1009.01624
1549567070007,1009.01624
1549567070048,1009.01953
1549567070085,1009.01953
1549567070124,1009.01953
1549567070163,1009.01953
1549567070200,1009.0207
1549567070238,1009.0207
1549567070277,1009.0207
1549567070316,1009.0207
1549567070355,1009.0207
1549567070393,1009.0207
1549567070431,1009.0207
1549567070469,1009.02405
1549567070507,1009.02405
1549567070546,1009.02405
1549567070585,1009.02405
1549567070623,1009.0229
1549567070662,1009.0229
1549567070701,1009.0229
1549567070740,1009.0246
1549567070776,1009.0246
1549567070816,1009.0246
1549567070854,1009.0246
1549567070892,1009.02716
1549567070932,1009.02716
1549567070970,1009.02716
1549567071008,1009.0221
1549567071050,1009.0221
1549567071085,1009.0221
1549567071124,1009.0221
1549567071162,1009.01373
1549567071200,1009.01373
1549567071239,1009.01373
1549567071277,1009.01373
1549567071316,1009.0087
1549567071355,1009.0087
1549567071394,1009.0087
1549567071430,1009.002
1549567071468,1009.002
1549567071507,1009.002
1549567071548,1009.002
1549567071584,1008.9995
1549567071624,1008.9995
1549567071662,1008.9995
1549567071700,1008.9995
1549567071738,1009.00287
1549567071777,1009.00287
1549567071815,1009.00287
1549567071854,1009.0062
1549567071893,1009.0062
1549567071931,1009.0062
1549567071971,1009.0062
1549567072006,1009.0152
1549567072048,1009.0152
1549567072084,1009.0152
1549567072123,1009.0152
1549567072162,1009.0062
1549567072202,1009.0062
1549567072239,1009.0062
1549567072278,1008.9945
1549567072314,1008.9945
1549567072354,1008.9945
1549567072393,1008.9945
1549567072431,1008.99005
1549567072471,1008.99005
1549567072506,1008.99005
1549567072550,1008.99005
1549567072585,1008.9909
1549567072623,1008.9909
1549567072661,1008.9909
1549567072700,1008.98755
1549567072739,1008.98755
1549567072777,1008.98755
1549567072816,1008.98755
1549567072853,1008.9881
1549567072892,1008.9881
1549567072929,1008.9881
1549567072968,1008.9881
1549567073006,1008.9859
1549567073045,1008.9859
1549567073084,1008.9859
1549567073123,1008.9792
1549567073162,1008.9792
1549567073200,1008.9792
1549567073238,1008.9792
1549567073276,1008.97974
1549567073315,1008.97974
1549567073353,1008.97974
1549567073391,1008.97894
1549567073430,1008.97894
1549567073468,1008.97894
1549567073507,1008.97894
1549567073548,1008.9756
1549567073584,1008.9756
1549567073623,1008.9756
1549567073661,1008.9756
1549567073699,1008.9722
1549567073738,1008.9722
1549567073777,1008.9722
1549567073815,1008.9739
1549567073854,1008.9739
1549567073891,1008.9739
1549567073930,1008.9739
1549567073969,1008.97845
1549567074006,1008.97845
1549567074047,1008.97845
1549567074084,1008.97845
1549567074122,1008.9751
1549567074162,1008.9751
1549567074198,1008.9751
1549567074239,1008.9849
1549567074277,1008.9849
1549567074315,1008.9849
1549567074353,1008.9849
1549567074393,1008.9782
1549567074430,1008.9782
1549567074468,1008.9782
1549567074506,1008.9782
1549567074545,1008.9838
1549567074583,1008.9838
1549567074623,1008.9838
1549567074662,1008.9838
1549567074700,1008.9838
1549567074738,1008.9838
1549567074777,1008.9838
1549567074815,1008.978
1549567074853,1008.978
1549567074892,1008.978
1549567074930,1008.978
1549567074967,1008.9805
1549567075006,1008.9805
1549567075049,1008.9805
1549567075085,1008.9828
1549567075122,1008.9828
1549567075160,1008.9828
1549567075199,1008.9828
1549567075237,1008.98364
1549567075276,1008.98364
1549567075314,1008.98364
1549567075354,1008.98364
1549567075392,1008.97864
1549567075430,1008.97864
1549567075467,1008.97864
1549567075506,1008.97784
1549567075544,1008.97784
1549567075583,1008.97784
1549567075622,1008.97784
1549567075661,1008.9762
1549567075699,1008.9762
1549567075739,1008.9762
1549567075776,1008.9762
1549567075815,1008.9678
1549567075853,1008.9678
1549567075891,1008.9678
1549567075930,1008.9683
1549567075971,1008.9683
1549567076006,1008.9683
1549567076048,1008.9683
1549567076083,1008.95996
1549567076122,1008.95996
1549567076160,1008.95996
1549567076198,1008.9575
1549567076238,1008.9575
1549567076276,1008.9575
1549567076314,1008.9575
1549567076353,1008.9673
1549567076391,1008.9673
1549567076429,1008.9673
1549567076467,1008.9673
1549567076505,1008.96985
1549567076546,1008.96985
1549567076584,1008.96985
1549567076624,1008.97656
1549567076660,1008.97656
1549567076700,1008.97656
1549567076737,1008.97656
1549567076776,1008.9783
1549567076813,1008.9783
1549567076854,1008.9783
1549567076892,1008.9783
1549567076931,1008.97546
1549567076968,1008.97546
1549567077005,1008.97546
1549567077045,1008.97974
1549567077083,1008.97974
1549567077124,1008.97974
1549567077161,1008.97974
1549567077198,1008.973
1549567077237,1008.973
1549567077277,1008.973
1549567077313,1008.973
1549567077352,1008.9752
1549567077391,1008.9752
1549567077429,1008.9752
1549567077467,1008.96436
1549567077508,1008.96436
1549567077546,1008.96436
1549567077583,1008.96436
1549567077622,1008.9602
1549567077660,1008.9602
1549567077699,1008.9602
1549567077737,1008.9602
1549567077777,1008.96246
1549567077819,1008.96246
1549567077853,1008.96246
1549567077891,1008.9622
1549567077929,1008.9622
1549567077967,1008.9622
1549567078005,1008.9622
1549567078044,1008.9555
1549567078082,1008.9555
1549567078121,1008.9555
1549567078160,1008.9555
1549567078199,1008.9648
1549567078246,1008.9648
1549567078275,1008.9648
1549567078314,1008.96735
1549567078352,1008.96735
1549567078390,1008.96735
1549567078430,1008.96735
1549567078466,1008.96564
1549567078506,1008.96564
1549567078545,1008.96564
1549567078584,1008.9679
1549567078621,1008.9679
1549567078661,1008.9679
1549567078697,1008.9679
1549567078736,1008.9671
1549567078775,1008.9671
1549567078813,1008.9671
1549567078852,1008.9671
1549567078893,1008.9713
1549567078928,1008.9713
1549567078967,1008.9713
1549567079005,1008.9702
1549567079045,1008.9702
1549567079085,1008.9702
1549567079122,1008.9702
1549567079161,1008.9733
1549567079199,1008.9733
1549567079238,1008.9733
1549567079275,1008.9733
1549567079314,1008.9616
1549567079352,1008.9616
1549567079391,1008.9616
1549567079430,1008.96246
1549567079470,1008.96246
1549567079505,1008.96246
1549567079544,1008.96246
1549567079582,1008.96893
1549567079622,1008.96893
1549567079660,1008.96893
1549567079698,1008.96893
1549567079743,1008.9606
1549567079777,1008.9606
1549567079813,1008.9606
1549567079852,1008.96313
1549567079889,1008.96313
1549567079928,1008.96313
1549567079967,1008.96313
1549567080006,1008.9746
1549567080043,1008.9746
1549567080081,1008.9746
1549567080120,1008.9746
1549567080159,1008.96936
1549567080197,1008.96936
1549567080236,1008.96936
1549567080274,1008.96094
1549567080314,1008.96094
1549567080352,1008.96094
1549567080391,1008.96094
1549567080430,1008.9574
1549567080469,1008.9574
1549567080504,1008.9574
1549567080544,1008.9574
1549567080583,1008.95233
1549567080621,1008.95233
1549567080660,1008.95233
1549567080698,1008.9482
1549567080738,1008.9482
1549567080774,1008.9482
1549567080814,1008.9482
1549567080851,1008.94965
1549567080890,1008.94965
1549567080929,1008.94965
1549567080967,1008.94965
1549567081005,1008.9446
1549567081048,1008.9446
1549567081082,1008.9446
1549567081123,1008.9404
1549567081159,1008.9404
1549567081198,1008.9404
1549567081236,1008.9404
1549567081274,1008.9544
1549567081314,1008.9544
1549567081352,1008.9544
1549567081392,1008.9603
1549567081429,1008.9603
1549567081466,1008.9603
1549567081504,1008.9603
1549567081544,1008.96515
1549567081584,1008.96515
1549567081621,1008.96515
1549567081659,1008.96515
1549567081698,1008.96265
1549567081737,1008.96265
1549567081775,1008.96265
1549567081814,1008.9557
1549567081851,1008.9557
1549567081889,1008.9557
1549567081929,1008.9557
1549567081977,1008.9549
1549567082004,1008.9549
1549567082042,1008.9549
1549567082085,1008.9549
1549567082120,1008.958
1549567082158,1008.958
1549567082198,1008.958
1549567082236,1008.9623
1549567082276,1008.9623
1549567082314,1008.9623
1549567082353,1008.9623
1549567082390,1008.95447
1549567082428,1008.95447
1549567082467,1008.95447
1549567082504,1008.95447
1549567082543,1008.9553
1549567082583,1008.9553
1549567082620,1008.9553
1549567082658,1008.9601
1549567082697,1008.9601
1549567082736,1008.9601
1549567082774,1008.9601
1549567082813,1008.94916
1549567082852,1008.94916
1549567082891,1008.94916
1549567082929,1008.94916
1549567082966,1008.94
1549567083004,1008.94
1549567083043,1008.94
1549567083082,1008.93896
1549567083120,1008.93896
1549567083159,1008.93896
1549567083197,1008.93896
1549567083236,1008.93445
1549567083275,1008.93445
1549567083312,1008.93445
1549567083353,1008.93445
1549567083392,1008.932
1549567083428,1008.932
1549567083465,1008.932
1549567083506,1008.9236
1549567083545,1008.9236
1549567083582,1008.9236
1549567083620,1008.9236
1549567083658,1008.92334
1549567083697,1008.92334
1549567083736,1008.92334
1549567083773,1008.92334
1549567083814,1008.9259
1549567083851,1008.9259
1549567083889,1008.9259
1549567083929,1008.9252
1549567083965,1008.9252
1549567084003,1008.9252
1549567084044,1008.9252
1549567084081,1008.9201
1549567084120,1008.9201
1549567084160,1008.9201
1549567084197,1008.91565
1549567084235,1008.91565
1549567084276,1008.91565
1549567084317,1008.91565
1549567084350,1008.9115
1549567084390,1008.9115
1549567084427,1008.9115
1549567084466,1008.9115
1549567084504,1008.90533
1549567084543,1008.90533
1549567084582,1008.90533
1549567084620,1008.9004
1549567084659,1008.9004
1549567084697,1008.9004
1549567084736,1008.9004
1549567084775,1008.9043
1549567084812,1008.9043
1549567084850,1008.9043
1549567084889,1008.9043
1549567084928,1008.9152
1549567084965,1008.9152
1549567085003,1008.9152
1549567085042,1008.9158
1549567085082,1008.9158
1549567085121,1008.9158
1549567085157,1008.9158
1549567085197,1008.91833
1549567085235,1008.91833
1549567085274,1008.91833
1549567085313,1008.91833
1549567085350,1008.9108
1549567085390,1008.9108
1549567085428,1008.9108
1549567085467,1008.9072
1549567085503,1008.9072
1549567085541,1008.9072
1549567085581,1008.9072
1549567085620,1008.90784
1549567085658,1008.90784
1549567085697,1008.90784
1549567085736,1008.90784
1549567085774,1008.91205
1549567085812,1008.91205
1549567085851,1008.91205
1549567085889,1008.91205
1549567085927,1008.91205
1549567085966,1008.91205
1549567086004,1008.91205
1549567086043,1008.9079
1549567086081,1008.9079
1549567086120,1008.9079
1549567086159,1008.9079
1549567086196,1008.9168
1549567086235,1008.9168
1549567086273,1008.9168
1549567086313,1008.9177
1549567086351,1008.9177
1549567086389,1008.9177
1549567086426,1008.9177
1549567086464,1008.9166
1549567086503,1008.9166
1549567086546,1008.9166
1549567086580,1008.9166
1549567086620,1008.9166
1549567086659,1008.9166
1549567086696,1008.9166
1549567086735,1008.9191
1549567086773,1008.9191
1549567086811,1008.9191
1549567086850,1008.9191
1549567086888,1008.9217
1549567086931,1008.9217
1549567086966,1008.9217
1549567087003,1008.92896
1549567087041,1008.92896
1549567087083,1008.92896
1549567087119,1008.92896
1549567087157,1008.9315
1549567087196,1008.9315
1549567087235,1008.9315
1549567087275,1008.9315
1549567087311,1008.92236
1549567087349,1008.92236
1549567087388,1008.92236
1549567087427,1008.9279
1549567087464,1008.9279
1549567087503,1008.9279
1549567087542,1008.9279
1549567087581,1008.9322
1549567087620,1008.9322
1549567087657,1008.9322
1549567087696,1008.9322
1549567087735,1008.933
1549567087773,1008.933
1549567087813,1008.933
1549567087850,1008.9439
1549567087889,1008.9439
1549567087927,1008.9439
1549567087964,1008.9439
1549567088003,1008.94946
1549567088041,1008.94946
1549567088081,1008.94946
1549567088119,1008.94946
1549567088158,1008.9529
1549567088197,1008.9529
1549567088238,1008.9529
1549567088273,1008.952
1549567088311,1008.952
1549567088349,1008.952
1549567088388,1008.952
1549567088427,1008.95966
1549567088466,1008.95966
1549567088503,1008.95966
1549567088542,1008.95966
1549567088581,1008.95374
1549567088618,1008.95374
1549567088657,1008.95374
1549567088696,1008.9563
1549567088734,1008.9563
1549567088772,1008.9563
1549567088811,1008.9563
1549567088850,1008.9661
1549567088888,1008.9661
1549567088927,1008.9661
1549567088967,1008.9661
1549567089002,1008.97424
1549567089041,1008.97424
1549567089080,1008.97424
1549567089119,1008.9785
1549567089158,1008.9785
1549567089195,1008.9785
1549567089234,1008.9785
1549567089272,1008.98016
1549567089310,1008.98016
1549567089351,1008.98016
1549567089388,1008.97516
1549567089427,1008.97516
1549567089466,1008.97516
1549567089502,1008.97516
1549567089541,1008.97736
1549567089580,1008.97736
1549567089618,1008.97736
1549567089658,1008.97736
1549567089696,1008.985
1549567089736,1008.985
1549567089772,1008.985
1549567089812,1008.9889
1549567089851,1008.9889
1549567089887,1008.9889
1549567089928,1008.9889
1549567089966,1008.9872
1549567090002,1008.9872
1549567090041,1008.9872
1549567090084,1008.9872
1549567090120,1008.98975
1549567090156,1008.98975
1549567090195,1008.98975
1549567090234,1008.98047
1549567090273,1008.98047
1549567090310,1008.98047
1549567090352,1008.98047
1549567090388,1008.9797
1549567090427,1008.9797
1549567090463,1008.9797
1549567090502,1008.9797
1549567090541,1008.98785
1549567090580,1008.98785
1549567090619,1008.98785
1549567090657,1008.98535
1549567090695,1008.98535
1549567090735,1008.98535
1549567090773,1008.98535
1549567090811,1008.98035
1549567090850,1008.98035
1549567090889,1008.98035
1549567090936,1008.98035
1549567090964,1008.98035
1549567091002,1008.98035
1549567091043,1008.98035
1549567091079,1008.97363
1549567091118,1008.97363
1549567091157,1008.97363
1549567091195,1008.97363
1549567091234,1008.98035
1549567091273,1008.98035
1549567091310,1008.98035
1549567091349,1008.98035
1549567091388,1008.97284
1549567091426,1008.97284
1549567091464,1008.97284
1549567091501,1008.9717
1549567091540,1008.9717
1549567091581,1008.9717
1549567091618,1008.9717
1549567091657,1008.9625
1549567091697,1008.9625
1549567091733,1008.9625
1549567091772,1008.9625
1549567091810,1008.953
1549567091849,1008.953
1549567091887,1008.953
1549567091926,1008.9396
1549567091966,1008.9396
1549567092001,1008.9396
1549567092040,1008.9396
1549567092088,1008.9362
1549567092118,1008.9362
1549567092157,1008.9362
1549567092195,1008.93286
1549567092234,1008.93286
1549567092273,1008.93286
1549567092310,1008.93286
1549567092349,1008.9362
1549567092387,1008.9362
1549567092426,1008.9362
1549567092464,1008.9362
1549567092502,1008.9447
1549567092541,1008.9447
1549567092582,1008.9447
1549567092618,1008.9464
1549567092656,1008.9464
1549567092696,1008.9464
1549567092733,1008.9464
1549567092773,1008.9419
1549567092810,1008.9419
1549567092848,1008.9419
1549567092886,1008.9419
1549567092925,1008.94946
1549567092963,1008.94946
1549567093001,1008.94946
1549567093040,1008.94617
1549567093078,1008.94617
1549567093118,1008.94617
1549567093156,1008.94617
1549567093194,1008.94
1549567093233,1008.94
1549567093271,1008.94
1549567093311,1008.94
1549567093348,1008.92993
1549567093387,1008.92993
1549567093424,1008.92993
1549567093464,1008.9215
1549567093502,1008.9215
1549567093542,1008.9215
1549567093579,1008.9215
1549567093618,1008.9157
1549567093657,1008.9157
1549567093694,1008.9157
1549567093733,1008.9157
1549567093771,1008.909
1549567093810,1008.909
1549567093850,1008.909
1549567093886,1008.8972
1549567093926,1008.8972
1549567093963,1008.8972
1549567094001,1008.8972
1549567094040,1008.89557
1549567094084,1008.89557
1549567094117,1008.89557
1549567094157,1008.89557
1549567094195,1008.88885
1549567094234,1008.88885
1549567094271,1008.88885
1549567094310,1008.88885
1549567094348,1008.88885
1549567094387,1008.88885
1549567094425,1008.88885
1549567094465,1008.8922
1549567094501,1008.8922
1549567094539,1008.8922
1549567094580,1008.9023
1549567094620,1008.9023
1549567094655,1008.9023
1549567094694,1008.9023
1549567094733,1008.8998
1549567094772,1008.8998
1549567094809,1008.8998
1549567094848,1008.8998
1549567094887,1008.9015
1549567094925,1008.9015
1549567094965,1008.9015
1549567095001,1008.89813
1549567095040,1008.89813
1549567095086,1008.89813
1549567095117,1008.89813
1549567095157,1008.8989
1549567095194,1008.8989
1549567095234,1008.8989
1549567095271,1008.8989
1549567095309,1008.90564
1549567095352,1008.90564
1549567095386,1008.90564
1549567095425,1008.909
1549567095463,1008.909
1549567095500,1008.909
1549567095539,1008.909
1549567095594,1008.914
1549567095624,1008.914
1549567095660,1008.914
1549567095693,1008.914
1549567095732,1008.91064
1549567095771,1008.91064
1549567095809,1008.91064
1549567095850,1008.91986
1549567095885,1008.91986
1549567095924,1008.91986
1549567095964,1008.91986
1549567096001,1008.9232
1549567096040,1008.9232
1549567096080,1008.9232
1549567096117,1008.9232
1549567096155,1008.91425
1549567096196,1008.91425
1549567096233,1008.91425
1549567096270,1008.90753
1549567096309,1008.90753
1549567096353,1008.90753
1549567096387,1008.90753
1549567096424,1008.9148
1549567096463,1008.9148
1549567096501,1008.9148
1549567096540,1008.9148
1549567096580,1008.90924
1549567096619,1008.90924
1549567096658,1008.90924
1549567096694,1008.9067
1549567096732,1008.9067
1549567096770,1008.9067
1549567096809,1008.9067
1549567096848,1008.8966
1549567096887,1008.8966
1549567096925,1008.8966
1549567096964,1008.8966
1549567097001,1008.8994
1549567097040,1008.8994
1549567097080,1008.8994
1549567097117,1008.9053
1549567097156,1008.9053
1549567097193,1008.9053
1549567097233,1008.9053
1549567097270,1008.8993
1549567097311,1008.8993
1549567097347,1008.8993
1549567097386,1008.896
1549567097424,1008.896
1549567097465,1008.896
1549567097500,1008.896
1549567097539,1008.8926
1549567097578,1008.8926
1549567097617,1008.8926
1549567097656,1008.8926
1549567097694,1008.8954
1549567097730,1008.8954
1549567097769,1008.8954
1549567097807,1008.8954
1549567097846,1008.8954
1549567097885,1008.8954
1549567097924,1008.8954
1549567097963,1008.8921
1549567098000,1008.8921
1549567098038,1008.8921
1549567098077,1008.8921
1549567098115,1008.89624
1549567098154,1008.89624
1549567098193,1008.89624
1549567098231,1008.90295
1549567098270,1008.90295
1549567098308,1008.90295
1549567098348,1008.90295
1549567098386,1008.89734
1549567098424,1008.89734
1549567098462,1008.89734
1549567098500,1008.89734
1549567098538,1008.89734
1549567098577,1008.89734
1549567098615,1008.89734
1549567098655,1008.8956
1549567098695,1008.8956
1549567098731,1008.8956
1549567098770,1008.8956
1549567098809,1008.89307
1549567098848,1008.89307
1549567098887,1008.89307
1549567098923,1008.89307
1549567098961,1008.8914
1549567098999,1008.8914
1549567099038,1008.8914
1549567099077,1008.8855
1549567099116,1008.8855
1549567099155,1008.8855
1549567099193,1008.8855
1549567099231,1008.8922
1549567099270,1008.8922
1549567099308,1008.8922
1549567099346,1008.8922
1549567099385,1008.8883
1549567099423,1008.8883
1549567099464,1008.8883
1549567099499,1008.88495
1549567099538,1008.88495
1549567099578,1008.88495
1549567099615,1008.88495
1549567099656,1008.8774
1549567099696,1008.8774
1549567099732,1008.8774
1549567099771,1008.8774
1549567099809,1008.88403
1549567099847,1008.88403
1549567099887,1008.88403
1549567099926,1008.89417
1549567099964,1008.89417
1549567100000,1008.89417
1549567100039,1008.89417
1549567100079,1008.8798
1549567100118,1008.8798
1549567100155,1008.8798
1549567100197,1008.88745
1549567100233,1008.88745
1549567100271,1008.88745
1549567100309,1008.88745
1549567100347,1008.8891
1549567100387,1008.8891
1549567100427,1008.8891
1549567100464,1008.8891
1549567100501,1008.88745
1549567100538,1008.88745
1549567100584,1008.88745
1549567100616,1008.8782
1549567100657,1008.8782
1549567100695,1008.8782
1549567100734,1008.8782
1549567100771,1008.87646
1549567100811,1008.87646
1549567100848,1008.87646
1549567100888,1008.87646
1549567100925,1008.8681
1549567100964,1008.8681
1549567101004,1008.8681
1549567101039,1008.87146
1549567101082,1008.87146
1549567101119,1008.87146
1549567101155,1008.87146
1549567101193,1008.8774
1549567101235,1008.8774
1549567101271,1008.8774
1549567101310,1008.8774
1549567101349,1008.8774
1549567101388,1008.8774
1549567101426,1008.8774
1549567101464,1008.89
1549567101499,1008.89
1549567101538,1008.89
1549567101579,1008.89
1549567101616,1008.8866
1549567101655,1008.8866
1549567101692,1008.8866
1549567101732,1008.8866
1549567101770,1008.8972
1549567101808,1008.8972
1549567101848,1008.8972
1549567101887,1008.909
1549567101924,1008.909
1549567101964,1008.909
1549567101999,1008.909
1549567102037,1008.9149
1549567102080,1008.9149
1549567102116,1008.9149
1549567102153,1008.9149
1549567102194,1008.9124
1549567102234,1008.9124
1549567102273,1008.9124
1549567102308,1008.91077
1549567102346,1008.91077
1549567102387,1008.91077
1549567102422,1008.91077
1549567102461,1008.9141
1549567102499,1008.9141
1549567102538,1008.9141
1549567102581,1008.9147
1549567102617,1008.9147
1549567102656,1008.9147
1549567102693,1008.9147
1549567102731,1008.91296
1549567102770,1008.91296
1549567102807,1008.91296
1549567102845,1008.91296
1549567102885,1008.9113
1549567102925,1008.9113
1549567102964,1008.9113
1549567102999,1008.9197
1549567103038,1008.9197
1549567103076,1008.9197
1549567103117,1008.9197
1549567103155,1008.92474
1549567103192,1008.92474
1549567103231,1008.92474
1549567103269,1008.92474
1549567103308,1008.9331
1549567103346,1008.9331
1549567103384,1008.9331
1549567103423,1008.9424
1549567103463,1008.9424
1549567103503,1008.9424
1549567103538,1008.9424
1549567103579,1008.9323
1549567103616,1008.9323
1549567103654,1008.9323
1549567103694,1008.9323
1549567103732,1008.93066
1549567103770,1008.93066
1549567103809,1008.93066
1549567103850,1008.9273
1549567103886,1008.9273
1549567103925,1008.9273
1549567103962,1008.9273
1549567104003,1008.9323
1549567104037,1008.9323
1549567104081,1008.9323
1549567104115,1008.9323
1549567104155,1008.93066
1549567104194,1008.93066
1549567104234,1008.93066
1549567104270,1008.9323
1549567104308,1008.9323
1549567104347,1008.9323
1549567104384,1008.9323
1549567104424,1008.92303
1549567104464,1008.92303
1549567104502,1008.92303
1549567104537,1008.92303
1549567104577,1008.92474
1549567104617,1008.92474
1549567104655,1008.92474
1549567104694,1008.9242
1549567104730,1008.9242
1549567104769,1008.9242
1549567104810,1008.9242
1549567104847,1008.9331
1549567104884,1008.9331
1549567104922,1008.9331
1549567104962,1008.9331
1549567104999,1008.9398
1549567105037,1008.9398
1549567105076,1008.9398
1549567105116,1008.9382
1549567105153,1008.9382
1549567105191,1008.9382
1549567105230,1008.9382
1549567105268,1008.93646
1549567105307,1008.93646
1549567105347,1008.93646
1549567105384,1008.9398
1549567105422,1008.9398
1549567105461,1008.9398
1549567105499,1008.9398
1549567105537,1008.9359
1549567105578,1008.9359
1549567105614,1008.9359
1549567105654,1008.9359
1549567105692,1008.9409
1549567105731,1008.9409
1549567105768,1008.9409
1549567105807,1008.946
1549567105847,1008.946
1549567105883,1008.946
1549567105922,1008.946
1549567105960,1008.94006
1549567105999,1008.94006
1549567106038,1008.94006
1549567106076,1008.94006
1549567106114,1008.93835
1549567106152,1008.93835
1549567106190,1008.93835
1549567106230,1008.9308
1549567106268,1008.9308
1549567106307,1008.9308
1549567106348,1008.9308
1549567106384,1008.9319
1549567106421,1008.9319
1549567106460,1008.9319
1549567106498,1008.9319
1549567106536,1008.92914
1549567106577,1008.92914
1549567106626,1008.92914
1549567106654,1008.92914
1549567106691,1008.92914
1549567106730,1008.92914
1549567106768,1008.92914
1549567106806,1008.92914
1549567106848,1008.92914
1549567106884,1008.92914
1549567106922,1008.92914
1549567106961,1008.92523
1549567107006,1008.92523
1549567107036,1008.92523
1549567107077,1008.92267
1549567107117,1008.92267
1549567107154,1008.92267
1549567107192,1008.92267
1549567107233,1008.92346
1549567107269,1008.92346
1549567107309,1008.92346
1549567107345,1008.92346
1549567107385,1008.92847
1549567107424,1008.92847
1549567107462,1008.92847
1549567107498,1008.9296
1549567107536,1008.9296
1549567107583,1008.9296
1549567107614,1008.9296
1549567107653,1008.93463
1549567107693,1008.93463
1549567107731,1008.93463
1549567107768,1008.93463
1549567107808,1008.9338
1549567107845,1008.9338
1549567107884,1008.9338
1549567107923,1008.9388
1549567107961,1008.9388
1549567107999,1008.9388
1549567108036,1008.9388
1549567108074,1008.9349
1549567108113,1008.9349
1549567108157,1008.9349
1549567108192,1008.934
1549567108230,1008.934
1549567108270,1008.934
1549567108307,1008.934
1549567108346,1008.9441
1549567108386,1008.9441
1549567108422,1008.9441
1549567108464,1008.9441
1549567108498,1008.9382
1549567108537,1008.9382
1549567108574,1008.9382
1549567108614,1008.94824
1549567108654,1008.94824
1549567108692,1008.94824
1549567108729,1008.94824
1549567108771,1008.94653
1549567108808,1008.94653
1549567108848,1008.94653
1549567108885,1008.94653
1549567108923,1008.94434
1549567108962,1008.94434
1549567108997,1008.94434
1549567109037,1008.94434
1549567109074,1008.94434
1549567109115,1008.94434
1549567109153,1008.94434
1549567109193,1008.9409
1549567109230,1008.9409
1549567109269,1008.9409
1549567109309,1008.9409
1549567109347,1008.93835
1549567109384,1008.93835
1549567109422,1008.93835
1549567109465,1008.93835
1549567109498,1008.93835
1549567109536,1008.93835
1549567109575,1008.93835
1549567109615,1008.93616
1549567109656,1008.93616
1549567109694,1008.93616
1549567109732,1008.93616
1549567109769,1008.93115
1549567109807,1008.93115
1549567109846,1008.93115
1549567109883,1008.9353
1549567109923,1008.9353
1549567109962,1008.9353
1549567109999,1008.9353
1549567110035,1008.93695
1549567110074,1008.93695
1549567110115,1008.93695
1549567110153,1008.93695
1549567110191,1008.9386
1549567110230,1008.9386
1549567110268,1008.9386
1549567110307,1008.942
1549567110346,1008.942
1549567110384,1008.942
1549567110426,1008.942
1549567110460,1008.9361
1549567110499,1008.9361
1549567110536,1008.9361
1549567110574,1008.92883
1549567110615,1008.92883
1549567110653,1008.92883
1549567110691,1008.92883
1549567110732,1008.9322
1549567110767,1008.9322
1549567110808,1008.9322
1549567110847,1008.9322
1549567110885,1008.9296
1549567110923,1008.9296
1549567110960,1008.9296
1549567110998,1008.9296
1549567111036,1008.9296
1549567111074,1008.9296
1549567111116,1008.9296
1549567111153,1008.9291
1549567111191,1008.9291
1549567111230,1008.9291
1549567111268,1008.9291
1549567111306,1008.94135
1549567111349,1008.94135
1549567111386,1008.94135
1549567111423,1008.9391
1549567111462,1008.9391
1549567111499,1008.9391
1549567111535,1008.9391
1549567111574,1008.9349
1549567111614,1008.9349
1549567111653,1008.9349
1549567111690,1008.9349
1549567111729,1008.9349
1549567111767,1008.9349
1549567111807,1008.9349
1549567111846,1008.94324
1549567111883,1008.94324
1549567111923,1008.94324
1549567111961,1008.94324
1549567111997,1008.9483
1549567112037,1008.9483
1549567112074,1008.9483
1549567112120,1008.9483
1549567112153,1008.955
1549567112191,1008.955
1549567112230,1008.955
1549567112268,1008.95667
1549567112309,1008.95667
1549567112345,1008.95667
1549567112385,1008.95667
1549567112424,1008.95746
1549567112460,1008.95746
1549567112499,1008.95746
1549567112535,1008.95746
1549567112575,1008.95746
1549567112614,1008.95746
1549567112652,1008.95746
1549567112696,1008.9659
1549567112731,1008.9659
1549567112769,1008.9659
1549567112805,1008.9659
1549567112845,1008.97205
1549567112883,1008.97205
1549567112926,1008.97205
1549567112960,1008.97205
1549567112998,1008.9695
1549567113035,1008.9695
1549567113074,1008.9695
1549567113119,1008.9678
1549567113152,1008.9678
1549567113192,1008.9678
1549567113230,1008.9678
1549567113269,1008.97284
1549567113309,1008.97284
1549567113344,1008.97284
1549567113383,1008.9753
1549567113421,1008.9753
1549567113459,1008.9753
1549567113498,1008.9753
1549567113535,1008.977
1549567113573,1008.977
1549567113622,1008.977
1549567113651,1008.977
1549567113689,1008.97974
1549567113727,1008.97974
1549567113766,1008.97974
1549567113806,1008.98315
1549567113844,1008.98315
1549567113881,1008.98315
1549567113921,1008.98315
1549567113958,1008.9848
1549567113999,1008.9848
1549567114035,1008.9848
1549567114074,1008.9848
1549567114113,1008.9806
1549567114152,1008.9806
1549567114189,1008.9806
1549567114228,1008.97644
1549567114267,1008.97644
1549567114306,1008.97644
1549567114344,1008.97644
1549567114382,1008.9697
1549567114420,1008.9697
1549567114460,1008.9697
1549567114498,1008.9697
1549567114535,1008.96466
1549567114573,1008.96466
1549567114615,1008.96466
1549567114651,1008.96545
1549567114691,1008.96545
1549567114728,1008.96545
1549567114767,1008.96545
1549567114805,1008.973
1549567114843,1008.973
1549567114882,1008.973
1549567114920,1008.973
1549567114959,1008.973
1549567114997,1008.973
1549567115035,1008.973
1549567115074,1008.97217
1549567115115,1008.97217
1549567115153,1008.97217
1549567115189,1008.97217
1549567115229,1008.98315
1549567115266,1008.98315
1549567115304,1008.98315
1549567115343,1008.98315
1549567115382,1008.98987
1549567115421,1008.98987
1549567115458,1008.98987
1549567115496,1008.9954
1549567115535,1008.9954
1549567115575,1008.9954
1549567115613,1008.9954
1549567115651,1008.98987
1549567115689,1008.98987
1549567115728,1008.98987
1549567115766,1008.99316
1549567115804,1008.99316
1549567115842,1008.99316
1549567115882,1008.99316
1549567115922,1008.99036
1549567115959,1008.99036
1549567115997,1008.99036
1549567116035,1008.99036
1549567116074,1008.98535
1549567116112,1008.98535
1549567116152,1008.98535
1549567116189,1008.98364
1549567116228,1008.98364
1549567116266,1008.98364
1549567116305,1008.98364
1549567116344,1008.97864
1549567116382,1008.97864
1549567116419,1008.97864
1549567116459,1008.97864
1549567116497,1008.9753
1549567116534,1008.9753
1549567116573,1008.9753
1549567116611,1008.9719
1549567116653,1008.9719
1549567116689,1008.9719
1549567116727,1008.9719
1549567116766,1008.9745
1549567116805,1008.9745
1549567116843,1008.9745
1549567116882,1008.9745
1549567116921,1008.9661
1549567116959,1008.9661
1549567116997,1008.9661
1549567117034,1008.97424
1549567117073,1008.97424
1549567117114,1008.97424
1549567117150,1008.97424
1549567117189,1008.9675
1549567117227,1008.9675
1549567117266,1008.9675
1549567117305,1008.9675
1549567117343,1008.9659
1549567117381,1008.9659
1549567117420,1008.9659
1549567117458,1008.9541
1549567117497,1008.9541
1549567117534,1008.9541
1549567117572,1008.9541
1549567117620,1008.9533
1549567117651,1008.9533
1549567117689,1008.9533
1549567117728,1008.9533
1549567117766,1008.94495
1549567117805,1008.94495
1549567117843,1008.94495
1549567117882,1008.9425
1549567117920,1008.9425
1549567117959,1008.9425
1549567117996,1008.9425
1549567118035,1008.943
1549567118073,1008.943
1549567118112,1008.943
1549567118150,1008.943
1549567118188,1008.93463
1549567118229,1008.93463
1549567118267,1008.93463
1549567118305,1008.93884
1549567118342,1008.93884
1549567118380,1008.93884
1549567118420,1008.93884
1549567118458,1008.9361
1549567118495,1008.9361
1549567118534,1008.9361
1549567118572,1008.9336
1549567118611,1008.9336
1549567118649,1008.9336
1549567118688,1008.9336
1549567118728,1008.93616
1549567118765,1008.93616
1549567118804,1008.93616
1549567118843,1008.93616
1549567118880,1008.92944
1549567118920,1008.92944
1549567118957,1008.92944
1549567118995,1008.9376
1549567119033,1008.9376
1549567119072,1008.9376
1549567119111,1008.9376
1549567119150,1008.9398
1549567119189,1008.9398
1549567119227,1008.9398
1549567119265,1008.9398
1549567119303,1008.93146
1549567119343,1008.93146
1549567119381,1008.93146
1549567119420,1008.9281
1549567119458,1008.9281
1549567119496,1008.9281
1549567119533,1008.9281
1549567119571,1008.9349
1549567119613,1008.9349
1549567119650,1008.9349
1549567119687,1008.9349
1549567119728,1008.94135
1549567119766,1008.94135
1549567119805,1008.94135
1549567119842,1008.9313
1549567119880,1008.9313
1549567119919,1008.9313
1549567119958,1008.9313
1549567119997,1008.931
1549567120034,1008.931
1549567120072,1008.931
1549567120113,1008.931
1549567120149,1008.92096
1549567120189,1008.92096
1549567120226,1008.92096
1549567120264,1008.93024
1549567120303,1008.93024
1549567120343,1008.93024
1549567120385,1008.93024
1549567120420,1008.93585
1549567120458,1008.93585
1549567120501,1008.93585
1549567120533,1008.93585
1549567120571,1008.9325
1549567120617,1008.9325
1549567120651,1008.9325
1549567120688,1008.93585
1549567120727,1008.93585
1549567120764,1008.93585
1549567120802,1008.93585
1549567120843,1008.9418
1549567120882,1008.9418
1549567120920,1008.9418
1549567120957,1008.94507
1549567120996,1008.94934
1549567121035,1008.94934
1549567121071,1008.94934
1549567121117,1008.94934
1549567121149,1008.94934
1549567121188,1008.94934
1549567121257,1008.94934
1549567121270,1008.95496
1549567121303,1008.95496
1549567121342,1008.95496
1549567121383,1008.95435
1549567121420,1008.95435
1549567121458,1008.95435
1549567121498,1008.95435
1549567121533,1008.9594
1549567121572,1008.9594
1549567121616,1008.9594
1549567121650,1008.9594
1549567121692,1008.97003
1549567121725,1008.97003
1549567121764,1008.97003
1549567121804,1008.97003
1549567121841,1008.97003
1549567121881,1008.97003
1549567121918,1008.97003
1549567121959,1008.9711
1549567121997,1008.9711
1549567122033,1008.9711
1549567122071,1008.9711
1549567122113,1008.97284
1549567122151,1008.97284
1549567122187,1008.97284
1549567122228,1008.9745
1549567122265,1008.9745
1549567122304,1008.9745
1549567122343,1008.9745
1549567122379,1008.9745
1549567122421,1008.9745
1549567122456,1008.9745
1549567122494,1008.9745
1549567122533,1008.9711
1549567122572,1008.9711
1549567122612,1008.9711
1549567122655,1008.96356
1549567122687,1008.96356
1549567122726,1008.96356
1549567122766,1008.96356
1549567122804,1008.96106
1549567122841,1008.96106
1549567122881,1008.96106
1549567122920,1008.96106
1549567122960,1008.9585
1549567122997,1008.9585
1549567123032,1008.9585
1549567123071,1008.9585
1549567123123,1008.9585
1549567123152,1008.9585
1549567123189,1008.9585
1549567123229,1008.96436
1549567123265,1008.96436
1549567123306,1008.96436
1549567123342,1008.96436
1549567123383,1008.96436
1549567123418,1008.96436
1549567123459,1008.96436
1549567123495,1008.96436
1549567123533,1008.96436
1549567123571,1008.96436
1549567123611,1008.96436
1549567123649,1008.97363
1549567123687,1008.97363
1549567123726,1008.97363
1549567123764,1008.9778
1549567123804,1008.9778
1549567123843,1008.9778
1549567123882,1008.9778
1549567123919,1008.98114
1549567123957,1008.98114
1549567123998,1008.98114
1549567124032,1008.98114
1549567124071,1008.96796
1549567124113,1008.96796
1549567124150,1008.96796
1549567124189,1008.96625
1549567124225,1008.96625
1549567124266,1008.96625
1549567124304,1008.96625
1549567124343,1008.9654
1549567124380,1008.9654
1549567124422,1008.9654
1549567124459,1008.9654
1549567124497,1008.96704
1549567124532,1008.96704
1549567124571,1008.96704
1549567124613,1008.97296
1549567124649,1008.97296
1549567124690,1008.97296
1549567124727,1008.97296
1549567124765,1008.96484
1549567124805,1008.96484
1549567124841,1008.96484
1549567124879,1008.96484
1549567124918,1008.9598
1549567124959,1008.9598
1549567124996,1008.9598
1549567125034,1008.95386
1549567125071,1008.95386
1549567125113,1008.95386
1549567125147,1008.95386
1549567125187,1008.9573
1549567125229,1008.9573
1549567125267,1008.9573
1549567125304,1008.9573
1549567125342,1008.9606
1549567125381,1008.9606
1549567125420,1008.9606
1549567125458,1008.96
1549567125496,1008.96
1549567125534,1008.96
1549567125570,1008.96
1549567125615,1008.95917
1549567125650,1008.95917
1549567125687,1008.95917
1549567125725,1008.95917
1549567125764,1008.9608
1549567125805,1008.9608
1549567125843,1008.9608
1549567125880,1008.9566
1549567125918,1008.9566
1549567125956,1008.9566
1549567125996,1008.9566
1549567126037,1008.9566
1549567126070,1008.9566
1549567126114,1008.9566
1549567126148,1008.9566
1549567126188,1008.95825
1549567126226,1008.95825
1549567126266,1008.95825
1549567126306,1008.95605
1549567126343,1008.95605
1549567126380,1008.95605
1549567126420,1008.95605
1549567126457,1008.9527
1549567126495,1008.9527
1549567126532,1008.9527
1549567126570,1008.95435
1549567126610,1008.95435
1549567126648,1008.95435
1549567126687,1008.95435
1549567126729,1008.95605
1549567126763,1008.95605
1549567126803,1008.95605
1549567126841,1008.95605
1549567126879,1008.9518
1549567126919,1008.9518
1549567126957,1008.9518
1549567126997,1008.9485
1549567127033,1008.9485
1549567127070,1008.9485
1549567127113,1008.9485
1549567127149,1008.9518
1549567127187,1008.9518
1549567127226,1008.9518
1549567127266,1008.9518
1549567127304,1008.9429
1549567127341,1008.9429
1549567127382,1008.9429
1549567127416,1008.9429
1549567127456,1008.9429
1549567127494,1008.9429
1549567127532,1008.9429
1549567127571,1008.94366
1549567127615,1008.94366
1549567127649,1008.94366
1549567127686,1008.94366
1549567127726,1008.93774
1549567127765,1008.93774
1549567127803,1008.93774
1549567127841,1008.9372
1549567127879,1008.9372
1549567127917,1008.9372
1549567127956,1008.9372
1549567127994,1008.9439
1549567128035,1008.9439
1549567128072,1008.9439
1549567128113,1008.9439
1549567128148,1008.9439
1549567128188,1008.9439
1549567128226,1008.9439
1549567128263,1008.938
1549567128303,1008.938
1549567128342,1008.938
1549567128380,1008.938
1549567128418,1008.94135
1549567128456,1008.94135
1549567128495,1008.94135
1549567128533,1008.94135
1549567128569,1008.94135
1549567128611,1008.94135
1549567128651,1008.94135
1549567128686,1008.94806
1549567128725,1008.94806
1549567128765,1008.94806
1549567128803,1008.94806
1549567128842,1008.9475
1549567128882,1008.9475
1549567128918,1008.9475
1549567128957,1008.9475
1549567128995,1008.9475
1549567129033,1008.9475
1549567129069,1008.9475
1549567129118,1008.94666
1549567129149,1008.94666
1549567129186,1008.94666
1549567129225,1008.94666
1549567129263,1008.94995
1549567129302,1008.94995
1549567129338,1008.94995
1549567129377,1008.9483
1549567129416,1008.9483
1549567129454,1008.9483
1549567129493,1008.9483
1549567129531,1008.9541
1549567129569,1008.9541
1549567129607,1008.9541
1549567129646,1008.9541
1549567129688,1008.9558
1549567129723,1008.9558
1549567129762,1008.9558
1549567129801,1008.95355
1549567129838,1008.95355
1549567129876,1008.95355
1549567129916,1008.95355
1549567129954,1008.95105
1549567129993,1008.95105
1549567130036,1008.95105
1549567130071,1008.95105
1549567130108,1008.94763
1549567130146,1008.94763
1549567130184,1008.94763
1549567130302,1008.922
1549567130339,1008.922
1549567130378,1008.922
1549567130420,1008.92474
1549567130457,1008.92474
1549567130495,1008.92474
1549567130531,1008.92474
1549567130571,1008.93115
1549567130609,1008.93115
1549567130647,1008.93115
1549567130687,1008.93115
1549567130725,1008.9372
1549567130763,1008.9372
1549567130803,1008.9372
1549567130840,1008.9416
1549567130879,1008.9416
1549567130919,1008.9416
1549567130957,1008.9416
1549567130994,1008.94855
1549567131033,1008.94855
1549567131072,1008.94855
1549567131109,1008.94855
1549567131147,1008.9468
1549567131185,1008.9468
1549567131223,1008.9468
1549567131261,1008.9429
1549567131300,1008.9429
1549567131339,1008.9429
1549567131377,1008.9429
1549567131415,1008.94366
1549567131458,1008.94366
1549567131495,1008.94366
1549567131531,1008.94366
1549567131571,1008.9414
1549567131610,1008.9414
1549567131647,1008.9414
1549567131685,1008.9498
1549567131726,1008.9498
1549567131763,1008.9498
1549567131801,1008.9498
1549567131841,1008.95483
1549567131879,1008.95483
1549567131917,1008.95483
1549567131954,1008.95483
1549567131994,1008.95734
1549567132031,1008.95734
1549567132071,1008.95734
1549567132108,1008.96405
1549567132147,1008.96405
1549567132186,1008.96405
1549567132224,1008.96405
1549567132265,1008.9682
1549567132303,1008.9682
1549567132341,1008.9682
1549567132380,1008.96985
1549567132416,1008.96985
1549567132455,1008.96985
1549567132493,1008.96985
1549567132531,1008.96765
1549567132573,1008.96765
1549567132609,1008.96765
1549567132651,1008.96765
1549567132686,1008.97095
1549567132725,1008.97095
1549567132767,1008.97095
1549567132801,1008.97437
1549567132840,1008.97437
1549567132878,1008.97437
1549567132917,1008.97437
1549567132957,1008.97437
1549567132992,1008.97437
1549567133033,1008.97437
1549567133071,1008.97437
1549567133109,1008.97766
1549567133148,1008.97766
1549567133189,1008.97766
1549567133224,1008.976
1549567133262,1008.976
1549567133304,1008.976
1549567133339,1008.976
1549567133379,1008.97266
1549567133418,1008.97266
1549567133455,1008.97266
1549567133493,1008.97266
1549567133533,1008.97437
1549567133570,1008.97437
1549567133608,1008.97437
1549567133647,1008.97437
1549567133686,1008.97437
1549567133724,1008.97437
1549567133763,1008.97437
1549567133803,1008.96844
1549567133840,1008.96844
1549567133877,1008.96844
1549567133916,1008.96844
1549567133958,1008.9651
1549567133992,1008.9651
1549567134030,1008.9651
1549567134071,1008.9693
1549567134108,1008.9693
1549567134147,1008.9693
1549567134186,1008.9693
1549567134224,1008.9693
1549567134261,1008.9693
1549567134300,1008.9693
1549567134345,1008.9693
1549567134379,1008.96765
1549567134417,1008.96765
1549567134454,1008.96765
1549567134493,1008.97095
1549567134531,1008.97095
1549567134571,1008.97095
1549567134610,1008.97095
1549567134649,1008.97266
1549567134686,1008.97266
1549567134727,1008.97266
1549567134764,1008.97437
1549567134802,1008.97437
1549567134839,1008.97437
1549567134878,1008.97437
1549567134915,1008.9844
1549567134955,1008.9844
1549567134993,1008.9844
1549567135032,1008.9844
1549567135070,1008.9852
1549567135108,1008.9852
1549567135148,1008.9852
1549567135186,1008.9835
1549567135223,1008.9835
1549567135262,1008.9835
1549567135300,1008.9835
1549567135339,1008.9813
1549567135379,1008.9813
1549567135422,1008.9813
1549567135457,1008.9813
1549567135493,1008.9852
1549567135530,1008.9852
1549567135570,1008.9852
1549567135607,1008.98804
1549567135649,1008.98804
1549567135685,1008.98804
1549567135723,1008.98804
1549567135764,1008.99023
1549567135800,1008.99023
1549567135837,1008.99023
1549567135879,1008.99023
1549567135917,1008.9852
1549567135954,1008.9852
1549567135992,1008.9852
1549567136031,1008.9818
1549567136070,1008.9818
1549567136110,1008.9818
1549567136148,1008.9818
1549567136187,1008.99023
1549567136224,1008.99023
1549567136261,1008.99023
1549567136300,1008.99023
1549567136338,1008.9852
1549567136375,1008.9852
1549567136414,1008.9852
1549567136453,1008.9779
1549567136493,1008.9779
1549567136532,1008.9779
1549567136570,1008.9779
1549567136608,1008.9785
1549567136648,1008.9785
1549567136685,1008.9785
1549567136724,1008.9785
1549567136760,1008.97345
1549567136801,1008.97345
1549567136839,1008.97345
1549567136877,1008.97345
1549567136916,1008.97345
1549567136955,1008.97345
1549567136993,1008.97345
1549567137030,1008.96454
1549567137071,1008.96454
1549567137109,1008.96454
1549567137145,1008.96454
1549567137185,1008.9586
1549567137224,1008.9586
1549567137262,1008.9586
1549567137301,1008.96533
1549567137340,1008.96533
1549567137376,1008.96533
1549567137414,1008.96533
1549567137455,1008.9644
1549567137492,1008.9644
1549567137531,1008.9644
1549567137569,1008.9661
1549567137608,1008.9661
1549567137645,1008.9661
1549567137683,1008.9661
1549567137722,1008.9762
1549567137760,1008.9762
1549567137800,1008.9762
1549567137841,1008.9762
1549567137878,1008.9823
1549567137916,1008.9823
1549567137958,1008.9823
1549567137993,1008.98737
1549567138030,1008.98737
1549567138069,1008.98737
1549567138107,1008.98737
1549567138146,1008.9929
1549567138186,1008.9929
1549567138225,1008.9929
1549567138262,1008.9929
1549567138299,1008.99744
1549567138339,1008.99744
1549567138378,1008.99744
1549567138417,1008.99744
1549567138454,1008.99744
1549567138493,1008.99744
1549567138534,1008.99744
1549567138572,1008.9924
1549567138610,1008.9924
1549567138650,1008.9924
1549567138684,1008.9924
1549567138725,1008.9946
1549567138761,1008.9946
1549567138800,1008.9946
1549567138839,1008.9823
1549567138879,1008.9823
1549567138914,1008.9823
1549567138953,1008.9823
1549567138994,1008.9982
1549567139031,1008.9982
1549567139070,1008.9982
1549567139109,1008.9982
1549567139146,1008.996
1549567139187,1008.996
1549567139223,1008.996
1549567139261,1008.97
1549567139301,1008.97
1549567139338,1008.97
1549567139376,1008.97
1549567139418,1008.9137
1549567139454,1008.9137
1549567139492,1008.9137
1549567139532,1008.9137
1549567139570,1008.9249
1549567139607,1008.9249
1549567139646,1008.9249
1549567139686,1008.9383
1549567139723,1008.9383
1549567139770,1008.9383
1549567139800,1008.9383
1549567139840,1008.99365
1549567139876,1008.99365
1549567139914,1008.99365
1549567139952,1008.9542
1549567139991,1008.9542
1549567140031,1008.9542
1549567140072,1008.9542
1549567140110,1008.91675
1549567140147,1008.91675
1549567140186,1008.91675
1549567140221,1008.91675
1549567140264,1008.94696
1549567140299,1008.94696
1549567140338,1008.94696
1549567140377,1008.9125
1549567140414,1008.9125
1549567140456,1008.9125
1549567140492,1008.9125
1549567140531,1008.9276
1549567140571,1008.9276
1549567140607,1008.9276
1549567140645,1008.9276
1549567140685,1008.92004
1549567140723,1008.92004
1549567140761,1008.92004
1549567140798,1008.9133
1549567140838,1008.9133
1549567140877,1008.9133
1549567140915,1008.9133
1549567140953,1008.91833
1549567140991,1008.91833
1549567141030,1008.91833
1549567141068,1008.91833
1549567141107,1008.90155
1549567141146,1008.90155
1549567141184,1008.90155
1549567141221,1008.9027
1549567141261,1008.9027
1549567141302,1008.9027
1549567141338,1008.9027
1549567141378,1008.9178
1549567141413,1008.9178
1549567141452,1008.9178
1549567141491,1008.9178
1549567141531,1008.9169
1549567141566,1008.9169
1549567141608,1008.9169
1549567141646,1008.911
1549567141683,1008.911
1549567141719,1008.911
1549567141758,1008.911
1549567141797,1008.91547
1549567141835,1008.91547
1549567141873,1008.91547
1549567141912,1008.91547
1549567141950,1008.9054
1549567141989,1008.9054
1549567142027,1008.9054
1549567142066,1008.91547
1549567142104,1008.91547
1549567142143,1008.91547
1549567142181,1008.91547
1549567142219,1008.90875
1549567142258,1008.90875
1549567142297,1008.90875
1549567142335,1008.90875
1549567142374,1008.89276
1549567142413,1008.89276
1549567142452,1008.89276
1549567142490,1008.8894
1549567142529,1008.8894
1549567142568,1008.8894
1549567142610,1008.8894
1549567142645,1008.8945
1549567142684,1008.8945
1549567142719,1008.8945
1549567142758,1008.8939
1549567142797,1008.8939
1549567142837,1008.8939
1549567142874,1008.8939
1549567142912,1008.9031
