1549566387596,1000.8345
1549566387635,1000.8345
1549566387673,1000.8345
1549566387711,1000.8368
1549566387750,1000.8368
1549566387791,1000.8368
1549566387827,1000.8368
1549566387865,1000.8424
1549566387904,1000.8424
1549566387942,1000.8424
1549566387983,1000.8464
1549566388020,1000.8464
1549566388058,1000.8464
1549566388096,1000.8464
1549566388135,1000.8469
1549566388173,1000.8469
1549566388212,1000.8469
1549566388251,1000.8469
1549566388291,1000.83777
1549566388337,1000.83777
1549566388365,1000.83777
1549566388405,1000.8495
1549566388444,1000.8495
1549566388481,1000.8495
1549566388520,1000.8495
1549566388560,1000.857
1549566388599,1000.857
1549566388636,1000.857
1549566388674,1000.87787
1549566388713,1000.87787
1549566388751,1000.87787
1549566388788,1000.87787
1549566388827,1000.8988
1549566388865,1000.8988
1549566388904,1000.8988
1549566388943,1000.8988
1549566388983,1000.8971
1549566389019,1000.8971
1549566389058,1000.8971
1549566389097,1000.89294
1549566389136,1000.89294
1549566389175,1000.89294
1549566389212,1000.89294
1549566389251,1000.89874
1549566389288,1000.89874
1549566389326,1000.89874
1549566389365,1000.89874
1549566389403,1000.9104
1549566389444,1000.9104
1549566389481,1000.9104
1549566389522,1000.9321
1549566389558,1000.9321
1549566389596,1000.9321
1549566389634,1000.9321
1549566389673,1000.92993
1549566389711,1000.92993
1549566389750,1000.92993
1549566389788,1000.92993
1549566389827,1000.9422
1549566389866,1000.9422
1549566389903,1000.9422
1549566389942,1000.93884
1549566389982,1000.93884
1549566390019,1000.93884
1549566390057,1000.93884
1549566390096,1000.9199
1549566390134,1000.9199
1549566390175,1000.9199
1549566390212,1000.9199
1549566390258,1000.9004
1549566390289,1000.9004
1549566390328,1000.9004
1549566390365,1000.8887
1549566390404,1000.8887
1549566390444,1000.8887
1549566390482,1000.8887
1549566390520,1000.86615
1549566390559,1000.86615
1549566390597,1000.86615
1549566390635,1000.86615
1549566390673,1000.82104
1549566390712,1000.82104
1549566390751,1000.82104
1549566390791,1000.7625
1549566390829,1000.7625
1549566390865,1000.7625
1549566390903,1000.7625
1549566390943,1000.75
1549566390981,1000.75
1549566391020,1000.75
1549566391059,1000.73553
1549566391096,1000.73553
1549566391137,1000.73553
1549566391175,1000.73553
1549566391212,1000.71466
1549566391251,1000.71466
1549566391288,1000.71466
1549566391330,1000.71466
1549566391365,1000.682
1549566391404,1000.682
1549566391442,1000.682
1549566391480,1000.66675
1549566391518,1000.66675
1549566391557,1000.66675
1549566391597,1000.66675
1549566391635,1000.6261
1549566391672,1000.6261
1549566391713,1000.6261
1549566391750,1000.6261
1549566391789,1000.6007
1549566391827,1000.6007
1549566391864,1000.6007
1549566391903,1000.5721
1549566391944,1000.5721
1549566391981,1000.5721
1549566392019,1000.5721
1549566392061,1000.5417
1549566392096,1000.5417
1549566392134,1000.5417
1549566392172,1000.5417
1549566392212,1000.5033
1549566392250,1000.5033
1549566392289,1000.5033
1549566392327,1000.46796
1549566392366,1000.46796
1549566392404,1000.46796
1549566392442,1000.46796
1549566392482,1000.42676
1549566392520,1000.42676
1549566392557,1000.42676
1549566392596,1000.42676
1549566392635,1000.4036
1549566392674,1000.4036
1549566392712,1000.4036
1549566392751,1000.3686
1549566392814,1000.3686
1549566392826,1000.3686
1549566392864,1000.3686
1549566392902,1000.3458
1549566392943,1000.3458
1549566392981,1000.3458
1549566393021,1000.3458
1549566393058,1000.3126
1549566393098,1000.3126
1549566393137,1000.3126
1549566393181,1000.2748
1549566393211,1000.2748
1549566393250,1000.2748
1549566393289,1000.2748
1549566393327,1000.2428
1549566393366,1000.2428
1549566393403,1000.2428
1549566393442,1000.21436
1549566393481,1000.21436
1549566393521,1000.21436
1549566393558,1000.21436
1549566393596,1000.179
1549566393635,1000.179
1549566393673,1000.179
1549566393712,1000.179
1549566393750,1000.1587
1549566393789,1000.1587
1549566393828,1000.1587
1549566393865,1000.145
1549566393903,1000.145
1549566393943,1000.145
1549566393983,1000.145
1549566394019,1000.11865
1549566394057,1000.11865
1549566394095,1000.11865
1549566394134,1000.11865
1549566394173,1000.0908
1549566394211,1000.0908
1549566394253,1000.0908
1549566394292,1000.06995
1549566394325,1000.06995
1549566394364,1000.06995
1549566394405,1000.06995
1549566394441,1000.053
1549566394479,1000.053
1549566394517,1000.053
1549566394557,1000.053
1549566394596,1000.0329
1549566394635,1000.0329
1549566394672,1000.0329
1549566394712,1000.02374
1549566394749,1000.02374
1549566394792,1000.02374
1549566394826,1000.02374
1549566394864,1000.00085
1549566394903,1000.00085
1549566394941,1000.00085
1549566394981,1000.00085
1549566395018,999.9421
1549566395057,999.9421
1549566395096,999.9421
1549566395135,999.8677
1549566395173,999.8677
1549566395211,999.8677
1549566395250,999.8677
1549566395287,999.8641
1549566395326,999.8641
1549566395364,999.8641
1549566395403,999.8641
1549566395443,999.8822
1549566395480,999.8822
1549566395518,999.8822
1549566395556,999.9575
1549566395595,999.9575
1549566395633,999.9575
1549566395671,999.9575
1549566395709,999.90375
1549566395748,999.90375
1549566395787,999.90375
1549566395826,999.8617
1549566395864,999.8617
1549566395902,999.8617
1549566395940,999.8617
1549566395980,999.8288
1549566396018,999.8288
1549566396056,999.8288
1549566396096,999.8288
1549566396134,999.8082
1549566396172,999.8082
1549566396210,999.8082
1549566396249,999.7648
1549566396287,999.7648
1549566396326,999.7648
1549566396365,999.7648
1549566396402,999.75757
1549566396440,999.75757
1549566396480,999.75757
1549566396518,999.75757
1549566396557,999.7565
1549566396595,999.7565
1549566396633,999.7565
1549566396672,999.7554
1549566396711,999.7554
1549566396749,999.7554
1549566396789,999.7554
1549566396836,999.756
1549566396863,999.756
1549566396901,999.756
1549566396940,999.756
1549566396979,999.75903
1549566397034,999.75903
1549566397055,999.75903
1549566397094,999.7437
1549566397134,999.7437
1549566397172,999.7437
1549566397210,999.7437
1549566397248,999.751
1549566397287,999.751
1549566397325,999.751
1549566397363,999.751
1549566397403,999.744
1549566397444,999.744
1549566397479,999.744
1549566397517,999.78394
1549566397555,999.78394
