1549565979350,1007.86145
1549565979388,1007.86145
1549565979426,1007.86145
1549565979465,1007.86365
1549565979504,1007.86365
1549565979542,1007.86365
1549565979580,1007.86365
1549565979619,1007.86707
1549565979658,1007.86707
1549565979696,1007.86707
1549565979734,1007.86707
1549565979772,1007.8762
1549565979811,1007.8762
1549565979850,1007.8762
1549565979889,1007.88367
1549565979927,1007.88367
1549565979966,1007.88367
1549565980007,1007.88367
1549565980044,1007.8786
1549565980082,1007.8786
1549565980121,1007.8786
1549565980158,1007.8786
1549565980199,1007.88605
1549565980237,1007.88605
1549565980275,1007.88605
1549565980313,1007.886
1549565980354,1007.886
1549565980391,1007.886
1549565980430,1007.886
1549565980469,1007.90485
1549565980506,1007.90485
1549565980544,1007.90485
1549565980583,1007.90906
1549565980620,1007.90906
1549565980658,1007.90906
1549565980700,1007.90906
1549565980739,1007.92224
1549565980774,1007.92224
1549565980814,1007.92224
1549565980852,1007.92224
1549565980890,1007.9289
1549565980930,1007.9289
1549565980967,1007.9289
1549565981007,1007.9387
1549565981045,1007.9387
1549565981080,1007.9387
1549565981118,1007.9387
1549565981157,1007.9397
1549565981196,1007.9397
1549565981235,1007.9397
1549565981275,1007.9397
1549565981314,1008.30286
1549565981349,1008.30286
1549565981388,1008.30286
1549565981426,1008.03345
1549565981464,1008.03345
1549565981503,1008.03345
1549565981542,1008.03345
1549565981581,1007.99524
1549565981619,1007.99524
1549565981657,1007.99524
1549565981696,1007.99524
1549565981734,1008.00354
1549565981772,1008.00354
1549565981811,1008.00354
1549565981849,1008.0416
1549565981887,1008.0416
1549565981927,1008.0416
1549565981966,1008.0416
1549565982005,1008.0416
1549565982043,1008.0416
1549565982083,1008.0416
1549565982119,1008.1461
1549565982157,1008.1461
1549565982201,1008.1461
1549565982236,1008.1461
1549565982274,1008.084
1549565982312,1008.084
1549565982353,1008.084
1549565982389,1008.084
1549565982428,1008.2173
1549565982467,1008.2173
1549565982504,1008.2173
1549565982543,1008.29126
1549565982583,1008.29126
1549565982619,1008.29126
1549565982657,1008.29126
1549565982695,1008.132
1549565982736,1008.132
1549565982775,1008.132
1549565982813,1008.132
1549565982850,1007.914
1549565982891,1007.914
1549565982929,1007.914
1549565982967,1007.9588
1549565983005,1007.9588
1549565983043,1007.9588
1549565983080,1007.9588
1549565983118,1008.35913
1549565983167,1008.35913
1549565983199,1008.35913
1549565983236,1008.35913
1549565983275,1008.62714
1549565983313,1008.62714
1549565983351,1008.62714
1549565983389,1008.05054
1549565983431,1008.05054
1549565983466,1008.05054
1549565983505,1008.05054
1549565983542,1007.91547
1549565983581,1007.91547
1549565983618,1007.91547
1549565983658,1008.0034
1549565983699,1008.0076
1549565983735,1008.0076
1549565983776,1008.0076
1549565983813,1007.97943
1549565983850,1007.97943
1549565983889,1007.97943
1549565983929,1007.97943
1549565983967,1007.90375
1549565984004,1007.90375
1549565984045,1007.90375
1549565984082,1008.1336
1549565984119,1008.1336
1549565984158,1008.1336
1549565984200,1008.1336
1549565984235,1008.404
1549565984276,1008.404
1549565984312,1008.404
1549565984350,1008.404
1549565984389,1007.7886
1549565984430,1007.7886
1549565984466,1007.7886
1549565984506,1007.59186
1549565984544,1007.59186
1549565984581,1007.59186
1549565984621,1007.59186
1549565984657,1007.72784
1549565984699,1007.72784
1549565984735,1007.72784
1549565984774,1007.72784
1549565984813,1007.72784
1549565984856,1007.72784
1549565984890,1007.72784
1549565984929,1007.73376
1549565984965,1007.73376
1549565985004,1007.73376
1549565985043,1007.73376
1549565985082,1007.82
1549565985122,1007.82
1549565985157,1007.82
1549565985197,1007.82
1549565985234,1008.2522
1549565985273,1008.2522
1549565985314,1008.2522
1549565985351,1008.4015
1549565985389,1008.4015
1549565985428,1008.4015
1549565985467,1008.4015
1549565985504,1007.90454
1549565985544,1007.90454
1549565985581,1007.90454
1549565985618,1007.85803
1549565985656,1007.85803
1549565985699,1007.85803
1549565985734,1007.85803
1549565985774,1007.9121
1549565985812,1007.9121
1549565985851,1007.9121
1549565985889,1007.9121
1549565985928,1007.8142
1549565985966,1007.8142
1549565986004,1007.8142
1549565986043,1007.71625
1549565986081,1007.71625
1549565986118,1007.71625
1549565986156,1007.71625
1549565986195,1008.0463
1549565986235,1008.0463
1549565986274,1008.0463
1549565986312,1008.0463
1549565986351,1008.3675
1549565986390,1008.3675
1549565986429,1008.3675
1549565986465,1008.126
1549565986505,1008.126
1549565986543,1008.126
1549565986583,1008.126
1549565986618,1007.67645
1549565986656,1007.67645
1549565986694,1007.67645
1549565986734,1007.67645
1549565986774,1007.6914
1549565986812,1007.6914
1549565986850,1007.6914
1549565986889,1007.776
1549565986927,1007.776
1549565986966,1007.776
1549565987004,1007.776
1549565987044,1007.8025
1549565987082,1007.8025
1549565987118,1007.8025
1549565987156,1007.74115
1549565987194,1007.74115
1549565987236,1007.74115
1549565987274,1007.74115
1549565987312,1007.84894
1549565987350,1007.84894
1549565987389,1007.84894
1549565987428,1007.84894
1549565987465,1008.1319
1549565987505,1008.1319
1549565987542,1008.1319
1549565987582,1008.25134
1549565987617,1008.25134
1549565987656,1008.25134
1549565987697,1008.25134
1549565987735,1007.69293
1549565987772,1007.69293
1549565987811,1007.69293
1549565987850,1007.69293
1549565987889,1007.41925
1549565987927,1007.41925
1549565987966,1007.41925
1549565988004,1007.537
1549565988042,1007.537
1549565988081,1007.537
1549565988118,1007.537
1549565988155,1007.6011
1549565988194,1007.6011
1549565988235,1007.6011
1549565988277,1007.6011
1549565988312,1007.668
1549565988349,1007.668
1549565988390,1007.668
1549565988427,1007.63654
1549565988465,1007.63654
1549565988504,1007.63654
1549565988543,1007.63654
1549565988581,1007.8256
1549565988620,1007.8256
1549565988655,1007.8256
1549565988695,1008.11426
1549565988735,1008.11426
1549565988771,1008.11426
1549565988811,1008.11426
1549565988851,1008.37726
1549565988889,1008.37726
1549565988927,1008.37726
1549565988964,1008.37726
1549565989003,1007.7121
1549565989044,1007.7121
1549565989081,1007.7121
1549565989119,1007.3927
1549565989155,1007.3927
1549565989194,1007.3927
1549565989235,1007.3927
1549565989275,1007.44745
1549565989313,1007.44745
1549565989351,1007.44745
1549565989388,1007.44745
1549565989426,1007.5254
1549565989466,1007.5254
1549565989502,1007.5254
1549565989540,1007.542
1549565989580,1007.542
1549565989618,1007.542
1549565989656,1007.542
1549565989700,1007.5304
1549565989735,1007.5304
1549565989777,1007.5304
1549565989811,1007.5304
1549565989850,1007.683
1549565989887,1007.683
1549565989927,1007.683
1549565989966,1007.7676
1549565990003,1007.7676
1549565990042,1007.7676
1549565990080,1007.7676
1549565990117,1007.47327
1549565990155,1007.47327
1549565990198,1007.47327
1549565990234,1007.47327
1549565990275,1007.5031
1549565990313,1007.5031
1549565990349,1007.5031
1549565990389,1007.58606
1549565990426,1007.58606
1549565990466,1007.58606
1549565990505,1007.58606
1549565990541,1007.63416
1549565990580,1007.63416
1549565990618,1007.63416
1549565990655,1007.6076
1549565990693,1007.6076
1549565990733,1007.6076
1549565990772,1007.6076
1549565990811,1007.8173
1549565990850,1007.8173
1549565990887,1007.8173
1549565990928,1007.8173
1549565990964,1008.19055
1549565991003,1008.19055
1549565991042,1008.19055
1549565991079,1008.18225
1549565991119,1008.18225
1549565991155,1008.18225
1549565991194,1008.18225
1549565991238,1007.6316
1549565991275,1007.6316
1549565991311,1007.6316
1549565991349,1007.6316
1549565991387,1007.2843
1549565991426,1007.2843
1549565991466,1007.2843
1549565991503,1007.40265
1549565991540,1007.40265
1549565991580,1007.40265
1549565991617,1007.40265
1549565991655,1007.5138
1549565991694,1007.5138
1549565991734,1007.5138
1549565991772,1007.5138
1549565991812,1007.51215
1549565991849,1007.51215
1549565991888,1007.51215
1549565991926,1007.5188
1549565991964,1007.5188
1549565992002,1007.5188
1549565992041,1007.5188
1549565992081,1007.85986
1549565992118,1007.85986
1549565992156,1007.85986
1549565992194,1008.09705
1549565992235,1008.09705
1549565992273,1008.09705
1549565992309,1008.09705
1549565992348,1007.5652
1549565992387,1007.5652
1549565992425,1007.5652
1549565992464,1007.5652
1549565992501,1007.4425
1549565992542,1007.4425
1549565992579,1007.4425
1549565992617,1007.62585
1549565992654,1007.62585
1549565992693,1007.62585
1549565992735,1007.62585
1549565992771,1007.6806
1549565992811,1007.6806
1549565992849,1007.6806
1549565992886,1007.6806
1549565992925,1007.6524
1549565992964,1007.6524
1549565993002,1007.6524
1549565993042,1007.6318
1549565993078,1007.6318
1549565993116,1007.6318
1549565993155,1007.6318
1549565993193,1007.97845
1549565993234,1007.97845
1549565993271,1007.97845
1549565993309,1007.97845
1549565993348,1008.233
1549565993387,1008.233
1549565993424,1008.233
1549565993463,1007.7818
1549565993501,1007.7818
1549565993539,1007.7818
1549565993578,1007.7818
1549565993618,1007.4136
1549565993654,1007.4136
1549565993692,1007.4136
1549565993731,1007.4136
1549565993770,1007.53296
1549565993809,1007.53296
1549565993849,1007.53296
1549565993886,1007.63513
1549565993924,1007.63513
1549565993962,1007.63513
1549565994002,1007.63513
1549565994040,1007.5837
1549565994079,1007.5837
1549565994116,1007.5837
1549565994154,1007.5687
1549565994193,1007.5687
1549565994234,1007.5687
1549565994270,1007.5687
1549565994309,1007.91376
1549565994347,1007.91376
1549565994387,1007.91376
1549565994424,1007.91376
1549565994463,1008.2024
1549565994501,1008.2024
1549565994540,1008.2024
1549565994578,1007.8613
1549565994617,1007.8613
1549565994655,1007.8613
1549565994693,1007.8613
1549565994732,1007.52954
1549565994770,1007.52954
1549565994809,1007.52954
1549565994847,1007.52954
1549565994887,1007.62006
1549565994925,1007.62006
1549565994962,1007.62006
1549565995001,1007.71857
1549565995040,1007.71857
1549565995080,1007.71857
1549565995118,1007.71857
1549565995154,1007.65717
1549565995193,1007.65717
1549565995234,1007.65717
1549565995270,1007.65717
1549565995309,1007.5835
1549565995347,1007.5835
1549565995387,1007.5835
1549565995424,1007.897
1549565995462,1007.897
1549565995501,1007.897
1549565995539,1007.897
1549565995578,1008.20056
1549565995616,1008.20056
1549565995654,1008.20056
1549565995694,1008.3441
1549565995732,1008.3441
1549565995770,1008.3441
1549565995808,1008.3441
1549565995846,1007.7708
1549565995887,1007.7708
1549565995924,1007.7708
1549565995963,1007.7708
1549565996002,1007.6573
1549565996040,1007.6573
1549565996078,1007.6573
1549565996115,1007.72424
1549565996153,1007.72424
1549565996192,1007.72424
1549565996232,1007.72424
1549565996270,1007.73444
1549565996310,1007.73444
1549565996348,1007.73444
1549565996387,1007.73444
1549565996424,1007.66974
1549565996462,1007.66974
1549565996500,1007.66974
1549565996539,1007.84717
1549565996578,1007.84717
1549565996616,1007.84717
1549565996654,1007.84717
1549565996693,1008.1489
1549565996731,1008.1489
1549565996769,1008.1489
1549565996809,1008.1489
1549565996847,1008.2302
1549565996885,1008.2302
1549565996924,1008.2302
1549565996962,1007.59644
1549565997001,1007.59644
1549565997040,1007.59644
1549565997078,1007.59644
1549565997116,1007.42084
1549565997153,1007.42084
1549565997192,1007.42084
1549565997233,1007.42084
1549565997269,1007.5077
1549565997309,1007.5077
1549565997348,1007.5077
1549565997385,1007.55994
1549565997423,1007.55994
1549565997463,1007.55994
1549565997501,1007.55994
1549565997539,1007.4796
1549565997577,1007.4796
1549565997618,1007.4796
1549565997654,1007.48285
1549565997693,1007.48285
1549565997731,1007.48285
1549565997770,1007.48285
1549565997808,1007.64197
1549565997848,1007.64197
1549565997886,1007.64197
1549565997923,1007.64197
1549565997962,1007.72314
1549565998001,1007.72314
1549565998040,1007.72314
1549565998078,1007.6528
1549565998116,1007.6528
1549565998154,1007.6528
1549565998191,1007.6528
1549565998231,1007.5176
1549565998270,1007.5176
1549565998309,1007.5176
1549565998346,1007.5176
1549565998386,1007.5814
1549565998424,1007.5814
1549565998462,1007.5814
1549565998502,1007.6145
1549565998539,1007.6145
1549565998597,1007.6145
1549565998620,1007.6145
1549565998653,1007.5132
1549565998691,1007.5132
1549565998731,1007.5132
1549565998771,1007.5132
1549565998811,1007.52637
1549565998850,1007.52637
1549565998887,1007.52637
1549565998924,1007.64075
1549565998965,1007.64075
1549565999001,1007.64075
1549565999039,1007.64075
1549565999077,1007.6891
1549565999116,1007.6891
1549565999153,1007.6891
1549565999192,1007.5221
1549565999231,1007.5221
1549565999270,1007.5221
1549565999310,1007.5221
1549565999347,1007.55023
1549565999386,1007.55023
1549565999425,1007.55023
1549565999463,1007.55023
1549565999501,1007.6799
1549565999539,1007.6799
1549565999580,1007.6799
1549565999617,1007.6399
1549565999653,1007.6399
1549565999691,1007.6399
1549565999733,1007.6399
1549565999769,1007.4872
1549565999807,1007.4872
1549565999848,1007.4872
1549565999885,1007.4872
1549565999924,1007.4765
1549565999963,1007.4765
1549566000000,1007.4765
1549566000039,1007.7625
1549566000075,1007.7625
1549566000115,1007.7625
1549566000153,1007.7625
1549566000191,1007.8463
1549566000233,1007.8463
1549566000269,1007.8463
1549566000308,1007.8463
1549566000346,1007.35675
1549566000385,1007.35675
1549566000425,1007.35675
1549566000461,1007.2382
1549566000500,1007.2382
1549566000539,1007.2382
1549566000578,1007.2382
1549566000617,1007.33875
1549566000653,1007.33875
1549566000691,1007.33875
1549566000735,1007.3469
1549566000771,1007.3469
1549566000809,1007.3469
1549566000848,1007.3469
1549566000886,1007.3003
1549566000923,1007.3003
1549566000961,1007.3003
1549566001000,1007.3003
1549566001039,1007.42236
1549566001077,1007.42236
1549566001117,1007.42236
1549566001153,1007.7432
1549566001191,1007.7432
1549566001231,1007.7432
1549566001270,1007.7432
1549566001308,1007.95984
1549566001347,1007.95984
1549566001385,1007.95984
1549566001424,1007.95984
1549566001461,1007.4238
1549566001502,1007.4238
1549566001540,1007.4238
1549566001576,1007.3359
1549566001616,1007.3359
1549566001653,1007.3359
1549566001691,1007.3359
1549566001739,1007.3899
1549566001769,1007.3899
1549566001808,1007.3899
1549566001848,1007.3899
1549566001885,1007.3706
1549566001924,1007.3706
1549566001962,1007.3706
1549566002000,1007.3467
1549566002039,1007.3467
1549566002077,1007.3467
1549566002115,1007.3467
1549566002153,1007.47205
1549566002190,1007.47205
1549566002230,1007.47205
1549566002268,1007.47205
1549566002309,1007.7564
1549566002345,1007.7564
1549566002384,1007.7564
1549566002423,1007.79785
1549566002461,1007.79785
1549566002499,1007.79785
1549566002536,1007.79785
1549566002575,1007.1583
1549566002614,1007.1583
1549566002652,1007.1583
1549566002691,1007.05774
1549566002732,1007.05774
1549566002770,1007.05774
1549566002810,1007.05774
1549566002847,1007.1582
1549566002884,1007.1582
1549566002922,1007.1582
1549566002962,1007.1582
1549566003000,1007.208
1549566003041,1007.208
1549566003079,1007.208
1549566003117,1007.2455
1549566003153,1007.2455
1549566003190,1007.2455
1549566003230,1007.2455
1549566003269,1007.3108
1549566003306,1007.3108
1549566003347,1007.3108
1549566003384,1007.3108
1549566003424,1007.6758
1549566003462,1007.6758
1549566003504,1007.6758
1549566003539,1007.81683
1549566003576,1007.81683
1549566003614,1007.81683
1549566003654,1007.81683
1549566003690,1007.325
1549566003731,1007.325
1549566003769,1007.325
1549566003807,1007.325
1549566003847,1006.82556
1549566003884,1006.82556
1549566003924,1006.82556
1549566003961,1006.8769
1549566004000,1006.8769
1549566004039,1006.8769
1549566004078,1006.8769
1549566004116,1006.9947
1549566004152,1006.9947
1549566004190,1006.9947
1549566004232,1007.06104
1549566004270,1007.06104
1549566004308,1007.06104
1549566004345,1007.06104
1549566004387,1006.9831
1549566004424,1006.9831
1549566004463,1006.9831
1549566004500,1006.9831
1549566004539,1007.17725
1549566004577,1007.17725
1549566004614,1007.17725
1549566004652,1007.4709
1549566004690,1007.4709
1549566004736,1007.4709
1549566004769,1007.4709
1549566004808,1007.62854
1549566004844,1007.62854
1549566004882,1007.62854
1549566004921,1007.62854
1549566004963,1007.13336
1549566005001,1007.13336
1549566005039,1007.13336
1549566005076,1007.0155
1549566005116,1007.0155
1549566005152,1007.0155
1549566005190,1007.0155
1549566005237,1007.13666
1549566005270,1007.13666
1549566005308,1007.13666
1549566005346,1007.13666
1549566005386,1007.1622
1549566005422,1007.1622
1549566005461,1007.1622
1549566005499,1007.11334
1549566005537,1007.11334
1549566005577,1007.11334
1549566005615,1007.11334
1549566005652,1007.25604
1549566005691,1007.25604
1549566005729,1007.25604
1549566005769,1007.25604
1549566005806,1007.63434
1549566005846,1007.63434
1549566005884,1007.63434
1549566005925,1007.91473
1549566005961,1007.91473
1549566006001,1007.91473
1549566006037,1007.91473
1549566006077,1007.2782
1549566006115,1007.2782
1549566006151,1007.2782
1549566006190,1006.729
1549566006230,1006.729
1549566006269,1006.729
1549566006309,1006.729
1549566006346,1006.75055
1549566006384,1006.75055
1549566006423,1006.75055
1549566006463,1006.75055
1549566006500,1006.8842
1549566006537,1006.8842
1549566006576,1006.8842
1549566006616,1006.8385
1549566006653,1006.8385
1549566006689,1006.8385
1549566006729,1006.8385
1549566006768,1006.8186
1549566006806,1006.8186
1549566006845,1006.8186
1549566006884,1006.8186
1549566006925,1007.0459
1549566006961,1007.0459
1549566006998,1007.0459
1549566007036,1007.2227
1549566007076,1007.2227
1549566007115,1007.2227
1549566007155,1007.2227
1549566007190,1007.2344
1549566007233,1007.2344
1549566007268,1007.2344
1549566007313,1007.2344
1549566007344,1006.87024
1549566007383,1006.87024
1549566007423,1006.87024
1549566007461,1006.94824
1549566007500,1006.94824
1549566007539,1006.94824
1549566007576,1006.94824
1549566007616,1007.0235
1549566007652,1007.0235
1549566007689,1007.0235
1549566007732,1006.93726
1549566007768,1006.93726
1549566007806,1006.93726
1549566007846,1006.93726
1549566007884,1006.89905
1549566007922,1006.89905
1549566007961,1006.89905
1549566007999,1006.89905
1549566008037,1007.2226
1549566008076,1007.2226
1549566008114,1007.2226
1549566008151,1007.46155
1549566008189,1007.46155
1549566008232,1007.46155
1549566008270,1007.46155
1549566008307,1006.87024
1549566008346,1006.87024
1549566008383,1006.87024
1549566008424,1006.87024
1549566008460,1006.67175
1549566008499,1006.67175
1549566008539,1006.67175
1549566008576,1006.77795
1549566008616,1006.77795
1549566008653,1006.77795
1549566008689,1006.77795
1549566008728,1006.83105
1549566008769,1006.83105
1549566008805,1006.83105
1549566008845,1006.83105
1549566008884,1006.80286
1549566008922,1006.80286
1549566008960,1006.80286
1549566008999,1006.86847
1549566009037,1006.86847
1549566009076,1006.86847
1549566009114,1006.86847
1549566009151,1007.197
1549566009190,1007.197
1549566009228,1007.197
1549566009267,1007.4094
1549566009307,1007.4094
1549566009345,1007.4094
1549566009383,1007.4094
1549566009423,1006.77814
1549566009460,1006.77814
1549566009499,1006.77814
1549566009538,1006.77814
1549566009575,1006.67694
1549566009613,1006.67694
1549566009651,1006.67694
1549566009689,1006.822
1549566009727,1006.822
1549566009769,1006.822
1549566009805,1006.822
1549566009846,1006.8445
1549566009884,1006.8445
1549566009921,1006.8445
1549566009961,1006.8445
1549566009998,1006.8346
1549566010037,1006.8346
1549566010077,1006.8346
1549566010114,1006.9431
1549566010151,1006.9431
1549566010190,1006.9431
1549566010228,1006.9431
1549566010270,1007.3015
1549566010305,1007.3015
1549566010344,1007.3015
1549566010383,1007.3015
1549566010421,1007.5869
1549566010460,1007.5869
1549566010499,1007.5869
1549566010537,1006.99457
1549566010575,1006.99457
1549566010614,1006.99457
1549566010650,1006.99457
1549566010688,1006.9192
1549566010728,1006.9192
1549566010771,1006.9192
1549566010805,1006.9192
1549566010844,1006.9889
1549566010884,1006.9889
1549566010921,1006.9889
1549566010961,1006.8943
1549566010999,1006.8943
1549566011036,1006.8943
1549566011076,1006.8943
1549566011114,1006.891
1549566011153,1006.891
1549566011188,1006.891
1549566011227,1007.2278
1549566011267,1007.2278
1549566011304,1007.2278
1549566011342,1007.2278
1549566011382,1007.4087
1549566011420,1007.4087
1549566011460,1007.4087
1549566011497,1007.4087
1549566011535,1006.82355
1549566011582,1006.82355
1549566011618,1006.82355
1549566011650,1006.5896
1549566011688,1006.5896
1549566011726,1006.5896
1549566011768,1006.5896
1549566011805,1006.7083
1549566011843,1006.7083
1549566011882,1006.7083
1549566011921,1006.7083
1549566011959,1006.7472
1549566011997,1006.7472
1549566012035,1006.7472
1549566012074,1006.7747
1549566012115,1006.7747
1549566012152,1006.7747
1549566012189,1006.7747
1549566012226,1006.9091
1549566012266,1006.9091
1549566012304,1006.9091
1549566012343,1006.9091
1549566012382,1007.2316
1549566012421,1007.2316
1549566012458,1007.2316
1549566012497,1007.4111
1549566012535,1007.4111
1549566012573,1007.4111
1549566012613,1007.4111
1549566012650,1006.7712
1549566012689,1006.7712
1549566012727,1006.7712
1549566012766,1006.66425
1549566012805,1006.66425
1549566012842,1006.66425
1549566012881,1006.66425
1549566012920,1006.79095
1549566012959,1006.79095
1549566012998,1006.79095
1549566013035,1006.79095
1549566013074,1006.78284
1549566013111,1006.78284
1549566013151,1006.78284
1549566013188,1006.73865
1549566013226,1006.73865
1549566013266,1006.73865
1549566013305,1006.73865
1549566013343,1007.06226
1549566013382,1007.06226
1549566013420,1007.06226
1549566013458,1007.06226
1549566013499,1007.4863
1549566013536,1007.4863
1549566013574,1007.4863
1549566013612,1007.69604
1549566013650,1007.69604
1549566013689,1007.69604
1549566013727,1007.69604
1549566013766,1006.9709
1549566013804,1006.9709
1549566013842,1006.9709
1549566013881,1006.9709
1549566013920,1006.5487
1549566013959,1006.5487
1549566013997,1006.5487
1549566014036,1006.5861
1549566014074,1006.5861
1549566014113,1006.5861
1549566014151,1006.5861
1549566014188,1006.67633
1549566014226,1006.67633
1549566014277,1006.67633
1549566014303,1006.64813
1549566014343,1006.6563
1549566014381,1006.6563
1549566014420,1006.6563
1549566014457,1006.6878
1549566014497,1006.6878
1549566014535,1006.6878
1549566014574,1006.6878
1549566014613,1006.98175
1549566014650,1006.98175
1549566014688,1006.98175
1549566014726,1006.95416
1549566014766,1006.95416
1549566014805,1006.95416
1549566014843,1006.95416
1549566014881,1006.56177
1549566014920,1006.56177
1549566014960,1006.56177
1549566014997,1006.56177
1549566015036,1006.57007
1549566015074,1006.57007
1549566015111,1006.57007
1549566015150,1006.73425
1549566015187,1006.73425
1549566015226,1006.73425
1549566015271,1006.73425
1549566015304,1006.77234
1549566015342,1006.77234
1549566015381,1006.77234
1549566015419,1006.77234
1549566015459,1006.78485
1549566015496,1006.78485
1549566015535,1006.78485
1549566015572,1006.9375
1549566015613,1006.9375
1549566015651,1006.9375
1549566015687,1006.9375
1549566015726,1007.2461
1549566015766,1007.2461
1549566015804,1007.2461
1549566015843,1007.2461
1549566015880,1007.29016
1549566015921,1007.29016
1549566015958,1007.29016
1549566015997,1006.8718
1549566016035,1006.8718
1549566016073,1006.8718
1549566016112,1006.8718
1549566016150,1006.8363
1549566016187,1006.8363
1549566016226,1006.8363
1549566016268,1006.8876
1549566016303,1006.8876
1549566016341,1006.8876
1549566016380,1006.8876
1549566016419,1006.7962
1549566016457,1006.7962
1549566016497,1006.7962
1549566016534,1006.7962
1549566016573,1006.7291
1549566016613,1006.7291
1549566016650,1006.7291
1549566016688,1006.97864
1549566016725,1006.97864
1549566016769,1006.97864
1549566016804,1006.97864
1549566016843,1007.2451
1549566016881,1007.2451
1549566016920,1007.2451
1549566016959,1007.2451
1549566016997,1007.28424
1549566017034,1007.28424
1549566017074,1007.28424
1549566017113,1006.7381
1549566017149,1006.7381
1549566017187,1006.7381
1549566017226,1006.7381
1549566017269,1006.6816
1549566017304,1006.6816
1549566017343,1006.6816
1549566017381,1006.6816
1549566017421,1006.797
1549566017458,1006.797
1549566017501,1006.797
1549566017537,1006.7611
1549566017574,1006.7611
1549566017612,1006.7611
1549566017654,1006.7611
1549566017687,1006.7438
1549566017726,1006.7438
1549566017766,1006.7438
1549566017804,1006.8141
1549566017843,1006.8141
1549566017883,1006.8141
1549566017920,1006.8141
1549566017959,1007.147
1549566017997,1007.147
1549566018035,1007.147
1549566018074,1007.147
1549566018112,1007.2763
1549566018151,1007.2763
1549566018187,1007.2763
1549566018225,1006.6665
1549566018266,1006.6665
1549566018303,1006.6665
1549566018342,1006.6665
1549566018381,1006.4374
1549566018420,1006.4374
1549566018459,1006.4374
1549566018503,1006.4374
1549566018537,1006.5943
1549566018573,1006.5943
1549566018612,1006.5943
1549566018651,1006.6275
1549566018687,1006.6275
1549566018725,1006.6275
1549566018774,1006.6275
1549566018804,1006.55505
1549566018843,1006.55505
1549566018881,1006.55505
1549566018918,1006.55505
1549566018957,1006.6274
1549566018996,1006.6274
1549566019036,1006.6274
1549566019073,1006.99475
1549566019111,1006.99475
1549566019151,1006.99475
1549566019187,1006.99475
1549566019225,1007.2031
1549566019266,1007.2031
1549566019304,1007.2031
1549566019342,1007.2031
1549566019381,1006.62726
1549566019420,1006.62726
1549566019458,1006.62726
1549566019501,1006.3626
1549566019533,1006.3626
1549566019573,1006.3626
1549566019612,1006.3626
1549566019651,1006.4861
1549566019688,1006.4861
1549566019725,1006.4861
1549566019773,1006.55005
1549566019804,1006.55005
1549566019842,1006.55005
1549566019880,1006.55005
1549566019919,1006.51184
1549566019958,1006.51184
1549566019996,1006.51184
1549566020035,1006.51184
1549566020075,1006.5766
1549566020111,1006.5766
1549566020151,1006.5766
1549566020186,1006.9128
1549566020224,1006.9128
1549566020266,1006.9128
1549566020302,1006.9128
1549566020341,1007.14514
1549566020380,1007.14514
1549566020418,1007.14514
1549566020456,1007.14514
1549566020494,1006.6489
1549566020534,1006.6489
1549566020572,1006.6489
1549566020611,1006.3159
1549566020649,1006.3159
1549566020686,1006.3159
1549566020725,1006.3159
1549566020766,1006.433
1549566020803,1006.433
1549566020842,1006.433
1549566020880,1006.433
1549566020919,1006.5382
1549566020958,1006.5382
1549566020997,1006.5382
1549566021036,1006.4635
1549566021073,1006.4635
1549566021111,1006.4635
1549566021149,1006.4635
1549566021192,1006.49835
1549566021224,1006.49835
1549566021264,1006.49835
1549566021303,1006.9266
1549566021342,1006.9266
1549566021381,1006.9266
1549566021419,1006.9266
1549566021457,1007.3996
1549566021500,1007.3996
1549566021533,1007.3996
1549566021571,1007.3996
1549566021610,1007.25024
1549566021648,1007.25024
1549566021693,1007.25024
1549566021725,1006.423
1549566021765,1006.423
1549566021804,1006.423
1549566021842,1006.423
1549566021881,1006.25696
1549566021920,1006.25696
1549566021957,1006.25696
1549566021998,1006.25696
1549566022036,1006.3741
1549566022073,1006.3741
1549566022112,1006.3741
1549566022151,1006.5268
1549566022190,1006.5268
1549566022224,1006.5268
1549566022268,1006.5268
1549566022302,1006.45105
1549566022341,1006.45105
1549566022381,1006.45105
1549566022419,1006.45105
1549566022463,1006.50354
1549566022499,1006.50354
1549566022534,1006.50354
1549566022571,1006.8676
1549566022612,1006.8676
1549566022651,1006.8676
1549566022687,1006.8676
1549566022724,1007.14575
1549566022766,1007.14575
1549566022801,1007.14575
1549566022841,1007.14575
1549566022880,1007.1514
1549566022919,1007.1514
1549566022956,1007.1514
1549566022996,1006.8427
1549566023034,1006.8427
1549566023073,1006.8427
1549566023111,1006.8427
1549566023151,1006.3756
1549566023186,1006.3756
1549566023223,1006.3756
1549566023263,1006.3175
1549566023303,1006.3175
1549566023342,1006.3175
1549566023380,1006.3175
1549566023418,1006.4619
1549566023457,1006.4619
1549566023496,1006.4619
1549566023533,1006.4619
1549566023572,1006.4984
1549566023611,1006.4984
1549566023650,1006.4984
1549566023686,1006.447
1549566023724,1006.447
1549566023762,1006.447
1549566023802,1006.447
1549566023841,1006.45605
1549566023880,1006.45605
1549566023919,1006.45605
1549566023957,1006.45605
1549566023996,1006.769
1549566024034,1006.769
1549566024072,1006.769
1549566024111,1007.02954
1549566024148,1007.02954
1549566024186,1007.02954
1549566024224,1007.02954
1549566024264,1006.59863
1549566024303,1006.59863
1549566024341,1006.59863
1549566024380,1006.59863
1549566024419,1006.25507
1549566024461,1006.25507
1549566024506,1006.25507
1549566024536,1006.339
1549566024572,1006.339
1549566024612,1006.339
1549566024651,1006.339
1549566024685,1006.46014
1549566024723,1006.46014
1549566024770,1006.46014
1549566024802,1006.344
1549566024840,1006.344
1549566024880,1006.344
1549566024919,1006.344
1549566024957,1006.3473
1549566024995,1006.3473
1549566025032,1006.3473
1549566025073,1006.3473
1549566025111,1006.7373
1549566025149,1006.7373
1549566025189,1006.7373
1549566025224,1006.9232
1549566025267,1006.9232
1549566025302,1006.9232
1549566025340,1006.9232
1549566025379,1006.29346
1549566025417,1006.29346
1549566025456,1006.29346
1549566025504,1006.29346
1549566025536,1006.1365
1549566025573,1006.1365
1549566025611,1006.1365
1549566025650,1006.31006
1549566025686,1006.31006
1549566025723,1006.31006
1549566025766,1006.31006
1549566025802,1006.3538
1549566025839,1006.3538
1549566025880,1006.3538
1549566025918,1006.3538
1549566025955,1006.33826
1549566025995,1006.33826
1549566026033,1006.33826
1549566026071,1006.4635
1549566026111,1006.4635
1549566026148,1006.4635
1549566026185,1006.4635
1549566026226,1006.7947
1549566026263,1006.7947
1549566026302,1006.7947
1549566026340,1006.7947
1549566026379,1007.03595
1549566026418,1007.03595
1549566026455,1007.03595
1549566026504,1006.3804
1549566026537,1006.3804
1549566026573,1006.3804
1549566026608,1006.3804
1549566026648,1006.26025
1549566026685,1006.26025
1549566026723,1006.26025
1549566026762,1006.36816
1549566026803,1006.36816
1549566026841,1006.36816
1549566026880,1006.36816
1549566026916,1006.35046
1549566026957,1006.35046
1549566026995,1006.35046
1549566027032,1006.35046
1549566027072,1006.304
1549566027109,1006.304
1549566027150,1006.304
1549566027186,1006.4849
1549566027223,1006.4849
1549566027262,1006.4849
1549566027302,1006.4849
1549566027341,1006.8069
1549566027378,1006.8069
1549566027417,1006.8069
1549566027457,1006.8069
1549566027503,1006.86597
1549566027532,1006.86597
1549566027572,1006.86597
1549566027610,1006.4145
1549566027647,1006.4145
1549566027684,1006.4145
1549566027724,1006.4145
1549566027765,1006.3985
1549566027803,1006.3985
1549566027840,1006.3985
1549566027878,1006.3985
1549566027918,1006.48975
1549566027956,1006.48975
1549566027995,1006.48975
1549566028033,1006.39954
1549566028072,1006.39954
1549566028111,1006.39954
1549566028147,1006.39954
1549566028185,1006.35144
1549566028222,1006.35144
1549566028262,1006.35144
1549566028304,1006.59375
1549566028340,1006.59375
1549566028380,1006.59375
1549566028417,1006.59375
1549566028456,1006.9373
1549566028495,1006.9373
1549566028532,1006.9373
1549566028571,1006.9373
1549566028610,1006.84436
1549566028648,1006.84436
1549566028685,1006.84436
1549566028723,1006.30164
1549566028762,1006.30164
1549566028801,1006.30164
1549566028840,1006.30164
1549566028878,1006.26074
1549566028917,1006.26074
1549566028955,1006.26074
1549566028992,1006.26074
1549566029033,1006.38354
1549566029070,1006.38354
1549566029111,1006.38354
1549566029147,1006.357
1549566029184,1006.357
1549566029222,1006.357
1549566029261,1006.357
1549566029302,1006.2624
1549566029339,1006.2624
1549566029378,1006.2624
1549566029417,1006.2624
1549566029455,1006.36127
1549566029495,1006.36127
1549566029534,1006.36127
1549566029569,1006.61523
1549566029609,1006.61523
1549566029648,1006.61523
1549566029684,1006.61523
1549566029723,1006.7197
1549566029764,1006.7197
1549566029801,1006.7197
1549566029839,1006.7197
1549566029880,1006.333
1549566029917,1006.333
1549566029956,1006.333
1549566029994,1006.31903
1549566030033,1006.31903
1549566030070,1006.31903
1549566030108,1006.31903
1549566030147,1006.36115
1549566030185,1006.36115
1549566030223,1006.36115
1549566030261,1006.47235
1549566030302,1006.47235
1549566030339,1006.47235
1549566030379,1006.47235
1549566030416,1006.3637
1549566030456,1006.3637
1549566030493,1006.3637
1549566030533,1006.3637
1549566030573,1006.47
1549566030608,1006.47
1549566030647,1006.47
1549566030685,1006.85004
1549566030722,1006.85004
1549566030761,1006.85004
1549566030801,1006.85004
1549566030840,1007.03595
1549566030878,1007.03595
1549566030917,1007.03595
1549566030955,1007.03595
1549566030993,1006.6343
1549566031033,1006.6343
1549566031069,1006.6343
1549566031108,1006.09814
1549566031148,1006.09814
1549566031184,1006.09814
1549566031222,1006.09814
1549566031260,1006.06665
1549566031301,1006.06665
1549566031339,1006.06665
1549566031377,1006.06665
1549566031417,1006.19275
1549566031454,1006.19275
1549566031495,1006.19275
1549566031533,1006.1937
1549566031569,1006.1937
1549566031610,1006.1937
1549566031647,1006.1937
1549566031684,1006.1588
1549566031721,1006.1588
1549566031761,1006.1588
1549566031804,1006.3032
1549566031841,1006.3032
1549566031880,1006.3032
1549566031916,1006.3032
1549566031957,1006.6601
1549566031993,1006.6601
1549566032032,1006.6601
1549566032070,1006.6601
1549566032109,1006.7968
1549566032148,1006.7968
1549566032185,1006.7968
1549566032222,1006.32544
1549566032261,1006.32544
1549566032301,1006.32544
1549566032340,1006.32544
1549566032377,1006.28986
1549566032417,1006.28986
1549566032455,1006.28986
1549566032493,1006.28986
1549566032532,1006.406
1549566032569,1006.406
1549566032609,1006.406
1549566032646,1006.34534
1549566032684,1006.34534
1549566032721,1006.34534
1549566032760,1006.34534
1549566032801,1006.27655
1549566032839,1006.27655
1549566032877,1006.27655
1549566032917,1006.27655
1549566032954,1006.44586
1549566032994,1006.44586
1549566033029,1006.44586
1549566033068,1006.7264
1549566033106,1006.7264
1549566033145,1006.7264
1549566033184,1006.7264
1549566033222,1006.8459
1549566033260,1006.8459
1549566033301,1006.8459
1549566033338,1006.8459
1549566033377,1006.25995
1549566033417,1006.25995
1549566033455,1006.25995
1549566033495,1006.13275
1549566033532,1006.13275
1549566033571,1006.13275
1549566033608,1006.13275
1549566033646,1006.2257
1549566033688,1006.2257
1549566033722,1006.2257
1549566033760,1006.23236
1549566033805,1006.23236
1549566033838,1006.23236
1549566033879,1006.23236
1549566033916,1006.151
1549566033955,1006.151
1549566033992,1006.151
1549566034031,1006.151
1549566034070,1006.2871
1549566034107,1006.2871
1549566034146,1006.2871
1549566034185,1006.5835
1549566034222,1006.5835
1549566034260,1006.5835
1549566034300,1006.5835
1549566034338,1006.78766
1549566034377,1006.78766
1549566034415,1006.78766
1549566034453,1006.78766
1549566034493,1006.08154
1549566034530,1006.08154
1549566034568,1006.08154
1549566034608,1005.82666
1549566034646,1005.82666
1549566034683,1005.82666
1549566034721,1005.82666
1549566034760,1005.97864
1549566034800,1005.97864
1549566034840,1005.97864
1549566034879,1005.97864
1549566034915,1005.9935
1549566034953,1005.9935
1549566034991,1005.9935
1549566035033,1005.98193
1549566035070,1005.98193
1549566035107,1005.98193
1549566035145,1005.98193
1549566035184,1006.17114
1549566035221,1006.17114
1549566035261,1006.17114
1549566035301,1006.4539
1549566035342,1006.4539
1549566035376,1006.4539
1549566035415,1006.4539
1549566035453,1006.5967
1549566035493,1006.5967
1549566035532,1006.5967
1549566035575,1006.5967
1549566035605,1006.05316
1549566035644,1006.05316
1549566035683,1006.05316
1549566035721,1005.8042
1549566035760,1005.8042
1549566035802,1005.8042
1549566035840,1005.8042
1549566035879,1005.95856
1549566035915,1005.95856
1549566035954,1005.95856
1549566035993,1005.95856
1549566036031,1006.02826
1549566036069,1006.02826
1549566036107,1006.02826
1549566036147,1006.0073
1549566036184,1006.0073
1549566036221,1006.0073
1549566036260,1006.0073
1549566036299,1006.1749
1549566036337,1006.1749
1549566036377,1006.1749
1549566036415,1006.1749
1549566036454,1006.55005
1549566036493,1006.55005
1549566036530,1006.55005
1549566036569,1006.73096
1549566036609,1006.73096
1549566036646,1006.73096
1549566036685,1006.73096
1549566036721,1006.1742
1549566036759,1006.1742
1549566036800,1006.1742
1549566036839,1006.1742
1549566036875,1006.02246
1549566036915,1006.02246
1549566036955,1006.02246
1549566036991,1006.11707
1549566037030,1006.11707
1549566037068,1006.11707
1549566037107,1006.11707
1549566037146,1006.10046
1549566037184,1006.10046
1549566037221,1006.10046
1549566037259,1006.0579
1549566037300,1006.0579
1549566037337,1006.0579
1549566037375,1006.0579
1549566037415,1005.9865
1549566037452,1005.9865
1549566037492,1005.9865
1549566037530,1005.9865
1549566037569,1006.2504
1549566037606,1006.2504
1549566037644,1006.2504
1549566037683,1006.26794
1549566037720,1006.26794
1549566037759,1006.26794
1549566037797,1006.26794
1549566037835,1006.03064
1549566037874,1006.03064
1549566037914,1006.03064
1549566037952,1006.03064
1549566037990,1005.92834
1549566038033,1005.92834
1549566038069,1005.92834
1549566038106,1005.98474
1549566038144,1005.98474
1549566038183,1005.98474
1549566038220,1005.98474
1549566038259,1006.07104
1549566038299,1006.07104
1549566038338,1006.07104
1549566038376,1006.07104
1549566038413,1006.0305
1549566038452,1006.0305
1549566038490,1006.0305
1549566038529,1005.9807
1549566038568,1005.9807
1549566038607,1005.9807
1549566038645,1005.9807
1549566038683,1006.29535
1549566038722,1006.29535
1549566038759,1006.29535
1549566038798,1006.62067
1549566038836,1006.62067
1549566038876,1006.62067
1549566038913,1006.62067
1549566038951,1006.6843
1549566038990,1006.6843
1549566039030,1006.6843
1549566039067,1006.6843
1549566039105,1006.0536
1549566039144,1006.0536
1549566039185,1006.0536
1549566039220,1005.643
1549566039259,1005.643
1549566039300,1005.643
1549566039337,1005.643
1549566039375,1005.7299
1549566039414,1005.7299
1549566039451,1005.7299
1549566039490,1005.7299
1549566039528,1005.8245
1549566039567,1005.8245
1549566039605,1005.8245
1549566039644,1005.76575
1549566039684,1005.76575
1549566039720,1005.76575
1549566039758,1005.76575
1549566039799,1005.77795
1549566039835,1005.77795
1549566039874,1005.77795
1549566039913,1005.77795
1549566039952,1006.1448
1549566039992,1006.1448
1549566040028,1006.1448
1549566040069,1006.42365
1549566040107,1006.42365
1549566040144,1006.42365
1549566040182,1006.42365
1549566040220,1005.905
1549566040259,1005.905
1549566040297,1005.905
1549566040335,1005.905
1549566040373,1005.6477
1549566040412,1005.6477
1549566040451,1005.6477
1549566040490,1005.75397
1549566040527,1005.75397
1549566040567,1005.75397
1549566040606,1005.75397
1549566040644,1005.8403
1549566040683,1005.8403
1549566040720,1005.8403
1549566040758,1005.82025
1549566040799,1005.82025
1549566040836,1005.82025
1549566040875,1005.82025
1549566040913,1005.876
1549566040952,1005.876
1549566040990,1005.876
1549566041028,1005.876
1549566041067,1006.2792
1549566041106,1006.2792
1549566041144,1006.2792
1549566041182,1006.5149
1549566041220,1006.5149
1549566041259,1006.5149
1549566041298,1006.5149
1549566041335,1005.9105
1549566041375,1005.9105
1549566041413,1005.9105
1549566041451,1005.9105
1549566041491,1005.6476
1549566041528,1005.6476
1549566041568,1005.6476
1549566041605,1005.75806
1549566041645,1005.75806
1549566041682,1005.75806
1549566041720,1005.75806
1549566041758,1005.82666
1549566041797,1005.82666
1549566041835,1005.82666
1549566041876,1005.82666
1549566041915,1005.80273
1549566041952,1005.80273
1549566041989,1005.80273
1549566042029,1005.8465
1549566042067,1005.8465
1549566042106,1005.8465
1549566042145,1005.8465
1549566042182,1006.1768
1549566042221,1006.1768
1549566042258,1006.1768
1549566042302,1006.47394
1549566042336,1006.4824
1549566042374,1006.4824
1549566042413,1006.4824
1549566042451,1006.0249
1549566042490,1006.0249
1549566042528,1006.0249
1549566042567,1006.0249
1549566042606,1005.6961
1549566042644,1005.6961
1549566042682,1005.6961
1549566042722,1005.7452
1549566042760,1005.7452
1549566042797,1005.7452
1549566042836,1005.7452
1549566042875,1005.8175
1549566042915,1005.8175
1549566042951,1005.8175
1549566042989,1005.8175
1549566043028,1005.7768
1549566043065,1005.7768
1549566043104,1005.7768
1549566043144,1005.7584
1549566043182,1005.7584
1549566043222,1005.7584
1549566043257,1005.7584
1549566043300,1006.07104
1549566043335,1006.07104
1549566043373,1006.07104
1549566043413,1006.07104
1549566043450,1006.4055
1549566043490,1006.4055
1549566043529,1006.4055
1549566043566,1006.2953
1549566043605,1006.2953
1549566043644,1006.2953
1549566043681,1006.2953
1549566043719,1005.90094
1549566043757,1005.90094
1549566043797,1005.90094
1549566043836,1005.90094
1549566043875,1005.9141
1549566043912,1005.9141
1549566043952,1005.9141
1549566043989,1006.021
1549566044028,1006.021
1549566044066,1006.021
1549566044105,1006.021
1549566044144,1005.9199
1549566044181,1005.9199
1549566044220,1005.9199
1549566044257,1005.83844
1549566044300,1005.83844
1549566044335,1005.83844
1549566044373,1005.83844
1549566044412,1006.0849
1549566044452,1006.0849
1549566044490,1006.0849
1549566044528,1006.0849
1549566044566,1006.39984
1549566044606,1006.39984
1549566044644,1006.39984
1549566044681,1006.4977
1549566044719,1006.4977
1549566044757,1006.4977
1549566044797,1006.4977
1549566044838,1005.93896
1549566044873,1005.93896
1549566044912,1005.93896
1549566044950,1005.93896
1549566044989,1005.85645
1549566045028,1005.85645
1549566045066,1005.85645
1549566045105,1005.96844
1549566045144,1005.96844
1549566045181,1005.96844
1549566045219,1005.96844
1549566045258,1006.0098
1549566045296,1006.0098
1549566045335,1006.0098
1549566045375,1006.0098
1549566045413,1005.88885
1549566045452,1005.88885
1549566045488,1005.88885
1549566045528,1005.8745
1549566045565,1005.8745
1549566045605,1005.8745
1549566045643,1005.8745
1549566045682,1006.1758
1549566045720,1006.1758
1549566045757,1006.1758
1549566045796,1006.1758
1549566045835,1006.04456
1549566045874,1006.04456
1549566045911,1006.04456
1549566045950,1005.9475
1549566045988,1005.9475
1549566046029,1005.9475
1549566046067,1005.9475
1549566046104,1005.80054
1549566046142,1005.80054
1549566046182,1005.80054
1549566046223,1005.84686
1549566046257,1005.84686
1549566046298,1005.84686
1549566046334,1005.84686
1549566046374,1005.9622
1549566046413,1005.9622
1549566046451,1005.9622
1549566046489,1005.9622
1549566046526,1005.9265
1549566046566,1005.9265
1549566046604,1005.9265
1549566046643,1006.0592
1549566046682,1006.0592
1549566046720,1006.0592
1549566046757,1006.0592
1549566046799,1006.43195
1549566046836,1006.43195
1549566046873,1006.43195
1549566046912,1006.43195
1549566046951,1006.7141
1549566046989,1006.7141
1549566047028,1006.7141
1549566047066,1006.32544
1549566047103,1006.32544
1549566047142,1006.32544
1549566047181,1006.32544
1549566047220,1005.75574
1549566047257,1005.75574
1549566047296,1005.75574
1549566047335,1005.75574
1549566047375,1005.7344
1549566047412,1005.7344
1549566047456,1005.7344
1549566047488,1005.8405
1549566047527,1005.8405
1549566047566,1005.8405
1549566047605,1005.8405
1549566047643,1005.7856
1549566047682,1005.7856
1549566047718,1005.7856
1549566047756,1005.7771
1549566047797,1005.7771
1549566047834,1005.7771
1549566047874,1005.7771
1549566047912,1006.1399
1549566047951,1006.1399
1549566047989,1006.1399
1549566048027,1006.1399
1549566048065,1006.4221
1549566048104,1006.4221
1549566048141,1006.4221
1549566048181,1005.8859
1549566048218,1005.8859
1549566048257,1005.8859
1549566048297,1005.8859
1549566048334,1005.6101
1549566048372,1005.6101
1549566048412,1005.6101
1549566048451,1005.6101
1549566048493,1005.71295
1549566048526,1005.71295
1549566048565,1005.71295
1549566048604,1005.77594
1549566048643,1005.77594
1549566048682,1005.77594
1549566048718,1005.77594
1549566048757,1005.71704
1549566048796,1005.71704
1549566048836,1005.71704
1549566048874,1005.71704
1549566048913,1005.7402
1549566048950,1005.7402
1549566048990,1005.7402
1549566049028,1006.12695
1549566049064,1006.12695
1549566049104,1006.12695
1549566049144,1006.12695
1549566049181,1006.46063
1549566049222,1006.46063
1549566049257,1006.46063
1549566049301,1006.46063
1549566049334,1006.35864
1549566049374,1006.35864
1549566049413,1006.35864
1549566049452,1005.89453
1549566049489,1005.89453
1549566049528,1005.89453
1549566049565,1005.89453
1549566049607,1005.828
1549566049643,1005.828
1549566049680,1005.828
1549566049718,1005.9308
1549566049756,1005.9308
1549566049796,1005.9308
1549566049835,1005.9308
1549566049874,1005.8908
1549566049913,1005.8908
1549566049950,1005.8908
1549566049989,1005.8908
1549566050028,1005.80963
1549566050066,1005.80963
1549566050104,1005.80963
1549566050141,1005.943
1549566050181,1005.943
1549566050218,1005.943
1549566050256,1005.943
1549566050301,1006.2438
1549566050337,1006.2438
1549566050372,1006.2438
1549566050413,1006.2438
1549566050452,1006.3307
1549566050489,1006.3307
1549566050527,1006.3307
1549566050568,1005.7842
1549566050604,1005.7842
1549566050643,1005.7842
1549566050681,1005.7842
1549566050727,1005.60077
1549566050756,1005.60077
1549566050794,1005.60077
1549566050834,1005.60077
1549566050873,1005.73126
1549566050911,1005.73126
1549566050949,1005.73126
1549566050988,1005.7202
1549566051027,1005.7202
1549566051065,1005.7202
1549566051103,1005.7202
1549566051141,1005.6371
1549566051181,1005.6371
1549566051217,1005.6371
1549566051256,1005.65625
1549566051295,1005.65625
1549566051333,1005.65625
1549566051372,1005.65625
1549566051410,1006.001
1549566051450,1006.001
1549566051488,1006.001
1549566051528,1006.001
1549566051568,1006.1527
1549566051604,1006.1527
1549566051643,1006.1527
1549566051681,1005.5365
1549566051718,1005.5365
1549566051755,1005.5365
1549566051794,1005.5365
1549566051836,1005.18774
1549566051875,1005.18774
1549566051912,1005.18774
1549566051950,1005.18774
1549566051989,1005.3033
1549566052028,1005.3033
1549566052066,1005.3033
1549566052104,1005.3972
1549566052141,1005.3972
1549566052181,1005.3972
1549566052217,1005.3972
1549566052256,1005.33636
1549566052294,1005.33636
1549566052332,1005.33636
1549566052371,1005.33636
1549566052409,1005.3755
1549566052447,1005.3755
1549566052486,1005.3755
1549566052525,1005.7558
1549566052563,1005.7558
1549566052603,1005.7558
1549566052641,1005.7558
1549566052693,1006.0131
1549566052717,1006.0131
1549566052756,1006.0131
1549566052795,1006.0131
1549566052834,1005.485
1549566052871,1005.485
1549566052911,1005.485
1549566052953,1005.14453
1549566052992,1005.14453
1549566053026,1005.14453
1549566053065,1005.14453
1549566053103,1005.23584
1549566053141,1005.23584
1549566053180,1005.23584
1549566053219,1005.3613
1549566053255,1005.3613
1549566053294,1005.3613
1549566053334,1005.3613
1549566053371,1005.2849
1549566053410,1005.2849
1549566053450,1005.2849
1549566053487,1005.2849
1549566053525,1005.21185
1549566053563,1005.21185
1549566053602,1005.21185
1549566053640,1005.3304
1549566053679,1005.3304
1549566053720,1005.3304
1549566053756,1005.3304
1549566053801,1005.60535
1549566053834,1005.60535
1549566053871,1005.60535
1549566053910,1005.60535
1549566053949,1005.64685
1549566053989,1005.64685
1549566054026,1005.64685
1549566054065,1005.3363
1549566054103,1005.3363
1549566054142,1005.3363
1549566054180,1005.3363
1549566054216,1005.3302
1549566054255,1005.3302
1549566054300,1005.3302
1549566054337,1005.3302
1549566054372,1005.43744
1549566054411,1005.43744
1549566054450,1005.43744
1549566054487,1005.5205
1549566054526,1005.5205
1549566054563,1005.5205
1549566054603,1005.5205
1549566054640,1005.45404
1549566054681,1005.45404
1549566054717,1005.45404
1549566054755,1005.6583
1549566054793,1005.6583
1549566054837,1005.6583
1549566054874,1005.6583
1549566054910,1006.00806
1549566054950,1006.00806
1549566054988,1006.00806
1549566055028,1006.00806
1549566055065,1006.1232
1549566055103,1006.1232
1549566055142,1006.1232
1549566055182,1005.48474
1549566055216,1005.48474
1549566055256,1005.48474
1549566055293,1005.48474
1549566055339,1005.20905
1549566055371,1005.20905
1549566055411,1005.20905
1549566055448,1005.20905
1549566055487,1005.3425
1549566055526,1005.3425
1549566055564,1005.3425
1549566055603,1005.3907
1549566055641,1005.3907
1549566055681,1005.3907
1549566055716,1005.3907
1549566055754,1005.29193
1549566055793,1005.29193
1549566055838,1005.29193
1549566055871,1005.29193
1549566055912,1005.2687
1549566055950,1005.2687
1549566055989,1005.2687
1549566056026,1005.6092
1549566056064,1005.6092
1549566056103,1005.6092
1549566056141,1005.6092
1549566056179,1005.75696
1549566056218,1005.75696
1549566056254,1005.75696
1549566056295,1005.75696
1549566056333,1005.26294
1549566056370,1005.26294
1549566056410,1005.26294
1549566056449,1005.03046
1549566056487,1005.03046
1549566056526,1005.03046
1549566056564,1005.03046
1549566056601,1005.1606
1549566056641,1005.1606
1549566056680,1005.1606
1549566056717,1005.2868
1549566056754,1005.2868
1549566056792,1005.2868
1549566056833,1005.2868
1549566056871,1005.2453
1549566056910,1005.2453
1549566056951,1005.2453
1549566056987,1005.2453
1549566057027,1005.2246
1549566057064,1005.2246
1549566057103,1005.2246
1549566057141,1005.5053
1549566057179,1005.5053
1549566057217,1005.5053
1549566057254,1005.5053
1549566057293,1005.7993
1549566057332,1005.7993
1549566057373,1005.7993
1549566057411,1005.7993
1549566057448,1005.90485
1549566057487,1005.90485
1549566057525,1005.90485
1549566057564,1005.37006
1549566057603,1005.37006
1549566057642,1005.37006
1549566057680,1005.37006
1549566057719,1005.2793
1549566057754,1005.2793
1549566057793,1005.2793
1549566057833,1005.2793
1549566057870,1005.39496
1549566057910,1005.39496
1549566057948,1005.39496
1549566057988,1005.36896
1549566058026,1005.36896
1549566058063,1005.36896
1549566058102,1005.36896
1549566058143,1005.3483
1549566058182,1005.3483
1549566058217,1005.3483
1549566058254,1005.41144
1549566058292,1005.41144
1549566058338,1005.41144
1549566058371,1005.41144
1549566058409,1005.77747
1549566058449,1005.77747
1549566058486,1005.77747
1549566058525,1005.77747
1549566058564,1005.9003
1549566058601,1005.9003
1549566058640,1005.9003
1549566058678,1005.2801
1549566058716,1005.2801
1549566058754,1005.2801
1549566058792,1005.2801
1549566058833,1005.03424
1549566058870,1005.03424
1549566058909,1005.03424
1549566058949,1005.03424
1549566058985,1005.18207
1549566059026,1005.18207
1549566059063,1005.18207
1549566059102,1005.22363
1549566059142,1005.22363
1549566059179,1005.22363
1549566059215,1005.22363
1549566059253,1005.1472
1549566059293,1005.1472
1549566059331,1005.1472
1549566059371,1005.1472
1549566059410,1005.1505
1549566059450,1005.1505
1549566059487,1005.1505
1549566059525,1005.50525
1549566059564,1005.50525
1549566059603,1005.50525
1549566059641,1005.50525
1549566059681,1005.77264
1549566059718,1005.77264
1549566059754,1005.77264
1549566059792,1005.77264
1549566059836,1005.368
1549566059871,1005.368
1549566059908,1005.368
1549566059951,1004.99756
1549566059986,1004.99756
1549566060032,1004.99756
1549566060062,1004.99756
1549566060099,1005.0956
1549566060138,1005.0956
1549566060181,1005.0956
1549566060219,1005.25836
1549566060253,1005.25836
1549566060292,1005.25836
1549566060332,1005.25836
1549566060371,1005.19025
1549566060408,1005.19025
1549566060448,1005.19025
1549566060487,1005.19025
1549566060525,1005.1288
1549566060566,1005.1288
1549566060602,1005.1288
1549566060641,1005.3696
1549566060677,1005.3696
1549566060718,1005.3696
1549566060753,1005.3696
1549566060792,1005.7666
1549566060834,1005.7666
1549566060870,1005.7666
1549566060910,1005.7666
1549566060949,1005.833
1549566060987,1005.833
1549566061024,1005.833
1549566061062,1005.2351
1549566061103,1005.2351
1549566061139,1005.2351
1549566061177,1005.2351
1549566061218,1005.0723
1549566061254,1005.0723
1549566061291,1005.0723
1549566061335,1005.0723
1549566061369,1005.2476
1549566061409,1005.2476
1549566061450,1005.2476
1549566061486,1005.2028
1549566061525,1005.2028
1549566061562,1005.2028
1549566061601,1005.2028
1549566061640,1005.1303
1549566061678,1005.1303
1549566061717,1005.1303
1549566061755,1005.04724
1549566061792,1005.04724
1549566061832,1005.04724
1549566061871,1005.04724
1549566061909,1005.29144
1549566061948,1005.29144
1549566061987,1005.29144
1549566062023,1005.29144
1549566062063,1005.3014
1549566062102,1005.3014
1549566062139,1005.3014
1549566062179,1005.33295
1549566062216,1005.33295
1549566062253,1005.33295
1549566062292,1005.33295
1549566062333,1005.14856
1549566062370,1005.14856
1549566062409,1005.14856
1549566062446,1005.14856
1549566062485,1005.17346
1549566062526,1005.17346
1549566062563,1005.17346
1549566062603,1005.24084
1549566062640,1005.24084
1549566062677,1005.24084
1549566062716,1005.24084
1549566062753,1005.1885
1549566062792,1005.1885
1549566062831,1005.1885
1549566062870,1005.1885
1549566062908,1005.16943
1549566062949,1005.16943
1549566062985,1005.16943
1549566063027,1005.4983
1549566063064,1005.4983
1549566063101,1005.4983
1549566063140,1005.4983
1549566063179,1005.8495
1549566063217,1005.8495
1549566063252,1005.8495
1549566063291,1005.8495
1549566063333,1005.89435
1549566063371,1005.89435
1549566063408,1005.89435
1549566063447,1005.22424
1549566063485,1005.22424
1549566063524,1005.22424
1549566063568,1005.22424
1549566063600,1004.94617
1549566063639,1004.94617
1549566063678,1004.94617
1549566063717,1005.0458
1549566063755,1005.0458
1549566063791,1005.0458
1549566063832,1005.0458
1549566063869,1005.10394
1549566063908,1005.10394
1549566063947,1005.10394
1549566063986,1005.10394
1549566064024,1005.0381
1549566064062,1005.0381
1549566064101,1005.0381
1549566064137,1004.9966
1549566064177,1004.9966
1549566064217,1004.9966
1549566064254,1004.9966
1549566064292,1005.338
1549566064333,1005.338
1549566064369,1005.338
1549566064407,1005.338
1549566064447,1005.63525
1549566064485,1005.63525
1549566064522,1005.63525
1549566064561,1005.30383
1549566064600,1005.30383
1549566064640,1005.30383
1549566064676,1005.30383
1549566064714,1004.9343
1549566064754,1004.9343
1549566064791,1004.9343
1549566064830,1004.9343
1549566064868,1004.96924
1549566064907,1004.96924
1549566064947,1004.96924
1549566064984,1005.07117
1549566065023,1005.07117
1549566065061,1005.07117
1549566065099,1005.07117
1549566065138,1005.05457
1549566065177,1005.05457
1549566065216,1005.05457
1549566065254,1005.05457
1549566065290,1004.9881
1549566065331,1004.9881
1549566065368,1004.9881
1549566065407,1005.2572
1549566065446,1005.2572
1549566065484,1005.2572
1549566065523,1005.2572
1549566065561,1005.6185
1549566065600,1005.6185
1549566065637,1005.6185
1549566065677,1005.6468
1549566065715,1005.6468
1549566065753,1005.6468
1549566065790,1005.6468
1549566065832,1005.07874
1549566065868,1005.07874
1549566065908,1005.07874
1549566065945,1005.07874
1549566065985,1005.01654
1549566066022,1005.01654
1549566066062,1005.01654
1549566066100,1005.10455
1549566066138,1005.10455
1549566066177,1005.10455
1549566066216,1005.10455
1549566066253,1005.15
1549566066291,1005.15
1549566066330,1005.15
1549566066368,1005.15
1549566066407,1005.0612
1549566066445,1005.0612
1549566066485,1005.0612
1549566066522,1005.1897
1549566066562,1005.1897
1549566066599,1005.1897
1549566066637,1005.1897
1549566066675,1005.581
1549566066714,1005.581
1549566066753,1005.581
1549566066790,1005.581
1549566066830,1005.60925
1549566066868,1005.60925
1549566066907,1005.60925
1549566066945,1005.1251
1549566066984,1005.1251
1549566067023,1005.1251
1549566067060,1005.1251
1549566067099,1004.9739
1549566067137,1004.9739
1549566067177,1004.9739
1549566067215,1005.1084
1549566067253,1005.1084
1549566067290,1005.1084
1549566067331,1005.1084
1549566067368,1005.08276
1549566067407,1005.08276
1549566067445,1005.08276
1549566067484,1005.08276
1549566067524,1005.04675
1549566067561,1005.04675
1549566067599,1005.04675
1549566067638,1005.1008
1549566067676,1005.1008
1549566067714,1005.1008
1549566067752,1005.1008
1549566067791,1005.45856
1549566067830,1005.45856
1549566067868,1005.45856
1549566067907,1005.45856
1549566067945,1005.53925
1549566067983,1005.53925
1549566068021,1005.53925
1549566068060,1004.99365
1549566068100,1004.99365
1549566068137,1004.99365
1549566068175,1004.99365
1549566068215,1004.7534
1549566068252,1004.7534
1549566068290,1004.7534
1549566068330,1004.7534
1549566068368,1004.89777
1549566068406,1004.89777
1549566068444,1004.89777
1549566068485,1004.9153
1549566068525,1004.9153
1549566068561,1004.9153
1549566068598,1004.9153
1549566068637,1004.83374
1549566068675,1004.83374
1549566068714,1004.83374
1549566068752,1004.83374
1549566068792,1004.84796
1549566068830,1004.84796
1549566068870,1004.84796
1549566068906,1005.22064
1549566068945,1005.22064
1549566068983,1005.22064
1549566069022,1005.22064
1549566069060,1005.50323
1549566069098,1005.50323
1549566069138,1005.50323
1549566069175,1005.1825
1549566069213,1005.1825
1549566069252,1005.1825
1549566069290,1005.1825
1549566069330,1004.6535
1549566069368,1004.6535
1549566069407,1004.6535
1549566069445,1004.6535
1549566069483,1004.69727
1549566069522,1004.69727
1549566069563,1004.69727
1549566069599,1004.8566
1549566069636,1004.8566
1549566069675,1004.8566
1549566069713,1004.8566
1549566069751,1004.8426
1549566069789,1004.8426
1549566069828,1004.8426
1549566069867,1004.8426
1549566069905,1004.7605
1549566069946,1004.7605
1549566069983,1004.7605
1549566070023,1004.77856
1549566070063,1004.77856
1549566070101,1004.77856
1549566070137,1004.77856
1549566070175,1005.05493
1549566070215,1005.05493
1549566070254,1005.05493
1549566070289,1005.05493
1549566070330,1005.08246
1549566070367,1005.08246
1549566070407,1005.08246
1549566070446,1005.1504
1549566070483,1005.1504
1549566070523,1005.1504
1549566070560,1005.1504
1549566070598,1004.80804
1549566070638,1004.80804
1549566070675,1004.80804
1549566070714,1004.80804
1549566070755,1004.8721
1549566070789,1004.8721
1549566070832,1004.8721
1549566070868,1004.96497
1549566070907,1004.96497
1549566070945,1004.96497
1549566070985,1004.96497
1549566071022,1004.921
1549566071060,1004.921
1549566071100,1004.921
1549566071137,1004.95746
1549566071176,1004.95746
1549566071217,1004.95746
1549566071250,1004.95746
1549566071289,1005.2574
1549566071330,1005.2574
1549566071367,1005.2574
1549566071406,1005.2574
1549566071444,1005.6318
1549566071487,1005.6318
1549566071521,1005.6318
1549566071561,1005.56793
1549566071599,1005.56793
1549566071638,1005.56793
1549566071677,1005.56793
1549566071714,1004.96246
1549566071751,1004.96246
1549566071789,1004.96246
1549566071833,1004.96246
1549566071868,1004.7537
1549566071905,1004.7537
1549566071944,1004.7537
1549566071985,1004.88983
1549566072023,1004.88983
1549566072061,1004.88983
1549566072100,1004.88983
1549566072139,1004.8931
1549566072177,1004.8931
1549566072214,1004.8931
1549566072251,1004.8931
1549566072289,1004.8326
1549566072327,1004.8326
1549566072370,1004.8326
1549566072407,1004.9515
1549566072445,1004.9515
1549566072484,1004.9515
1549566072522,1004.9515
1549566072560,1005.28265
1549566072600,1005.28265
1549566072639,1005.28265
1549566072675,1005.28265
1549566072713,1005.4165
1549566072751,1005.4165
1549566072789,1005.4165
1549566072831,1004.922
1549566072866,1004.922
1549566072906,1004.922
1549566072943,1004.922
1549566072981,1004.7792
1549566073020,1004.7792
1549566073060,1004.7792
1549566073097,1004.92957
1549566073136,1004.92957
1549566073178,1004.92957
1549566073212,1004.92957
1549566073251,1004.8631
1549566073289,1004.8631
1549566073328,1004.8631
1549566073367,1004.8631
1549566073408,1004.82916
1549566073443,1004.82916
1549566073482,1004.82916
1549566073524,1004.8812
1549566073559,1004.8812
1549566073600,1004.8812
1549566073638,1004.8812
1549566073675,1005.2676
1549566073713,1005.2676
1549566073751,1005.2676
1549566073788,1005.2676
1549566073827,1005.4028
1549566073868,1005.4028
1549566073906,1005.4028
1549566073944,1004.80304
1549566073982,1004.80304
1549566074020,1004.80304
1549566074060,1004.80304
1549566074099,1004.5564
1549566074137,1004.5564
1549566074175,1004.5564
1549566074216,1004.5564
1549566074254,1004.7209
1549566074288,1004.7209
1549566074330,1004.7209
1549566074367,1004.74915
1549566074405,1004.74915
1549566074445,1004.74915
1549566074484,1004.74915
1549566074526,1004.7076
1549566074559,1004.7076
1549566074599,1004.7076
1549566074637,1004.7683
1549566074675,1004.7683
1549566074713,1004.7683
1549566074750,1004.7683
1549566074788,1005.13214
1549566074829,1005.13214
1549566074867,1005.13214
1549566074906,1005.13214
1549566074944,1005.3116
1549566074984,1005.3116
1549566075023,1005.3116
1549566075059,1004.7467
1549566075097,1004.7467
1549566075137,1004.7467
1549566075176,1004.7467
1549566075212,1004.4892
1549566075250,1004.4892
1549566075288,1004.4892
1549566075327,1004.4892
1549566075366,1004.5978
1549566075404,1004.5978
1549566075443,1004.5978
1549566075483,1004.6908
1549566075526,1004.6908
1549566075563,1004.6908
1549566075598,1004.6908
1549566075636,1004.5987
1549566075674,1004.5987
1549566075714,1004.5987
1549566075752,1004.5987
1549566075788,1004.5904
1549566075828,1004.5904
1549566075868,1004.5904
1549566075905,1005.00903
1549566075944,1005.00903
1549566075982,1005.00903
1549566076020,1005.00903
1549566076060,1005.33966
1549566076097,1005.33966
1549566076139,1005.33966
1549566076177,1005.33966
1549566076212,1004.98083
1549566076250,1004.98083
1549566076288,1004.98083
1549566076327,1004.4983
1549566076368,1004.4983
1549566076403,1004.4983
1549566076444,1004.4983
1549566076482,1004.54315
1549566076520,1004.54315
1549566076559,1004.54315
1549566076597,1004.62787
1549566076637,1004.62787
1549566076675,1004.62787
1549566076714,1004.62787
1549566076751,1004.578
1549566076789,1004.578
1549566076827,1004.578
1549566076867,1004.578
1549566076903,1004.5736
1549566076944,1004.5736
1549566076982,1004.5736
1549566077020,1004.98566
1549566077059,1004.98566
1549566077099,1004.98566
1549566077136,1004.98566
1549566077175,1005.288
1549566077214,1005.288
1549566077251,1005.288
1549566077288,1005.288
1549566077327,1005.15845
1549566077367,1005.15845
1549566077406,1005.15845
1549566077444,1004.6925
1549566077483,1004.6925
1549566077520,1004.6925
1549566077559,1004.6925
1549566077600,1004.6975
1549566077637,1004.6975
1549566077675,1004.6975
1549566077714,1004.6975
1549566077752,1004.84204
1549566077787,1004.84204
1549566077826,1004.84204
1549566077866,1004.7839
1549566077905,1004.7839
1549566077943,1004.7839
1549566077981,1004.7839
1549566078021,1004.68646
1549566078060,1004.68646
1549566078096,1004.68646
1549566078135,1004.68646
1549566078173,1004.70807
1549566078213,1004.70807
1549566078253,1004.70807
1549566078287,1004.94336
1549566078327,1004.94336
1549566078367,1004.94336
1549566078405,1004.94336
1549566078442,1004.9456
1549566078481,1004.9456
1549566078521,1004.9456
1549566078559,1004.9623
1549566078598,1004.9623
1549566078636,1004.9623
1549566078673,1004.9623
1549566078713,1004.6532
1549566078752,1004.6532
1549566078787,1004.6532
1549566078826,1004.6532
1549566078869,1004.69403
1549566078904,1004.69403
1549566078944,1004.69403
1549566078982,1004.7588
1549566079020,1004.7588
1549566079060,1004.7588
1549566079096,1004.7588
1549566079135,1004.6591
1549566079174,1004.6591
1549566079212,1004.6591
1549566079251,1004.6591
1549566079287,1004.64087
1549566079326,1004.64087
1549566079368,1004.64087
1549566079405,1004.98474
1549566079442,1004.98474
1549566079481,1004.98474
1549566079520,1004.98474
1549566079561,1005.34534
1549566079598,1005.34534
1549566079636,1005.34534
1549566079674,1005.34534
1549566079712,1005.39844
1549566079750,1005.39844
1549566079787,1005.39844
1549566079825,1004.74884
1549566079867,1004.74884
1549566079904,1004.74884
1549566079943,1004.74884
1549566079983,1004.5877
1549566080019,1004.5877
1549566080059,1004.5877
1549566080097,1004.6708
1549566080135,1004.6708
1549566080174,1004.6708
1549566080212,1004.6708
1549566080250,1004.6966
1549566080289,1004.6966
1549566080325,1004.6966
1549566080367,1004.6966
1549566080404,1004.6335
1549566080443,1004.6335
1549566080480,1004.6335
1549566080523,1004.74146
1549566080558,1004.74146
1549566080598,1004.74146
1549566080635,1004.74146
1549566080673,1005.0854
1549566080714,1005.0854
1549566080749,1005.0854
1549566080787,1005.0854
1549566080826,1005.1236
1549566080868,1005.1236
1549566080905,1005.1236
1549566080943,1004.6501
1549566080981,1004.6501
1549566081019,1004.6501
1549566081058,1004.6501
1549566081098,1004.67725
1549566081135,1004.67725
1549566081172,1004.67725
1549566081212,1004.67725
1549566081252,1004.7736
1549566081287,1004.7736
1549566081325,1004.7736
1549566081368,1004.7513
1549566081402,1004.7513
1549566081442,1004.7513
1549566081479,1004.7513
1549566081521,1004.67487
1549566081558,1004.67487
1549566081597,1004.67487
1549566081635,1004.67487
1549566081673,1004.83435
1549566081713,1004.83435
1549566081753,1004.83435
1549566081787,1005.184
1549566081826,1005.184
1549566081865,1005.184
1549566081904,1005.184
1549566081942,1005.1574
1549566081981,1005.1574
1549566082019,1005.1574
1549566082059,1004.5968
1549566082095,1004.5968
1549566082135,1004.5968
1549566082173,1004.5968
1549566082212,1004.5176
1549566082251,1004.5176
1549566082286,1004.5176
1549566082325,1004.5176
1549566082367,1004.527
1549566082403,1004.527
1549566082442,1004.527
1549566082481,1004.4855
1549566082523,1004.4855
1549566082557,1004.4855
1549566082595,1004.4855
1549566082634,1004.43726
1549566082672,1004.43726
1549566082710,1004.43726
1549566082751,1004.43726
1549566082787,1004.73193
1549566082825,1004.73193
1549566082867,1004.73193
1549566082905,1005.0476
1549566082942,1005.0476
1549566082982,1005.0476
1549566083020,1005.0476
1549566083060,1004.80597
1549566083095,1004.80597
1549566083134,1004.80597
1549566083174,1004.80597
1549566083211,1004.36145
1549566083249,1004.36145
1549566083287,1004.36145
1549566083325,1004.3972
1549566083365,1004.3972
1549566083404,1004.3972
1549566083443,1004.3972
1549566083482,1004.4912
1549566083519,1004.4912
1549566083558,1004.4912
1549566083596,1004.4912
1549566083635,1004.4663
1549566083673,1004.4663
1549566083711,1004.4663
1549566083750,1004.4187
1549566083787,1004.4187
1549566083825,1004.4187
1549566083868,1004.4187
1549566083909,1004.6856
1549566083941,1004.6856
1549566083980,1004.6856
1549566084020,1005.00867
1549566084058,1005.00867
1549566084099,1005.00867
1549566084135,1005.00867
1549566084174,1004.993
1549566084211,1004.993
1549566084253,1004.993
1549566084286,1004.993
1549566084325,1004.47955
1549566084366,1004.47955
1549566084402,1004.47955
1549566084442,1004.4065
1549566084482,1004.4065
1549566084523,1004.4065
1549566084560,1004.4065
1549566084596,1004.5067
1549566084634,1004.5067
1549566084674,1004.5067
1549566084710,1004.5067
1549566084751,1004.54254
1549566084791,1004.54254
1549566084824,1004.54254
1549566084864,1004.4785
1549566084904,1004.4785
1549566084943,1004.4785
1549566084979,1004.4785
1549566085019,1004.63727
1549566085057,1004.63727
1549566085095,1004.63727
1549566085134,1004.63727
1549566085173,1005.0218
1549566085211,1005.0218
1549566085249,1005.0218
1549566085288,1005.03674
1549566085325,1005.03674
1549566085363,1005.03674
1549566085407,1005.03674
1549566085440,1004.50104
1549566085481,1004.50104
1549566085526,1004.50104
1549566085559,1004.50104
1549566085596,1004.4412
1549566085637,1004.4412
1549566085673,1004.4412
1549566085711,1004.5077
1549566085751,1004.5077
1549566085786,1004.5077
1549566085824,1004.5077
1549566085868,1004.52655
1549566085904,1004.52655
1549566085943,1004.52655
1549566085981,1004.45764
1549566086019,1004.45764
1549566086058,1004.45764
1549566086096,1004.45764
1549566086134,1004.4394
1549566086172,1004.4394
1549566086211,1004.4394
1549566086249,1004.4394
1549566086286,1004.6753
1549566086325,1004.6753
1549566086366,1004.6753
1549566086401,1004.71686
1549566086440,1004.71686
1549566086480,1004.71686
1549566086521,1004.71686
1549566086556,1004.84906
1549566086597,1004.84906
1549566086632,1004.84906
1549566086673,1004.84906
1549566086711,1004.4885
1549566086748,1004.4885
1549566086786,1004.4885
1549566086824,1004.4486
1549566086864,1004.4486
1549566086902,1004.4486
1549566086941,1004.4486
1549566086980,1004.5107
1549566087019,1004.5107
1549566087057,1004.5107
1549566087095,1004.5107
1549566087134,1004.50903
1549566087172,1004.50903
1549566087211,1004.50903
1549566087249,1004.5167
1549566087288,1004.5167
1549566087324,1004.5167
1549566087368,1004.5167
1549566087403,1004.8158
1549566087441,1004.8158
1549566087481,1004.8158
1549566087530,1005.1215
1549566087556,1005.1215
1549566087595,1005.1215
1549566087635,1005.1215
1549566087671,1005.0357
1549566087710,1005.0357
1549566087750,1005.0357
1549566087790,1005.0357
1549566087823,1004.49
1549566087866,1004.49
1549566087904,1004.49
1549566087940,1004.24304
1549566087981,1004.24304
1549566088021,1004.24304
1549566088055,1004.24304
1549566088097,1004.33386
1549566088132,1004.33386
1549566088175,1004.33386
1549566088210,1004.33386
1549566088249,1004.3344
1549566088286,1004.3344
1549566088323,1004.3344
1549566088366,1004.29285
1549566088401,1004.29285
1549566088441,1004.29285
1549566088480,1004.29285
1549566088527,1004.2912
1549566088557,1004.2912
1549566088594,1004.2912
1549566088632,1004.2912
1549566088672,1004.64844
1549566088709,1004.64844
1549566088752,1004.64844
1549566088785,1004.9259
1549566088823,1004.9259
1549566088865,1004.9259
1549566088901,1004.9259
1549566088941,1004.5347
1549566088979,1004.5347
1549566089016,1004.5347
1549566089056,1004.5347
1549566089096,1004.0778
1549566089136,1004.0778
1549566089171,1004.0778
1549566089210,1004.10034
1549566089249,1004.10034
1549566089285,1004.10034
1549566089323,1004.10034
1549566089362,1004.2506
1549566089403,1004.2506
1549566089441,1004.2506
1549566089479,1004.3346
1549566089524,1004.3346
1549566089557,1004.3346
1549566089595,1004.3346
1549566089633,1004.28143
1549566089671,1004.28143
1549566089711,1004.28143
1549566089749,1004.28143
1549566089785,1004.2582
1549566089824,1004.2582
1549566089862,1004.2582
1549566089903,1004.61096
1549566089941,1004.61096
1549566089979,1004.61096
1549566090018,1004.61096
1549566090056,1004.89435
1549566090093,1004.89435
1549566090133,1004.89435
1549566090171,1004.89435
1549566090209,1004.5704
1549566090248,1004.5704
1549566090287,1004.5704
1549566090323,1004.1227
1549566090362,1004.1227
1549566090403,1004.1227
1549566090441,1004.1227
1549566090480,1004.136
1549566090528,1004.136
1549566090556,1004.136
1549566090595,1004.136
1549566090632,1004.26465
1549566090671,1004.26465
1549566090710,1004.26465
1549566090748,1004.24066
1549566090786,1004.24066
1549566090823,1004.24066
1549566090862,1004.24066
1549566090901,1004.2041
1549566090941,1004.2041
1549566090978,1004.2041
1549566091016,1004.2041
1549566091055,1004.4334
1549566091093,1004.4334
1549566091132,1004.4334
1549566091173,1004.84607
1549566091210,1004.84607
1549566091247,1004.84607
1549566091284,1004.84607
1549566091323,1004.96234
1549566091365,1004.96234
1549566091401,1004.96234
1549566091440,1004.43835
1549566091479,1004.43835
1549566091517,1004.43835
1549566091555,1004.43835
1549566091594,1004.2579
1549566091633,1004.2579
1549566091671,1004.2579
1549566091710,1004.2579
1549566091748,1004.31934
1549566091785,1004.31934
1549566091823,1004.31934
1549566091867,1004.3219
1549566091901,1004.3219
1549566091940,1004.3219
1549566091977,1004.3219
1549566092017,1004.2577
1549566092054,1004.2577
1549566092094,1004.2577
1549566092133,1004.2577
1549566092172,1004.379
1549566092210,1004.379
1549566092249,1004.379
1549566092285,1004.7678
1549566092323,1004.7678
1549566092361,1004.7678
1549566092401,1004.7678
1549566092439,1004.8542
1549566092479,1004.8542
1549566092518,1004.8542
1549566092555,1004.8542
1549566092595,1004.3391
1549566092632,1004.3391
1549566092671,1004.3391
1549566092709,1004.1364
1549566092747,1004.1364
1549566092784,1004.1364
1549566092823,1004.1364
1549566092861,1004.27765
1549566092901,1004.27765
1549566092940,1004.27765
1549566092978,1004.27765
1549566093016,1004.26935
1549566093056,1004.26935
1549566093093,1004.26935
1549566093131,1004.1929
1549566093169,1004.1929
1549566093208,1004.1929
1549566093247,1004.1929
1549566093285,1004.2171
1549566093322,1004.2171
1549566093361,1004.2171
1549566093405,1004.58093
1549566093439,1004.58093
1549566093479,1004.58093
1549566093516,1004.58093
1549566093557,1004.7621
1549566093596,1004.7621
1549566093632,1004.7621
1549566093670,1004.7621
1549566093708,1004.20636
1549566093746,1004.20636
1549566093784,1004.20636
1549566093822,1003.874
1549566093860,1003.874
1549566093900,1003.874
1549566093939,1003.874
1549566093978,1003.9671
1549566094017,1003.9671
1549566094056,1003.9671
1549566094094,1003.9671
1549566094132,1004.0541
1549566094169,1004.0541
1549566094209,1004.0541
1549566094248,1004.0325
1549566094286,1004.0325
1549566094322,1004.0325
1549566094362,1004.0325
1549566094402,1004.0085
1549566094439,1004.0085
1549566094479,1004.0085
1549566094516,1004.0085
1549566094555,1004.0816
1549566094593,1004.0816
1549566094633,1004.0816
1549566094671,1004.38293
1549566094710,1004.38293
1549566094748,1004.38293
1549566094786,1004.38293
1549566094822,1004.564
1549566094861,1004.564
1549566094901,1004.564
1549566094939,1004.564
1549566094977,1004.2899
1549566095017,1004.2899
1549566095054,1004.2899
1549566095093,1004.01166
1549566095131,1004.01166
1549566095171,1004.01166
1549566095209,1004.01166
1549566095248,1004.0814
1549566095286,1004.0814
1549566095322,1004.0814
1549566095360,1004.1479
1549566095401,1004.1479
1549566095438,1004.1479
1549566095479,1004.1479
1549566095516,1004.099
1549566095556,1004.099
1549566095593,1004.099
1549566095632,1004.099
1549566095670,1004.1621
1549566095708,1004.1621
1549566095747,1004.1621
1549566095785,1004.58417
1549566095822,1004.58417
1549566095860,1004.58417
1549566095904,1004.58417
1549566095939,1004.8556
1549566095979,1004.8556
1549566096017,1004.8556
1549566096056,1004.8556
1549566096093,1004.70605
1549566096130,1004.70605
1549566096169,1004.70605
1549566096209,1004.039
1549566096247,1004.039
1549566096285,1004.039
1549566096321,1004.039
1549566096361,1003.936
1549566096402,1003.936
1549566096438,1003.936
1549566096477,1003.936
1549566096515,1004.08057
1549566096554,1004.08057
1549566096593,1004.08057
1549566096630,1004.1476
1549566096670,1004.1476
1549566096709,1004.1476
1549566096747,1004.1476
1549566096783,1004.0811
1549566096821,1004.0811
1549566096860,1004.0811
1549566096902,1004.0895
1549566096940,1004.0895
1549566096978,1004.0895
1549566097015,1004.0895
1549566097055,1004.41675
1549566097095,1004.41675
1549566097131,1004.41675
1549566097169,1004.41675
1549566097208,1004.6328
1549566097246,1004.6328
1549566097287,1004.6328
1549566097322,1004.2349
1549566097359,1004.2349
1549566097401,1004.2349
1549566097439,1004.2349
1549566097477,1003.7979
1549566097516,1003.7979
1549566097556,1003.7979
1549566097593,1003.7979
1549566097630,1003.85364
1549566097674,1003.85364
1549566097708,1003.85364
1549566097746,1004.0165
1549566097783,1004.0165
1549566097820,1004.0165
1549566097859,1004.0165
1549566097898,1004.0348
1549566097937,1004.0348
1549566097974,1004.0348
1549566098013,1004.0348
1549566098052,1003.9988
1549566098092,1003.9988
1549566098132,1003.9988
1549566098170,1004.1949
1549566098209,1004.1949
1549566098247,1004.1949
1549566098285,1004.1949
1549566098321,1004.577
1549566098360,1004.577
1549566098402,1004.577
1549566098438,1004.577
1549566098477,1004.7508
1549566098516,1004.7508
1549566098553,1004.7508
1549566098593,1004.2639
1549566098630,1004.2639
1549566098669,1004.2639
1549566098709,1004.2639
1549566098747,1003.954
1549566098788,1003.954
1549566098821,1003.954
1549566098859,1004.02966
1549566098903,1004.02966
1549566098938,1004.02966
1549566098976,1004.02966
1549566099016,1004.0645
1549566099053,1004.0645
1549566099092,1004.0645
1549566099131,1004.0645
1549566099169,1004.0239
1549566099207,1004.0239
1549566099245,1004.0239
1549566099285,1004.04553
1549566099321,1004.04553
1549566099360,1004.04553
1549566099400,1004.04553
1549566099439,1004.3828
1549566099478,1004.3828
1549566099515,1004.3828
1549566099556,1004.3828
1549566099593,1004.68585
1549566099629,1004.68585
1549566099669,1004.68585
1549566099707,1004.2638
1549566099748,1004.2638
1549566099785,1004.2638
1549566099822,1004.2638
1549566099859,1003.7928
1549566099904,1003.7928
1549566099937,1003.7928
1549566099977,1003.7928
1549566100015,1003.82104
1549566100053,1003.82104
1549566100094,1003.82104
1549566100131,1003.9623
1549566100168,1003.9623
1549566100207,1003.9623
1549566100246,1003.9623
1549566100284,1003.96783
1549566100321,1003.96783
1549566100359,1003.96783
1549566100398,1003.96783
1549566100438,1003.9239
1549566100477,1003.9239
1549566100515,1003.9239
1549566100556,1004.13324
1549566100593,1004.13324
1549566100631,1004.13324
1549566100668,1004.13324
1549566100707,1004.49054
1549566100746,1004.49054
1549566100783,1004.49054
1549566100821,1004.6111
1549566100859,1004.6111
1549566100905,1004.6111
1549566100938,1004.6111
1549566100977,1004.10156
1549566101016,1004.10156
1549566101055,1004.10156
1549566101092,1004.10156
1549566101131,1003.6878
1549566101168,1003.6878
1549566101206,1003.6878
1549566101244,1003.7502
1549566101285,1003.7502
1549566101320,1003.7502
1549566101360,1003.7502
1549566101405,1003.8854
1549566101440,1003.8854
1549566101474,1003.8854
1549566101514,1003.8854
1549566101553,1003.8688
1549566101592,1003.8688
1549566101630,1003.8688
1549566101667,1003.8381
1549566101708,1003.8381
1549566101745,1003.8381
1549566101783,1003.8381
1549566101820,1004.1488
1549566101858,1004.1488
1549566101896,1004.1488
1549566101935,1004.1488
1549566101974,1004.5011
1549566102012,1004.5011
1549566102050,1004.5011
1549566102089,1004.6715
1549566102127,1004.6715
1549566102166,1004.6715
1549566102205,1004.6715
1549566102243,1004.01575
1549566102283,1004.01575
1549566102322,1004.01575
1549566102359,1003.887
1549566102396,1003.887
1549566102437,1003.887
1549566102475,1003.887
1549566102514,1004.015
1549566102552,1004.015
1549566102589,1004.015
1549566102632,1004.015
1549566102666,1004.0571
1549566102704,1004.0571
1549566102820,1003.6998
1549566102858,1003.6998
1549566102898,1003.6998
1549566102938,1003.6326
1549566102976,1003.6326
1549566103013,1003.6326
1549566103051,1003.6326
1549566103090,1003.89777
1549566103128,1003.89777
1549566103168,1003.89777
1549566103204,1003.89777
1549566103244,1004.04065
1549566103282,1004.04065
1549566103320,1004.04065
1549566103363,1004.2766
1549566103398,1004.2766
1549566103435,1004.2766
1549566103474,1004.2766
1549566103512,1003.89777
1549566103551,1003.89777
1549566103590,1003.89777
1549566103629,1003.89777
1549566103667,1003.8917
1549566103705,1003.8917
1549566103743,1003.8917
1549566103782,1003.98145
1549566103820,1003.98145
1549566103859,1003.98145
1549566103897,1003.98145
1549566103936,1004.01227
1549566103974,1004.01227
1549566104013,1004.01227
1549566104051,1003.9613
1549566104089,1003.9613
1549566104128,1003.9613
1549566104166,1003.9613
1549566104205,1004.07526
1549566104245,1004.07526
1549566104282,1004.07526
1549566104320,1004.07526
1549566104358,1004.4857
1549566104397,1004.4857
1549566104435,1004.4857
1549566104474,1004.6096
1549566104513,1004.6096
1549566104552,1004.6096
1549566104590,1004.6096
1549566104629,1004.2224
1549566104666,1004.2224
1549566104706,1004.2224
1549566104744,1004.2224
1549566104781,1003.72614
1549566104820,1003.72614
1549566104859,1003.72614
1549566104897,1003.6879
1549566104935,1003.6879
1549566104973,1003.6879
1549566105012,1003.6879
1549566105051,1003.80774
1549566105092,1003.80774
1549566105129,1003.80774
1549566105168,1003.80774
1549566105205,1003.8781
1549566105245,1003.8781
1549566105282,1003.8781
1549566105322,1003.84155
1549566105359,1003.84155
1549566105398,1003.84155
1549566105439,1003.84155
1549566105475,1003.94214
1549566105513,1003.94214
1549566105553,1003.94214
1549566105590,1004.2728
1549566105630,1004.2768
1549566105666,1004.2768
1549566105706,1004.2768
1549566105744,1004.32666
1549566105783,1004.32666
1549566105825,1004.32666
1549566105860,1004.32666
1549566105901,1003.8307
1549566105937,1003.8307
1549566105974,1003.8307
1549566106013,1003.5292
1549566106050,1003.5292
1549566106091,1003.5292
1549566106128,1003.5292
1549566106167,1003.6643
1549566106204,1003.6643
1549566106245,1003.6643
1549566106283,1003.6643
1549566106320,1003.7374
1549566106359,1003.7374
1549566106398,1003.7374
1549566106436,1003.6819
1549566106477,1003.6819
1549566106514,1003.6819
1549566106552,1003.6819
1549566106589,1003.6858
1549566106629,1003.6858
1549566106669,1003.6858
1549566106705,1003.6858
1549566106743,1004.0929
1549566106783,1004.0929
1549566106821,1004.0929
1549566106860,1004.4055
1549566106912,1004.4055
1549566106937,1004.4055
1549566106976,1004.4055
1549566107012,1004.2881
1549566107054,1004.2881
1549566107088,1004.2881
1549566107128,1004.2881
1549566107168,1003.7031
1549566107205,1003.7031
1549566107244,1003.7031
1549566107282,1003.63983
1549566107319,1003.63983
1549566107360,1003.63983
1549566107397,1003.63983
1549566107436,1003.7571
1549566107475,1003.7571
1549566107512,1003.7571
1549566107552,1003.7829
1549566107590,1003.7829
1549566107629,1003.7829
1549566107667,1003.7829
1549566107705,1003.6987
1549566107744,1003.6987
1549566107782,1003.6987
1549566107819,1003.6987
1549566107859,1003.9181
1549566107899,1003.9181
1549566107935,1003.9181
1549566107975,1004.24976
1549566108014,1004.24976
1549566108052,1004.24976
1549566108091,1004.24976
1549566108127,1004.42346
1549566108168,1004.42346
1549566108205,1004.42346
1549566108243,1004.42346
1549566108283,1004.0389
1549566108321,1004.0389
1549566108358,1004.0389
1549566108397,1003.6808
1549566108435,1003.6808
1549566108475,1003.6808
1549566108511,1003.6808
1549566108551,1003.7545
1549566108588,1003.7545
1549566108627,1003.7545
1549566108666,1003.7545
1549566108708,1003.792
1549566108743,1003.792
1549566108780,1003.792
1549566108821,1003.72217
1549566108857,1003.72217
1549566108897,1003.72217
1549566108935,1003.72217
1549566108976,1003.6849
1549566109011,1003.6849
1549566109052,1003.6849
1549566109089,1003.6849
1549566109129,1004.04614
1549566109164,1004.04614
1549566109205,1004.04614
1549566109242,1004.3362
1549566109280,1004.3362
1549566109319,1004.3362
1549566109359,1004.3362
1549566109395,1004.1274
1549566109434,1004.1274
1549566109473,1004.1274
1549566109511,1003.61566
1549566109555,1003.61566
1549566109588,1003.61566
1549566109626,1003.61566
1549566109666,1003.58636
1549566109705,1003.58636
1549566109742,1003.58636
1549566109780,1003.58636
1549566109820,1003.72687
1549566109857,1003.72687
1549566109896,1003.72687
1549566109934,1003.7075
1549566109973,1003.7075
1549566110012,1003.7075
1549566110049,1003.7075
1549566110088,1003.6768
1549566110127,1003.6768
1549566110165,1003.6768
1549566110202,1003.6768
1549566110241,1003.87445
1549566110282,1003.87445
1549566110319,1003.87445
1549566110358,1004.2818
1549566110396,1004.2818
1549566110434,1004.2818
1549566110473,1004.2818
1549566110512,1004.52344
1549566110550,1004.52344
1549566110588,1004.52344
1549566110627,1004.52344
1549566110666,1003.9077
1549566110704,1003.9077
1549566110742,1003.9077
1549566110780,1003.69977
1549566110819,1003.69977
1549566110857,1003.69977
1549566110897,1003.69977
1549566110935,1003.79767
1549566110973,1003.79767
1549566111013,1003.79767
1549566111050,1003.79767
1549566111087,1003.84015
1549566111128,1003.84015
1549566111165,1003.84015
1549566111203,1003.69617
1549566111242,1003.69617
1549566111282,1003.69617
1549566111319,1003.69617
1549566111357,1003.5957
1549566111398,1003.5957
1549566111435,1003.5957
1549566111472,1003.6969
1549566111511,1003.6969
1549566111550,1003.6969
1549566111589,1003.6969
1549566111626,1003.9261
1549566111665,1003.9261
1549566111704,1003.9261
1549566111741,1003.9261
1549566111780,1004.0293
1549566111818,1004.0293
1549566111858,1004.0293
1549566111896,1003.6319
1549566111935,1003.6319
1549566111973,1003.6319
1549566112010,1003.6319
1549566112051,1003.57935
1549566112088,1003.57935
1549566112126,1003.57935
1549566112164,1003.57935
1549566112203,1003.6958
1549566112242,1003.6958
1549566112280,1003.6958
1549566112318,1003.7645
1549566112360,1003.7645
1549566112395,1003.7645
1549566112434,1003.7645
1549566112471,1003.72314
1549566112513,1003.72314
1549566112549,1003.72314
1549566112588,1003.72314
1549566112627,1003.6489
1549566112665,1003.6489
1549566112705,1003.6489
1549566112741,1003.8416
1549566112780,1003.8416
1549566112819,1003.8416
1549566112857,1003.8416
1549566112896,1004.1666
1549566112933,1004.1666
1549566112972,1004.1666
1549566113011,1004.208
1549566113049,1004.208
1549566113088,1004.208
1549566113126,1004.208
1549566113167,1003.79236
1549566113203,1003.79236
1549566113242,1003.79236
1549566113280,1003.79236
1549566113320,1003.3692
1549566113357,1003.3692
1549566113397,1003.3692
1549566113434,1003.3474
1549566113473,1003.3474
1549566113510,1003.3474
1549566113549,1003.3474
1549566113587,1003.5587
1549566113627,1003.5587
1549566113664,1003.5587
1549566113702,1003.5587
1549566113743,1003.5395
1549566113781,1003.5395
1549566113818,1003.5395
1549566113856,1003.5044
1549566113895,1003.5044
1549566113933,1003.5044
1549566113971,1003.5044
1549566114011,1003.5133
1549566114048,1003.5133
1549566114087,1003.5133
1549566114126,1003.5133
1549566114165,1003.7329
1549566114202,1003.7329
1549566114241,1003.7329
1549566114282,1004.027
1549566114318,1004.027
1549566114356,1004.027
1549566114395,1004.027
1549566114436,1003.9686
1549566114473,1003.9686
1549566114510,1003.9686
1549566114549,1003.9686
1549566114586,1003.5961
1549566114625,1003.5961
1549566114663,1003.5961
1549566114702,1003.5544
1549566114741,1003.5544
1549566114780,1003.5544
1549566114818,1003.5544
1549566114857,1003.5287
1549566114896,1003.5287
1549566114936,1003.5287
1549566114972,1003.51355
1549566115010,1003.51355
1549566115049,1003.51355
1549566115087,1003.51355
1549566115126,1003.5284
1549566115163,1003.5284
1549566115202,1003.5284
1549566115240,1003.5284
1549566115280,1003.5502
1549566115318,1003.5502
1549566115357,1003.5502
1549566115395,1003.5458
1549566115434,1003.5458
1549566115472,1003.5458
1549566115511,1003.5458
1549566115552,1003.5592
1549566115587,1003.5592
1549566115626,1003.5592
1549566115666,1003.5592
1549566115703,1003.5707
1549566115741,1003.5707
1549566115779,1003.5707
1549566115821,1003.60284
1549566115856,1003.60284
1549566115893,1003.60284
1549566115931,1003.60284
1549566115970,1003.6279
1549566116009,1003.6279
1549566116047,1003.6279
1549566116086,1003.6279
1549566116124,1003.6394
1549566116162,1003.6394
1549566116201,1003.6394
1549566116239,1003.6592
1549566116278,1003.6592
1549566116316,1003.6592
1549566116355,1003.6592
1549566116394,1003.6867
1549566116431,1003.6867
1549566116470,1003.6867
1549566116508,1003.6867
1549566116547,1003.7115
1549566116586,1003.7115
1549566116625,1003.7115
1549566116664,1003.7379
1549566116702,1003.7379
1549566116741,1003.7379
1549566116779,1003.7379
1549566116817,1003.7461
1549566116855,1003.7461
1549566116894,1003.7461
1549566116931,1003.7562
1549566116970,1003.7562
1549566117009,1003.7562
1549566117048,1003.7562
1549566117086,1003.7568
1549566117125,1003.7568
1549566117163,1003.7568
1549566117202,1003.7568
1549566117241,1003.76324
1549566117283,1003.76324
1549566117317,1003.76324
1549566117356,1003.76843
1549566117394,1003.76843
1549566117432,1003.76843
1549566117472,1003.76843
1549566117511,1003.76733
1549566117548,1003.76733
1549566117587,1003.76733
1549566117625,1003.76733
1549566117664,1003.76324
1549566117702,1003.76324
1549566117741,1003.76324
1549566117779,1003.76306
1549566117817,1003.76306
1549566117857,1003.76306
1549566117895,1003.76306
1549566117932,1003.76624
1549566117973,1003.76624
1549566118008,1003.76624
1549566118046,1003.76624
