1549566559401,1005.33453
1549566559439,1005.33453
1549566559477,1005.33453
1549566559516,1005.33594
1549566559554,1005.33594
1549566559592,1005.33594
1549566559631,1005.33594
1549566559669,1005.34015
1549566559708,1005.34015
1549566559746,1005.34015
1549566559785,1005.34015
1549566559824,1005.3474
1549566559863,1005.3474
1549566559900,1005.3474
1549566559939,1005.35187
1549566559979,1005.35187
1549566560017,1005.35187
1549566560056,1005.35187
1549566560094,1005.346
1549566560132,1005.346
1549566560172,1005.346
1549566560209,1005.346
1549566560248,1005.3569
1549566560286,1005.3569
1549566560324,1005.3569
1549566560362,1005.34204
1549566560403,1005.34204
1549566560439,1005.34204
1549566560480,1005.34204
1549566560518,1005.34735
1549566560555,1005.34735
1549566560594,1005.34735
1549566560633,1005.34735
1549566560672,1005.35846
1549566560709,1005.35846
1549566560748,1005.35846
1549566560787,1005.37744
1549566560825,1005.37744
1549566560864,1005.37744
1549566560901,1005.37744
1549566560940,1005.3416
1549566560983,1005.3416
1549566561016,1005.3416
1549566561054,1005.3416
1549566561092,1005.4274
1549566561131,1005.4274
1549566561169,1005.4274
1549566561208,1005.36053
1549566561246,1005.36053
1549566561285,1005.36053
1549566561324,1005.36053
1549566561364,1005.351
1549566561400,1005.351
1549566561438,1005.351
1549566561479,1005.351
1549566561516,1005.3546
1549566561555,1005.3546
1549566561593,1005.3546
1549566561631,1005.40515
1549566561671,1005.40515
1549566561707,1005.40515
1549566561747,1005.40515
1549566561785,1005.4339
1549566561823,1005.4339
1549566561862,1005.4339
1549566561900,1005.45514
1549566561938,1005.45514
1549566561977,1005.45514
1549566562016,1005.45514
1549566562055,1005.4713
1549566562094,1005.4713
1549566562133,1005.4713
1549566562172,1005.4713
1549566562209,1005.48914
1549566562249,1005.48914
1549566562286,1005.48914
1549566562324,1005.5006
1549566562364,1005.5006
1549566562400,1005.5006
1549566562439,1005.5006
1549566562479,1005.4871
1549566562517,1005.4871
1549566562555,1005.4871
1549566562594,1005.4871
1549566562631,1005.4818
1549566562671,1005.4818
1549566562709,1005.4818
1549566562747,1005.49854
1549566562787,1005.49854
1549566562824,1005.49854
1549566562862,1005.49854
1549566562900,1005.5214
1549566562942,1005.5214
1549566562980,1005.5214
1549566563016,1005.5214
1549566563055,1005.54987
1549566563094,1005.54987
1549566563132,1005.54987
1549566563170,1005.54956
1549566563208,1005.54956
1549566563246,1005.54956
1549566563285,1005.54956
1549566563324,1005.5542
1549566563362,1005.5542
1549566563403,1005.5542
1549566563439,1005.5542
1549566563478,1005.58215
1549566563516,1005.58215
1549566563555,1005.58215
1549566563593,1005.5981
1549566563631,1005.5981
1549566563670,1005.5981
1549566563709,1005.5981
1549566563748,1005.61676
1549566563786,1005.61676
1549566563824,1005.61676
1549566563862,1005.61676
1549566563902,1005.63605
1549566563938,1005.63605
1549566563981,1005.63605
1549566564016,1005.6531
1549566564056,1005.6531
1549566564094,1005.6531
1549566564132,1005.6531
1549566564170,1005.681
1549566564208,1005.681
1549566564247,1005.681
1549566564285,1005.681
1549566564324,1005.707
1549566564364,1005.707
1549566564400,1005.707
1549566564438,1005.7346
1549566564479,1005.7346
1549566564517,1005.7346
1549566564555,1005.7346
1549566564594,1005.75586
1549566564631,1005.75586
1549566564672,1005.75586
1549566564709,1005.7827
1549566564747,1005.7827
1549566564785,1005.7827
1549566564824,1005.7827
1549566564862,1005.801
1549566564899,1005.801
1549566564939,1005.801
1549566564979,1005.801
1549566565016,1005.8424
1549566565055,1005.8424
1549566565093,1005.8424
1549566565131,1005.8801
1549566565170,1005.8801
1549566565209,1005.8801
1549566565246,1005.8801
1549566565286,1005.91144
1549566565324,1005.91144
1549566565362,1005.91144
1549566565400,1005.91144
1549566565438,1005.94574
1549566565480,1005.94574
1549566565516,1005.94574
1549566565554,1005.9785
1549566565593,1005.9785
1549566565632,1005.9785
1549566565670,1005.9785
1549566565708,1005.99854
1549566565746,1005.99854
1549566565787,1005.99854
1549566565824,1005.99854
1549566565862,1006.0237
1549566565899,1006.0237
1549566565939,1006.0237
1549566565979,1006.0572
1549566566016,1006.0572
1549566566054,1006.0572
1549566566092,1006.0572
1549566566130,1006.0924
1549566566170,1006.0924
1549566566207,1006.0924
1549566566247,1006.0924
1549566566286,1006.1288
1549566566323,1006.1288
1549566566361,1006.1288
1549566566401,1006.15894
1549566566438,1006.15894
1549566566479,1006.15894
1549566566516,1006.15894
1549566566554,1006.19415
1549566566594,1006.19415
1549566566631,1006.19415
1549566566669,1006.19415
1549566566708,1006.22595
1549566566746,1006.22595
1549566566784,1006.22595
1549566566823,1006.2486
1549566566862,1006.2486
1549566566903,1006.2486
1549566566938,1006.2486
1549566566976,1006.26984
1549566567014,1006.26984
1549566567054,1006.26984
1549566567092,1006.30334
1549566567131,1006.30334
1549566567169,1006.30334
1549566567209,1006.30334
1549566567247,1006.33936
1549566567285,1006.33936
1549566567323,1006.33936
1549566567361,1006.33936
1549566567399,1006.3603
1549566567437,1006.3603
1549566567477,1006.3603
1549566567516,1006.38403
1549566567554,1006.38403
1549566567594,1006.38403
1549566567631,1006.38403
1549566567668,1006.4092
1549566567707,1006.4092
1549566567746,1006.4092
1549566567785,1006.4092
1549566567824,1006.43286
1549566567861,1006.43286
1549566567900,1006.43286
1549566567937,1006.4605
1549566567977,1006.4605
1549566568016,1006.4605
1549566568054,1006.4605
1549566568093,1006.4901
1549566568131,1006.4901
1549566568169,1006.4901
1549566568208,1006.4901
1549566568246,1006.51526
1549566568285,1006.51526
1549566568323,1006.51526
1549566568361,1006.5438
1549566568399,1006.5438
1549566568438,1006.5438
1549566568476,1006.5438
1549566568513,1006.5547
1549566568552,1006.5547
1549566568590,1006.5547
1549566568630,1006.5547
1549566568667,1006.58484
1549566568709,1006.58484
1549566568746,1006.58484
1549566568785,1006.6111
1549566568823,1006.6111
1549566568861,1006.6111
1549566568898,1006.6111
1549566568938,1006.6312
1549566568979,1006.6312
1549566569015,1006.6312
1549566569054,1006.6312
1549566569092,1006.66895
1549566569130,1006.66895
1549566569168,1006.66895
1549566569206,1006.7335
1549566569245,1006.7335
1549566569284,1006.7335
1549566569323,1006.7335
1549566569361,1006.76447
1549566569404,1006.76447
1549566569438,1006.76447
1549566569476,1006.76447
1549566569514,1006.80725
1549566569553,1006.80725
1549566569592,1006.80725
1549566569630,1006.8282
1549566569670,1006.8282
1549566569707,1006.8282
1549566569746,1006.8282
1549566569782,1006.8231
1549566569822,1006.8231
1549566569861,1006.8231
1549566569899,1006.83234
1549566569937,1006.83234
1549566569979,1006.83234
1549566570015,1006.83234
1549566570053,1006.8189
1549566570092,1006.8189
1549566570130,1006.8189
1549566570168,1006.8189
1549566570207,1006.8977
1549566570245,1006.8977
1549566570283,1006.8977
1549566570322,1006.92957
1549566570360,1006.92957
1549566570404,1006.92957
1549566570436,1006.92957
1549566570476,1006.92957
1549566570514,1006.92957
1549566570553,1006.92957
1549566570592,1006.92957
1549566570631,1006.9223
1549566570669,1006.9223
1549566570707,1006.9223
1549566570745,1006.8988
1549566570784,1006.8988
1549566570822,1006.8988
1549566570861,1006.8988
1549566570899,1006.9022
1549566570937,1006.9022
1549566570980,1006.9022
1549566571014,1006.9022
1549566571054,1006.8988
1549566571092,1006.8988
1549566571131,1006.8988
1549566571169,1006.89966
1549566571206,1006.89966
1549566571244,1006.89966
1549566571282,1006.89966
1549566571322,1006.9038
1549566571360,1006.9038
1549566571397,1006.9038
1549566571436,1006.9038
1549566571478,1006.9074
1549566571516,1006.9074
1549566571558,1006.9074
1549566571591,1006.91077
1549566571628,1006.91077
1549566571667,1006.91077
1549566571708,1006.91077
1549566571746,1006.9292
1549566571782,1006.9292
