1549566539102,1008.9324
1549566539102,1008.9324
1549566539140,1008.9324
1549566539181,1008.9324
1549566539220,1008.92914
1549566539256,1008.92914
1549566539297,1008.92914
1549566539333,1008.92914
1549566539372,1008.92914
1549566539412,1008.95374
1549566539451,1008.95374
1549566539488,1008.95374
1549566539528,1008.95374
1549566539568,1008.9605
1549566539607,1008.9605
1549566539643,1008.9605
1549566539692,1008.9605
1549566539723,1008.9255
1549566539758,1008.9255
1549566539796,1008.9255
1549566539837,1008.9255
1549566539889,1008.9255
1549566539912,1008.9271
1549566539951,1008.9271
1549566539996,1008.9271
1549566540029,1008.9271
1549566540065,1008.93396
1549566540103,1008.93396
1549566540143,1008.93396
1549566540181,1008.93396
1549566540219,1008.94415
1549566540260,1008.94415
1549566540296,1008.94415
1549566540334,1008.94415
1549566540375,1008.9509
1549566540410,1008.9509
1549566540450,1008.9509
1549566540489,1008.9509
1549566540526,1008.9509
1549566540565,1008.9611
1549566540608,1008.9611
1549566540645,1008.9611
1549566540680,1008.9611
1549566540719,1008.9594
1549566540759,1008.9594
1549566540797,1008.9594
1549566540836,1008.9594
1549566540878,1008.9594
1549566540925,1008.9594
1549566540959,1008.9594
1549566541001,1008.9594
1549566541026,1008.9628
1549566541064,1008.9628
1549566541108,1008.9628
1549566541142,1008.9628
1549566541191,1008.9628
1549566541220,1008.9611
1549566541259,1008.9611
1549566541302,1008.9611
1549566541334,1008.9611
1549566541374,1008.96454
1549566541409,1008.96454
1549566541447,1008.96454
1549566541488,1008.96454
1549566541526,1008.9628
1549566541575,1008.9628
1549566541604,1008.9628
1549566541640,1008.9628
1549566541680,1008.9628
1549566541717,1008.96625
1549566541757,1008.96625
1549566541795,1008.96625
1549566541834,1008.96625
1549566541877,1008.96625
1549566541909,1008.96625
1549566541951,1008.96625
1549566541988,1008.96625
1549566542024,1008.97473
1549566542064,1008.97473
1549566542102,1008.97473
1549566542142,1008.97473
1549566542181,1008.9815
1549566542220,1008.9815
1549566542257,1008.9815
1549566542298,1008.9815
1549566542335,1008.9815
1549566542375,1008.98834
1549566542412,1008.98834
1549566542451,1008.98834
1549566542490,1008.98834
1549566542526,1008.99
1549566542566,1008.99
1549566542606,1008.99
1549566542643,1008.99
1549566542687,1008.98773
1549566542717,1008.98773
1549566542758,1008.98773
1549566542797,1008.98773
1549566542834,1008.9945
1549566542872,1008.9945
1549566542973,1008.9945
1549566542973,1008.9945
1549566543017,1008.9945
1549566543066,1008.9979
1549566543066,1008.9979
1549566543102,1008.9979
1549566543144,1008.9979
1549566543182,1009.0115
1549566543218,1009.0115
1549566543258,1009.0115
1549566543294,1009.0115
1549566543336,1009.0146
1549566543372,1009.0146
1549566543410,1009.0146
1549566543452,1009.0146
1549566543490,1009.0146
1549566543524,1009.018
1549566543563,1009.018
1549566543602,1009.018
1549566543640,1009.018
1549566543680,1009.0282
1549566543720,1009.0282
1549566543758,1009.0282
1549566543798,1009.0282
1549566543837,1009.035
1549566543873,1009.035
1549566543910,1009.035
1549566543950,1009.035
1549566544005,1009.0418
1549566544025,1009.0418
1549566544064,1009.0418
1549566544107,1009.0418
1549566544143,1009.0418
1549566544179,1009.05707
1549566544219,1009.05707
1549566544258,1009.05707
1549566544298,1009.05707
1549566544333,1009.069
1549566544375,1009.069
1549566544412,1009.069
1549566544449,1009.069
1549566544486,1009.06665
1549566544526,1009.06665
1549566544567,1009.06665
1549566544603,1009.06665
1549566544643,1009.0616
1549566544682,1009.0616
1549566544719,1009.0616
1549566544758,1009.0616
1549566544796,1009.0616
1549566544835,1009.06494
1549566544876,1009.06494
1549566544914,1009.06494
1549566544980,1009.06494
1549566545013,1009.0717
1549566545077,1009.0717
1549566545077,1009.0717
1549566545101,1009.0717
1549566545143,1009.0734
1549566545179,1009.0734
1549566545218,1009.0734
1549566545258,1009.0734
1549566545298,1009.0734
1549566545335,1009.0854
1549566545373,1009.0854
1549566545411,1009.0854
1549566545451,1009.0854
1549566545491,1009.09955
1549566545526,1009.09955
1549566545565,1009.09955
1549566545601,1009.09955
1549566545646,1009.1047
1549566545680,1009.1047
1549566545717,1009.1047
1549566545757,1009.1047
1549566545795,1009.10065
1549566545834,1009.10065
1549566545873,1009.10065
1549566545910,1009.10065
1549566545952,1009.10065
1549566545990,1009.11145
1549566546025,1009.11145
1549566546067,1009.11145
1549566546103,1009.11145
1549566546142,1009.11426
1549566546189,1009.11426
1549566546217,1009.11426
1549566546258,1009.11426
1549566546297,1009.12787
1549566546334,1009.12787
1549566546385,1009.12787
1549566546413,1009.12787
1549566546451,1009.1397
1549566546490,1009.1397
1549566546525,1009.1397
1549566546569,1009.1397
1549566546603,1009.1397
1549566546640,1009.1397
1549566546680,1009.1397
1549566546717,1009.1397
1549566546755,1009.1397
1549566546792,1009.14594
1549566546835,1009.14594
1549566546873,1009.14594
1549566546911,1009.14594
1549566546948,1009.1663
1549566546985,1009.1663
1549566547023,1009.1663
1549566547064,1009.1663
1549566547104,1009.1663
1549566547138,1009.1748
1549566547179,1009.1748
1549566547220,1009.1748
1549566547254,1009.1748
1549566547292,1009.1799
1549566547335,1009.1799
1549566547371,1009.1799
1549566547408,1009.1799
1549566547447,1009.185
1549566547488,1009.185
1549566547523,1009.185
1549566547562,1009.185
1549566547603,1009.1952
1549566547640,1009.1952
1549566547677,1009.1952
1549566547721,1009.1952
1549566547755,1009.1952
1549566547795,1009.2094
1549566547835,1009.2094
1549566547879,1009.2094
1549566547912,1009.2094
1549566547946,1009.2179
1549566547987,1009.2179
1549566548025,1009.2179
1549566548062,1009.2179
1549566548103,1009.2281
1549566548145,1009.2281
1549566548178,1009.2281
1549566548216,1009.2281
1549566548254,1009.2332
1549566548294,1009.2332
1549566548335,1009.2332
1549566548374,1009.2332
1549566548410,1009.2332
1549566548448,1009.24506
1549566548486,1009.24506
1549566548527,1009.24506
1549566548564,1009.24506
1549566548602,1009.2564
1549566548642,1009.2564
1549566548678,1009.2564
1549566548716,1009.2564
1549566548756,1009.2757
1549566548793,1009.2757
1549566548833,1009.2757
1549566548871,1009.2757
1549566548920,1009.2757
1549566548947,1009.2869
1549566548986,1009.2869
1549566549025,1009.2869
1549566549064,1009.2869
1549566549101,1009.29205
1549566549140,1009.29205
1549566549183,1009.29205
1549566549217,1009.29205
1549566549255,1009.30054
1549566549299,1009.30054
1549566549332,1009.30054
1549566549371,1009.30054
1549566549410,1009.31244
1549566549448,1009.31244
1549566549485,1009.31244
1549566549525,1009.31244
1549566549570,1009.31244
1549566549603,1009.32776
1549566549643,1009.32776
1549566549681,1009.32776
1549566549716,1009.32776
1549566549756,1009.33624
1549566549794,1009.33624
1549566549832,1009.33624
1549566549873,1009.33624
1549566549912,1009.3328
1549566549947,1009.3328
1549566549986,1009.3328
1549566550026,1009.3328
1549566550063,1009.33765
1549566550103,1009.33765
1549566550140,1009.33765
1549566550179,1009.33765
1549566550223,1009.33765
1549566550256,1009.34784
1549566550293,1009.34784
1549566550332,1009.34784
1549566550371,1009.34784
1549566550412,1009.35803
1549566550446,1009.35803
1549566550486,1009.35803
1549566550527,1009.35803
1549566550564,1009.3682
1549566550602,1009.3682
1549566550642,1009.3682
1549566550679,1009.3682
1549566550719,1009.3784
1549566550759,1009.3784
1549566550795,1009.3784
1549566550831,1009.3784
1549566550871,1009.3784
1549566550920,1009.38556
1549566550948,1009.38556
1549566550985,1009.38556
1549566551025,1009.38556
1549566551064,1009.3872
1549566551104,1009.3872
1549566551140,1009.3872
1549566551178,1009.3872
1549566551219,1009.3784
1549566551255,1009.3784
1549566551294,1009.3784
1549566551333,1009.3784
1549566551373,1009.3784
1549566551410,1009.3767
1549566551445,1009.3767
1549566551486,1009.3767
1549566551525,1009.3767
1549566551568,1009.3787
1549566551605,1009.3787
1549566551640,1009.3787
1549566551678,1009.3787
1549566551717,1009.375
1549566551755,1009.375
1549566551794,1009.375
1549566551833,1009.375
1549566551876,1009.375
1549566551915,1009.375
1549566551947,1009.375
1549566551988,1009.375
1549566552025,1009.375
1549566552061,1009.3818
1549566552102,1009.3818
1549566552141,1009.3818
1549566552178,1009.3818
1549566552218,1009.3863
1549566552257,1009.3863
1549566552294,1009.3863
1549566552333,1009.3863
1549566552370,1009.3948
1549566552413,1009.3948
1549566552449,1009.3948
1549566552487,1009.3948
1549566552535,1009.4101
1549566552562,1009.4101
1549566552604,1009.4101
1549566552640,1009.4101
1549566552679,1009.4101
1549566552718,1009.41516
1549566552758,1009.41516
1549566552795,1009.41516
1549566552836,1009.41516
1549566552871,1009.41516
1549566552911,1009.41516
1549566552946,1009.41516
1549566552986,1009.41516
1549566553029,1009.41315
1549566553064,1009.41315
1549566553102,1009.41315
1549566553138,1009.41315
1549566553177,1009.41315
1549566553226,1009.4339
1549566553260,1009.4339
1549566553293,1009.4339
1549566553332,1009.4339
1549566553374,1009.43866
1549566553410,1009.43866
1549566553445,1009.43866
1549566553485,1009.43866
1549566553523,1009.4556
1549566553564,1009.4556
1549566553602,1009.4556
1549566553640,1009.4556
1549566553677,1009.46075
1549566553717,1009.46075
1549566553755,1009.46075
1549566553796,1009.46075
1549566553832,1009.46075
1549566553871,1009.4659
1549566553911,1009.4659
1549566553948,1009.4659
1549566553988,1009.4659
1549566554026,1009.47266
1549566554063,1009.47266
1549566554100,1009.47266
1549566554138,1009.47266
1549566554181,1009.48114
1549566554215,1009.48114
1549566554254,1009.48114
1549566554291,1009.48114
1549566554332,1009.4761
1549566554371,1009.4761
1549566554409,1009.4761
1549566554445,1009.4761
1549566554484,1009.4761
1549566554525,1009.4777
1549566554567,1009.4777
1549566554599,1009.4777
1549566554639,1009.4777
1549566554678,1009.4761
1549566554716,1009.4761
1549566554754,1009.4761
1549566554795,1009.4761
1549566554831,1009.4761
1549566554869,1009.4761
1549566554909,1009.4761
1549566554948,1009.4761
1549566554985,1009.4761
1549566555025,1009.4761
1549566555063,1009.4761
1549566555099,1009.4761
1549566555141,1009.4761
1549566555178,1009.4777
1549566555218,1009.4777
1549566555255,1009.4777
1549566555296,1009.4777
1549566555333,1009.48285
1549566555371,1009.48285
1549566555410,1009.48285
1549566555447,1009.48285
1549566555486,1009.49304
1549566555525,1009.49304
1549566555564,1009.49304
1549566555602,1009.49304
1549566555639,1009.49304
1549566555677,1009.4907
1549566555717,1009.4907
1549566555754,1009.4907
1549566555793,1009.4907
1549566555833,1009.4907
1549566555872,1009.4907
1549566555908,1009.4907
1549566555947,1009.4907
1549566555985,1009.489
1549566556022,1009.489
1549566556063,1009.489
1549566556101,1009.489
1549566556140,1009.48676
1549566556177,1009.48676
1549566556215,1009.48676
1549566556254,1009.48676
1549566556293,1009.48676
1549566556331,1009.4816
1549566556369,1009.4816
1549566556409,1009.4816
1549566556449,1009.4816
1549566556483,1009.47485
1549566556528,1009.47485
1549566556564,1009.47485
1549566556599,1009.47485
1549566556639,1009.47314
1549566556676,1009.47314
1549566556716,1009.47314
1549566556757,1009.47314
1549566556793,1009.47314
1549566556832,1009.4765
1549566556872,1009.4765
1549566556908,1009.4765
1549566556948,1009.4765
1549566556987,1009.4816
1549566557023,1009.4816
1549566557061,1009.4816
1549566557100,1009.4816
1549566557143,1009.47314
1549566557176,1009.47314
1549566557215,1009.47314
1549566557254,1009.47314
1549566557294,1009.48224
1549566557333,1009.48224
1549566557369,1009.48224
1549566557408,1009.48224
1549566557449,1009.48224
1549566557484,1009.48505
1549566557528,1009.48505
1549566557569,1009.48505
1549566557600,1009.48505
1549566557638,1009.48334
1549566557678,1009.48334
1549566557716,1009.48334
1549566557754,1009.48334
1549566557792,1009.4884
1549566557832,1009.4884
1549566557871,1009.4884
1549566557907,1009.4884
1549566557949,1009.4881
1549566557984,1009.4881
1549566558023,1009.4881
1549566558061,1009.4881
1549566558098,1009.4881
1549566558140,1009.4932
1549566558178,1009.4932
1549566558215,1009.4932
1549566558255,1009.4932
1549566558293,1009.4858
1549566558331,1009.4858
1549566558369,1009.4858
1549566558406,1009.4858
1549566558450,1009.4858
1549566558486,1009.4858
1549566558523,1009.4858
1549566558561,1009.4858
1549566558600,1009.4858
1549566558639,1009.4875
1549566558679,1009.4875
1549566558714,1009.4875
1549566558756,1009.4875
1549566558794,1009.4875
1549566558830,1009.4875
1549566558869,1009.4875
1549566558909,1009.4875
1549566558954,1009.4824
1549566558984,1009.4824
1549566559023,1009.4824
1549566559061,1009.4824
1549566559106,1009.4807
1549566559137,1009.4807
1549566559177,1009.4807
1549566559214,1009.4807
1549566559253,1009.4807
1549566559307,1009.479
1549566559332,1009.479
1549566559372,1009.479
1549566559407,1009.479
1549566559444,1009.477
1549566559483,1009.477
1549566559524,1009.477
1549566559562,1009.477
1549566559612,1009.4872
1549566559638,1009.4872
1549566559679,1009.4872
1549566559717,1009.4872
1549566559755,1009.49396
1549566559791,1009.49396
1549566559831,1009.49396
1549566559869,1009.49396
1549566559907,1009.49396
1549566559950,1009.5008
1549566559983,1009.5008
1549566560023,1009.5008
1549566560061,1009.5008
1549566560098,1009.49677
1549566560139,1009.49677
1549566560177,1009.49677
1549566560217,1009.49677
1549566560255,1009.5093
1549566560292,1009.5093
1549566560330,1009.5093
1549566560369,1009.5093
1549566560409,1009.5093
1549566560449,1009.5212
1549566560482,1009.5212
1549566560521,1009.5212
1549566560560,1009.5212
1549566560599,1009.524
1549566560637,1009.524
1549566560678,1009.524
1549566560717,1009.524
1549566560753,1009.524
1549566560793,1009.524
1549566560831,1009.524
1549566560869,1009.524
1549566560905,1009.5342
1549566560946,1009.5342
1549566560983,1009.5342
1549566561023,1009.5342
1549566561060,1009.5342
1549566561098,1009.54407
1549566561139,1009.54407
1549566561177,1009.54407
1549566561215,1009.54407
1549566561252,1009.54913
1549566561290,1009.54913
1549566561331,1009.54913
1549566561370,1009.54913
1549566561406,1009.55084
1549566561449,1009.55084
1549566561484,1009.55084
1549566561523,1009.55084
1549566561559,1009.55597
1549566561601,1009.55597
1549566561641,1009.55597
1549566561676,1009.55597
1549566561716,1009.55597
1549566561754,1009.55707
1549566561791,1009.55707
1549566561833,1009.55707
1549566561866,1009.55707
1549566561907,1009.5706
1549566561948,1009.5706
1549566561983,1009.5706
1549566562023,1009.5706
1549566562060,1009.5768
1549566562100,1009.5768
1549566562139,1009.5768
1549566562177,1009.5768
1549566562216,1009.5768
1549566562253,1009.58527
1549566562293,1009.58527
1549566562329,1009.58527
1549566562367,1009.58527
1549566562410,1009.5833
1549566562472,1009.5833
1549566562484,1009.5833
1549566562523,1009.5833
1549566562561,1009.5918
1549566562600,1009.5918
1549566562648,1009.5918
1549566562675,1009.5918
1549566562715,1009.59686
1549566562753,1009.59686
1549566562792,1009.59686
1549566562834,1009.59686
1549566562868,1009.59686
1549566562909,1009.6048
1549566562946,1009.6048
1549566562986,1009.6048
1549566563023,1009.6048
1549566563062,1009.6122
1549566563103,1009.6122
1549566563139,1009.6122
1549566563174,1009.6122
1549566563216,1009.60876
1549566563258,1009.60876
1549566563290,1009.60876
1549566563333,1009.60876
1549566563369,1009.6139
1549566563406,1009.6139
1549566563446,1009.6139
1549566563484,1009.6139
1549566563521,1009.6139
1549566563559,1009.60785
1549566563598,1009.60785
1549566563640,1009.60785
1549566563676,1009.60785
1549566563713,1009.6147
1549566563752,1009.6147
1549566563789,1009.6147
1549566563830,1009.6147
1549566563868,1009.6164
1549566563907,1009.6164
1549566563947,1009.6164
1549566563982,1009.6164
1549566564021,1009.6164
1549566564059,1009.62006
1549566564099,1009.62006
1549566564139,1009.62006
1549566564176,1009.62006
1549566564213,1009.62823
1549566564254,1009.62823
1549566564291,1009.62823
1549566564328,1009.62823
1549566564370,1009.6354
1549566564408,1009.6354
1549566564449,1009.6354
1549566564483,1009.6354
1549566564523,1009.64557
1549566564570,1009.64557
1549566564599,1009.64557
1549566564636,1009.64557
1549566564677,1009.64557
1549566564713,1009.6469
1549566564753,1009.6469
1549566564790,1009.6469
1549566564830,1009.6469
1549566564867,1009.65375
1549566564906,1009.65375
1549566564947,1009.65375
1549566564987,1009.65375
1549566565024,1009.65656
1549566565060,1009.65656
1549566565099,1009.65656
1549566565137,1009.65656
1549566565175,1009.6596
1549566565213,1009.6596
1549566565260,1009.6596
1549566565295,1009.6596
1549566565329,1009.6596
1549566565365,1009.6562
1549566565406,1009.6562
1549566565445,1009.6562
1549566565482,1009.6562
1549566565520,1009.6579
1549566565565,1009.6579
1549566565600,1009.6579
1549566565636,1009.6579
1549566565674,1009.663
1549566565713,1009.663
1549566565751,1009.663
1549566565794,1009.663
1549566565830,1009.663
1549566565867,1009.66583
1549566565906,1009.66583
1549566565946,1009.66583
1549566565982,1009.66583
1549566566021,1009.6709
1549566566060,1009.6709
1549566566100,1009.6709
1549566566143,1009.6709
1549566566177,1009.6879
1549566566226,1009.6879
1549566566258,1009.6879
1549566566290,1009.6879
1549566566327,1009.6941
1549566566368,1009.6941
1549566566414,1009.6941
1549566566447,1009.6941
1549566566483,1009.6941
1549566566520,1009.71106
1549566566559,1009.71106
1549566566599,1009.71106
1549566566635,1009.71106
1549566566675,1009.72296
1549566566714,1009.72296
1549566566754,1009.72296
1549566566789,1009.72296
1549566566829,1009.7264
1549566566867,1009.7264
1549566566908,1009.7264
1549566566953,1009.7264
1549566566986,1009.7366
1549566567019,1009.7366
1549566567060,1009.7366
1549566567099,1009.7366
1549566567135,1009.7366
1549566567176,1009.7498
1549566567214,1009.7498
1549566567251,1009.7498
1549566567291,1009.7498
1549566567328,1009.76855
1549566567367,1009.76855
1549566567408,1009.76855
1549566567443,1009.76855
1549566567481,1009.7753
1549566567522,1009.7753
1549566567567,1009.7753
1549566567596,1009.7753
1549566567636,1009.7753
1549566567677,1009.7855
1549566567711,1009.7855
1549566567750,1009.7855
1549566567790,1009.7855
1549566567827,1009.7957
1549566567865,1009.7957
1549566567908,1009.7957
1549566567951,1009.7957
1549566567980,1009.8025
1549566568019,1009.8025
1549566568057,1009.8025
1549566568097,1009.8025
1549566568136,1009.8121
1549566568175,1009.8121
1549566568211,1009.8121
1549566568251,1009.8121
1549566568291,1009.8121
1549566568328,1009.8169
1549566568365,1009.8169
1549566568405,1009.8169
1549566568443,1009.8169
1549566568480,1009.8356
1549566568519,1009.8356
1549566568560,1009.8356
1549566568597,1009.8356
1549566568635,1009.8509
1549566568672,1009.8509
1549566568713,1009.8509
1549566568750,1009.8509
1549566568788,1009.86615
1549566568826,1009.86615
1549566568864,1009.86615
1549566568904,1009.86615
1549566568944,1009.86615
1549566568980,1009.8747
1549566569018,1009.8747
1549566569058,1009.8747
1549566569096,1009.8747
1549566569139,1009.87744
1549566569172,1009.87744
1549566569213,1009.87744
1549566569250,1009.87744
1549566569287,1009.89105
1549566569329,1009.89105
1549566569365,1009.89105
1549566569404,1009.89105
1549566569441,1009.89105
1549566569480,1009.88873
1549566569519,1009.88873
1549566569559,1009.88873
1549566569595,1009.88873
1549566569633,1009.887
1549566569673,1009.887
1549566569711,1009.887
1549566569749,1009.887
1549566569787,1009.88873
1549566569827,1009.88873
1549566569865,1009.88873
1549566569905,1009.88873
1549566569942,1009.8921
1549566569979,1009.8921
1549566570020,1009.8921
1549566570057,1009.8921
1549566570096,1009.8921
1549566570133,1009.8938
1549566570173,1009.8938
1549566570212,1009.8938
1549566570250,1009.8938
1549566570287,1009.8972
1549566570328,1009.8972
1549566570365,1009.8972
1549566570403,1009.8972
1549566570443,1009.9003
1549566570483,1009.9003
1549566570519,1009.9003
1549566570556,1009.9003
1549566570595,1009.9003
1549566570640,1009.9003
1549566570674,1009.9003
1549566570711,1009.9003
1549566570750,1009.9003
1549566570788,1009.9037
1549566570828,1009.9037
1549566570865,1009.9037
1549566570903,1009.9037
1549566570942,1009.9071
1549566570981,1009.9071
1549566571019,1009.9071
1549566571056,1009.9071
1549566571097,1009.9048
1549566571134,1009.9048
1549566571172,1009.9048
1549566571213,1009.9048
1549566571254,1009.9048
1549566571289,1009.9048
1549566571328,1009.9048
1549566571371,1009.9048
1549566571405,1009.9048
1549566571443,1009.915
1549566571481,1009.915
1549566571518,1009.915
1549566571559,1009.915
1549566571599,1009.92316
1549566571635,1009.92316
1549566571676,1009.92316
1549566571711,1009.92316
1549566571749,1009.931
1549566571795,1009.931
1549566571828,1009.931
1549566571866,1009.931
1549566571904,1009.931
1549566571943,1009.93445
1549566571980,1009.93445
1549566572023,1009.93445
1549566572059,1009.93445
1549566572095,1009.93414
1549566572133,1009.93414
1549566572172,1009.93414
1549566572211,1009.93414
1549566572249,1009.94635
1549566572291,1009.94635
1549566572325,1009.94635
1549566572364,1009.94635
1549566572404,1009.9528
1549566572443,1009.9528
1549566572484,1009.9528
1549566572520,1009.9528
1549566572561,1009.9528
1549566572597,1009.997
1549566572636,1009.997
1549566572677,1009.997
1549566572711,1009.997
1549566572750,1010.0066
1549566572791,1010.0066
1549566572829,1010.0066
1549566572865,1010.0066
1549566572905,1009.98785
1549566572947,1009.98785
1549566572981,1009.98785
1549566573020,1009.98785
1549566573060,1009.98785
1549566573094,1009.95734
1549566573135,1009.95734
1549566573177,1009.95734
1549566573212,1009.95734
1549566573255,1009.9556
1549566573288,1009.9556
1549566573326,1009.9556
1549566573366,1009.9556
1549566573403,1009.95905
1549566573446,1009.95905
1549566573483,1009.95905
1549566573518,1009.95905
1549566573558,1009.95734
1549566573597,1009.95734
1549566573636,1009.95734
1549566573671,1009.95734
1549566573711,1009.95734
1549566573751,1009.972
1549566573801,1009.972
1549566573826,1009.972
