1549566620739,1008.8781
1549566620739,1008.8781
1549566620775,1008.8781
1549566620813,1008.8781
1549566620852,1008.87494
1549566620891,1008.87494
1549566620929,1008.87494
1549566620967,1008.87494
1549566621007,1008.87494
1549566621046,1008.8825
1549566621084,1008.8825
1549566621122,1008.8825
1549566621163,1008.8825
1549566621198,1008.8723
1549566621246,1008.8723
1549566621279,1008.8723
1549566621314,1008.8723
1549566621354,1008.8723
1549566621396,1008.8723
1549566621430,1008.8723
1549566621469,1008.8723
1549566621509,1008.86383
1549566621547,1008.8678
1549566621586,1008.8678
1549566621624,1008.8678
1549566621661,1008.8678
1549566621707,1008.8681
1549566621769,1008.8681
1549566621786,1008.8681
1549566621817,1008.8681
1549566621851,1008.86615
1549566621890,1008.86615
1549566621930,1008.86615
1549566621967,1008.86615
1549566622008,1008.86304
1549566622047,1008.86304
1549566622083,1008.86304
1549566622124,1008.86304
1549566622161,1008.86304
1549566622199,1008.85284
1549566622235,1008.85284
1549566622274,1008.85284
1549566622313,1008.85284
1549566622352,1008.85455
1549566622391,1008.85455
1549566622430,1008.85455
1549566622470,1008.85455
1549566622511,1008.8491
1549566622546,1008.8491
1549566622586,1008.8491
1549566622624,1008.8491
1549566622660,1008.84406
1549566622700,1008.84406
1549566622738,1008.84406
1549566622780,1008.84406
1549566622814,1008.84406
1549566622852,1008.8474
1549566622895,1008.8474
1549566622944,1008.8474
1549566622978,1008.8474
1549566623007,1008.8491
1549566623045,1008.8491
1549566623088,1008.8491
1549566623125,1008.8491
1549566623160,1008.85254
1549566623200,1008.85254
1549566623239,1008.85254
1549566623277,1008.85254
1549566623313,1008.8508
1549566623351,1008.8508
1549566623393,1008.8508
1549566623431,1008.8508
1549566623468,1008.8508
1549566623506,1008.857
1549566623544,1008.857
1549566623583,1008.857
1549566623620,1008.857
1549566623663,1008.87396
1549566623699,1008.87396
1549566623736,1008.87396
1549566623787,1008.87396
1549566623818,1008.8757
1549566623855,1008.8757
1549566623889,1008.8757
1549566623929,1008.8757
1549566623970,1008.8757
1549566624008,1008.891
1549566624045,1008.891
1549566624082,1008.891
1549566624131,1008.891
1549566624160,1008.9012
1549566624198,1008.9012
1549566624240,1008.9012
1549566624277,1008.9012
1549566624314,1008.9114
1549566624351,1008.9114
1549566624391,1008.9114
1549566624429,1008.9114
1549566624467,1008.9233
1549566624506,1008.9233
1549566624544,1008.9233
1549566624583,1008.9233
1549566624622,1008.9233
1549566624661,1008.9368
1549566624700,1008.9368
1549566624738,1008.9368
1549566624775,1008.9368
1549566624813,1008.94165
1549566624855,1008.94165
1549566624892,1008.94165
1549566624930,1008.94165
1549566624968,1008.9552
1549566625006,1008.9552
1549566625044,1008.9552
1549566625082,1008.9552
1549566625121,1008.9671
1549566625161,1008.9671
1549566625201,1008.9671
1549566625237,1008.9671
1549566625276,1008.9671
1549566625313,1008.9841
1549566625351,1008.9841
1549566625390,1008.9841
1549566625436,1008.9841
1549566625475,1008.9903
1549566625504,1008.9903
1549566625543,1008.9903
1549566625583,1008.9903
1549566625620,1008.9988
1549566625658,1008.9988
1549566625698,1008.9988
1549566625736,1008.9988
1549566625776,1008.9988
1549566625813,1009.00555
1549566625850,1009.00555
1549566625890,1009.00555
1549566625928,1009.00555
1549566625969,1009.00726
1549566626005,1009.00726
1549566626043,1009.00726
1549566626085,1009.00726
1549566626121,1009.0198
1549566626159,1009.0198
1549566626198,1009.0198
1549566626236,1009.0198
1549566626275,1009.0215
1549566626312,1009.0215
1549566626352,1009.0215
1549566626391,1009.0215
1549566626431,1009.0215
1549566626467,1009.0141
1549566626510,1009.0141
1549566626548,1009.0141
1549566626584,1009.0141
1549566626621,1009.012
1549566626660,1009.012
1549566626698,1009.012
1549566626735,1009.012
1549566626778,1009.012
1549566626813,1009.012
1549566626856,1009.012
1549566626890,1009.012
1549566626929,1009.01715
1549566626968,1009.01715
1549566627009,1009.01715
1549566627046,1009.01715
1549566627085,1009.01715
1549566627121,1009.01825
1549566627163,1009.01825
1549566627199,1009.01825
1549566627238,1009.01825
1549566627273,1009.03015
1549566627313,1009.03015
1549566627357,1009.03015
1549566627390,1009.03015
1549566627429,1009.0437
1549566627518,1009.0437
1549566627518,1009.0437
1549566627543,1009.0437
1549566627583,1009.0437
1549566627623,1009.0448
1549566627659,1009.0448
1549566627698,1009.0448
1549566627740,1009.0448
1549566627774,1009.0516
1549566627819,1009.0516
1549566627855,1009.0516
1549566627892,1009.0516
1549566627928,1009.0567
1549566627966,1009.0567
1549566628009,1009.0567
1549566628043,1009.0567
1549566628081,1009.0652
1549566628120,1009.0652
1549566628160,1009.0652
1549566628200,1009.0652
1549566628237,1009.0652
1549566628275,1009.0666
1549566628313,1009.0666
1549566628355,1009.0666
1549566628391,1009.0666
1549566628432,1009.07166
1549566628466,1009.07166
1549566628504,1009.07166
1549566628544,1009.07166
1549566628587,1009.0694
1549566628621,1009.0694
1549566628659,1009.0694
1549566628699,1009.0694
1549566628736,1009.07074
1549566628774,1009.07074
1549566628813,1009.07074
1549566628854,1009.07074
1549566628890,1009.07074
1549566628928,1009.0877
1549566628967,1009.0877
1549566629006,1009.0877
1549566629045,1009.0877
1549566629084,1009.09625
1549566629121,1009.09625
1549566629168,1009.09625
1549566629198,1009.09625
1549566629235,1009.11694
1549566629275,1009.11694
1549566629312,1009.11694
1549566629354,1009.11694
1549566629390,1009.11694
1549566629428,1009.1305
1549566629465,1009.1305
1549566629504,1009.1305
1549566629544,1009.1305
1549566629582,1009.13727
1549566629622,1009.13727
1549566629658,1009.13727
1549566629699,1009.13727
1549566629735,1009.1421
1549566629775,1009.1421
1549566629815,1009.1421
1549566629850,1009.1421
1549566629890,1009.1506
1549566629928,1009.1506
1549566629973,1009.1506
1549566630007,1009.1506
1549566630044,1009.1506
1549566630081,1009.16754
1549566630120,1009.16754
1549566630159,1009.16754
1549566630198,1009.16754
1549566630235,1009.16864
1549566630275,1009.16864
1549566630314,1009.16864
1549566630353,1009.16864
1549566630390,1009.17035
1549566630428,1009.17035
1549566630467,1009.17035
1549566630506,1009.17035
1549566630545,1009.17883
1549566630581,1009.17883
1549566630619,1009.17883
1549566630660,1009.17883
1549566630696,1009.17883
1549566630736,1009.189
1549566630774,1009.189
1549566630813,1009.189
1549566630851,1009.189
1549566630888,1009.20435
1549566630928,1009.20435
1549566630969,1009.20435
1549566631009,1009.20435
1549566631042,1009.2088
1549566631080,1009.2088
1549566631121,1009.2088
1549566631165,1009.2088
1549566631196,1009.2088
1549566631236,1009.223
1549566631278,1009.223
1549566631315,1009.223
1549566631358,1009.223
1549566631389,1009.2326
1549566631429,1009.2326
1549566631466,1009.2326
1549566631504,1009.2326
1549566631543,1009.24615
1549566631584,1009.24615
1549566631620,1009.24615
1549566631659,1009.24615
1549566631698,1009.2615
1549566631735,1009.2615
1549566631775,1009.2615
1549566631813,1009.2615
1549566631850,1009.2615
1549566631889,1009.26654
1549566631929,1009.26654
1549566631965,1009.26654
1549566632006,1009.26654
1549566632043,1009.26825
1549566632083,1009.26825
1549566632121,1009.26825
1549566632161,1009.26825
1549566632199,1009.2564
1549566632240,1009.2564
1549566632274,1009.2564
1549566632313,1009.2564
1549566632353,1009.25433
1549566632389,1009.25433
1549566632428,1009.25433
1549566632466,1009.25433
1549566632509,1009.25433
1549566632547,1009.25714
1549566632581,1009.25714
1549566632619,1009.25714
1549566632657,1009.25714
1549566632697,1009.27075
1549566632734,1009.27075
1549566632772,1009.27075
1549566632810,1009.27075
1549566632851,1009.2724
1549566632889,1009.2724
1549566632927,1009.2724
1549566632966,1009.2724
1549566633005,1009.2724
1549566633046,1009.27985
1549566633081,1009.27985
1549566633119,1009.27985
1549566633161,1009.27985
1549566633196,1009.285
1549566633235,1009.285
1549566633275,1009.285
1549566633315,1009.285
1549566633356,1009.2883
1549566633398,1009.2883
1549566633428,1009.2883
1549566633465,1009.2883
1549566633503,1009.2894
1549566633543,1009.2894
1549566633583,1009.2894
1549566633619,1009.2894
1549566633657,1009.2894
1549566633695,1009.2928
1549566633734,1009.2928
1549566633773,1009.2928
1549566633813,1009.2928
1549566633855,1009.2996
1549566633889,1009.2996
1549566633928,1009.2996
1549566633966,1009.2996
1549566634006,1009.3081
1549566634044,1009.3081
1549566634084,1009.3081
1549566634120,1009.3081
1549566634158,1009.3027
1549566634206,1009.3027
1549566634234,1009.3027
1549566634273,1009.3027
1549566634317,1009.3027
1549566634351,1009.30035
1549566634387,1009.30035
1549566634445,1009.30035
1549566634465,1009.30035
1549566634504,1009.31396
1549566634544,1009.31396
1549566634583,1009.31396
1549566634620,1009.31396
1549566634658,1009.3276
1549566634696,1009.3276
1549566634739,1009.3276
1549566634774,1009.3276
1549566634812,1009.3276
1549566634852,1009.33606
1549566634890,1009.33606
1549566634927,1009.33606
1549566634970,1009.33606
1549566635004,1009.34283
1549566635043,1009.34283
1549566635081,1009.34283
1549566635120,1009.34283
1549566635158,1009.3514
1549566635197,1009.3514
1549566635235,1009.3514
1549566635275,1009.3514
1549566635312,1009.3497
1549566635357,1009.3497
1549566635390,1009.3497
1549566635426,1009.3497
1549566635465,1009.3497
1549566635503,1009.3615
1549566635542,1009.3615
1549566635582,1009.3615
1549566635619,1009.3615
1549566635658,1009.36804
1549566635695,1009.36804
1549566635736,1009.36804
1549566635773,1009.36804
1549566635812,1009.36804
1549566635855,1009.36804
1549566635897,1009.36804
1549566635928,1009.36804
1549566635974,1009.3765
1549566636003,1009.3765
1549566636042,1009.3765
1549566636080,1009.3765
1549566636119,1009.3765
1549566636158,1009.3867
1549566636197,1009.3867
1549566636234,1009.3867
1549566636274,1009.3867
1549566636312,1009.3884
1549566636349,1009.3884
1549566636394,1009.3884
1549566636426,1009.3884
1549566636465,1009.3935
1549566636508,1009.3935
1549566636544,1009.3935
1549566636580,1009.3935
1549566636622,1009.3935
1549566636657,1009.3918
1549566636696,1009.3918
1549566636733,1009.3918
1549566636772,1009.3918
1549566636812,1009.4003
1549566636850,1009.4003
1549566636887,1009.4003
1549566636928,1009.4003
1549566636967,1009.4003
1549566637003,1009.4003
1549566637040,1009.4003
1549566637081,1009.4003
1549566637120,1009.4037
1549566637159,1009.4037
1549566637195,1009.4037
1549566637233,1009.4037
1549566637273,1009.4037
1549566637313,1009.40814
1549566637347,1009.40814
1549566637387,1009.40814
1549566637427,1009.40814
1549566637466,1009.4048
1549566637503,1009.4048
1549566637541,1009.4048
1549566637581,1009.4048
1549566637619,1009.40076
1549566637657,1009.40076
1549566637694,1009.40076
1549566637734,1009.40076
1549566637772,1009.4042
1549566637811,1009.4042
1549566637853,1009.4042
1549566637890,1009.4042
1549566637926,1009.4042
1549566637964,1009.40924
1549566638002,1009.40924
1549566638043,1009.40924
1549566638081,1009.40924
1549566638119,1009.41266
1549566638165,1009.41266
1549566638197,1009.41266
1549566638234,1009.41266
1549566638275,1009.41095
1549566638309,1009.41095
1549566638349,1009.41095
1549566638386,1009.41095
1549566638426,1009.41095
1549566638468,1009.41437
1549566638503,1009.41437
1549566638547,1009.41437
1549566638581,1009.41437
1549566638621,1009.41064
1549566638657,1009.41064
1549566638695,1009.41064
1549566638736,1009.41064
1549566638772,1009.42084
1549566638812,1009.42084
1549566638848,1009.42084
1549566638886,1009.42084
1549566638926,1009.4168
1549566638966,1009.4168
1549566639003,1009.4168
1549566639042,1009.4168
1549566639079,1009.4168
1549566639117,1009.4202
1549566639157,1009.4202
1549566639195,1009.4202
1549566639233,1009.4202
1549566639277,1009.42194
1549566639318,1009.42194
1549566639349,1009.42194
1549566639387,1009.42194
1549566639425,1009.427
1549566639465,1009.427
1549566639504,1009.427
1549566639543,1009.427
1549566639594,1009.4338
1549566639616,1009.4338
1549566639657,1009.4338
1549566639698,1009.4338
1549566639734,1009.4338
1549566639775,1009.43353
1549566639811,1009.43353
1549566639851,1009.43353
1549566639885,1009.43353
1549566639931,1009.4352
1549566639963,1009.4352
1549566640006,1009.4352
1549566640041,1009.4352
1549566640080,1009.4406
1549566640117,1009.4406
1549566640156,1009.4406
1549566640198,1009.4406
1549566640234,1009.44574
1549566640273,1009.44196
1549566640311,1009.44196
1549566640350,1009.44196
1549566640397,1009.44196
1549566640425,1009.44366
1549566640465,1009.44366
1549566640504,1009.44366
1549566640543,1009.44366
1549566640578,1009.4525
1549566640620,1009.4525
1549566640656,1009.4525
1549566640695,1009.4525
1549566640734,1009.4559
1549566640772,1009.4559
1549566640811,1009.4559
1549566640850,1009.4559
1549566640890,1009.4559
1549566640924,1009.4491
1549566640963,1009.4491
1549566641001,1009.4491
1549566641040,1009.4491
1549566641080,1009.4403
1549566641118,1009.4403
1549566641160,1009.4403
1549566641195,1009.4403
1549566641233,1009.4403
1549566641273,1009.4403
1549566641315,1009.4403
1549566641348,1009.4403
1549566641386,1009.44366
1549566641424,1009.44366
1549566641463,1009.44366
1549566641504,1009.44366
1549566641541,1009.44366
1549566641579,1009.4539
1549566641618,1009.4539
1549566641655,1009.4539
1549566641695,1009.4539
1549566641733,1009.4539
1549566641771,1009.4539
1549566641810,1009.4539
1549566641881,1009.4539
1549566641894,1009.46405
1549566641925,1009.46405
1549566641965,1009.46405
1549566642003,1009.46405
1549566642041,1009.45496
1549566642079,1009.45496
1549566642118,1009.45496
1549566642157,1009.45496
1549566642195,1009.45496
1549566642234,1009.459
1549566642271,1009.459
1549566642312,1009.459
1549566642349,1009.459
1549566642389,1009.45557
1549566642424,1009.45557
1549566642464,1009.45557
1549566642503,1009.45557
1549566642541,1009.4601
1549566642584,1009.4601
1549566642618,1009.4601
1549566642655,1009.4601
1549566642694,1009.4601
1549566642734,1009.4601
1549566642773,1009.4601
1549566642809,1009.4601
1549566642847,1009.4601
1549566642886,1009.472
1549566642925,1009.472
1549566642964,1009.472
1549566643003,1009.472
1549566643039,1009.47876
1549566643079,1009.47876
1549566643118,1009.47876
1549566643156,1009.47876
1549566643195,1009.4818
1549566643235,1009.4818
1549566643272,1009.4818
1549566643310,1009.4818
1549566643348,1009.4818
1549566643387,1009.4829
1549566643424,1009.4829
1549566643470,1009.4829
1549566643503,1009.4829
1549566643542,1009.4897
1549566643578,1009.4897
1549566643617,1009.4897
1549566643656,1009.4897
1549566643694,1009.4948
1549566643731,1009.4948
1549566643770,1009.4948
1549566643809,1009.4948
1549566643848,1009.49994
1549566643885,1009.49994
1549566643925,1009.49994
1549566643964,1009.49994
1549566644002,1009.49994
1549566644039,1009.50836
1549566644078,1009.50836
1549566644117,1009.50836
1549566644156,1009.50836
1549566644195,1009.5129
1549566644235,1009.5129
1549566644273,1009.5129
1549566644310,1009.5129
1549566644349,1009.5262
1549566644387,1009.5262
1549566644425,1009.5262
1549566644463,1009.5262
1549566644502,1009.5262
1549566644541,1009.53125
1549566644578,1009.53125
1549566644617,1009.53125
1549566644655,1009.53125
1549566644697,1009.54144
1549566644733,1009.54144
1549566644772,1009.54144
1549566644809,1009.54144
1549566644848,1009.54486
1549566644889,1009.54486
1549566644926,1009.54486
1549566644965,1009.54486
1549566645003,1009.5482
1549566645040,1009.5482
1549566645079,1009.5482
1549566645124,1009.5482
1549566645155,1009.5482
1549566645195,1009.56384
1549566645233,1009.56384
1549566645272,1009.56384
1549566645308,1009.56384
1549566645347,1009.57745
1549566645386,1009.57745
1549566645423,1009.57745
1549566645462,1009.57745
1549566645502,1009.5788
1549566645540,1009.5788
1549566645612,1009.5788
1549566645630,1009.5788
1549566645655,1009.5771
1549566645694,1009.5771
1549566645732,1009.5771
1549566645770,1009.5771
1549566645810,1009.5771
1549566645849,1009.58563
1549566645890,1009.58563
1549566645924,1009.58563
1549566645963,1009.58563
1549566646002,1009.5884
1549566646040,1009.5884
1549566646077,1009.5884
1549566646116,1009.5884
1549566646157,1009.5918
1549566646194,1009.5918
1549566646235,1009.5918
1549566646270,1009.5918
1549566646308,1009.5918
1549566646348,1009.5918
1549566646388,1009.5918
1549566646423,1009.5918
1549566646463,1009.5918
1549566646502,1009.5901
1549566646539,1009.5901
1549566646578,1009.5901
1549566646616,1009.5901
1549566646656,1009.5813
1549566646692,1009.5813
1549566646732,1009.5813
1549566646771,1009.5813
1549566646808,1009.5796
1549566646855,1009.5796
1549566646885,1009.5796
1549566646924,1009.5796
1549566646963,1009.5796
1549566647001,1009.5915
1549566647040,1009.5915
1549566647079,1009.5915
1549566647117,1009.5915
1549566647155,1009.5925
1549566647191,1009.5925
1549566647237,1009.5925
1549566647273,1009.5925
1549566647307,1009.6
1549566647345,1009.6
1549566647385,1009.6
1549566647425,1009.6
1549566647464,1009.60333
1549566647502,1009.60333
1549566647539,1009.60333
1549566647577,1009.60333
1549566647616,1009.60333
1549566647655,1009.60956
1549566647695,1009.60956
1549566647732,1009.60956
1549566647772,1009.60956
1549566647807,1009.6231
1549566647847,1009.6231
1549566647888,1009.6231
1549566647928,1009.6231
1549566647962,1009.6276
1549566648003,1009.6276
1549566648039,1009.6276
1549566648079,1009.6276
1549566648116,1009.6276
1549566648154,1009.6259
1549566648195,1009.6259
1549566648231,1009.6259
1549566648269,1009.6259
1549566648308,1009.6344
1549566648348,1009.6344
1549566648386,1009.6344
1549566648423,1009.6344
1549566648463,1009.6463
1549566648500,1009.6463
1549566648541,1009.6463
1549566648578,1009.6463
1549566648614,1009.6565
1549566648656,1009.6565
1549566648693,1009.6565
1549566648730,1009.6565
1549566648770,1009.6565
1549566648808,1009.6667
1549566648847,1009.6667
1549566648885,1009.6667
1549566648922,1009.6667
1549566648963,1009.67346
1549566649002,1009.67346
1549566649043,1009.67346
1549566649078,1009.67346
1549566649117,1009.6871
1549566649157,1009.6871
1549566649192,1009.6871
1549566649231,1009.6871
1549566649270,1009.6989
1549566649309,1009.6989
1549566649347,1009.6989
1549566649387,1009.6989
1549566649424,1009.6989
1549566649463,1009.70404
1549566649499,1009.70404
1549566649539,1009.70404
1549566649578,1009.70404
1549566649617,1009.7193
1549566649656,1009.7193
1549566649693,1009.7193
1549566649732,1009.7193
1549566649770,1009.7244
1549566649810,1009.7244
1549566649848,1009.7244
1549566649888,1009.7244
1549566649922,1009.7244
1549566649966,1009.736
1549566650000,1009.736
1549566650038,1009.736
1549566650077,1009.736
1549566650116,1009.7513
1549566650156,1009.7513
1549566650191,1009.7513
1549566650230,1009.7513
1549566650271,1009.76996
1549566650310,1009.76996
1549566650348,1009.76996
1549566650385,1009.76996
1549566650424,1009.78357
1549566650462,1009.78357
1549566650503,1009.78357
1549566650540,1009.78357
1549566650579,1009.78357
1549566650616,1009.79205
1549566650653,1009.79205
1549566650691,1009.79205
1549566650732,1009.79205
1549566650769,1009.79315
1549566650809,1009.79315
1549566650846,1009.79315
1549566650886,1009.79315
1549566650924,1009.8067
1549566650961,1009.8067
1549566650999,1009.8067
1549566651040,1009.8067
1549566651077,1009.81525
1549566651117,1009.81525
1549566651155,1009.81525
1549566651194,1009.81525
1549566651231,1009.81525
1549566651270,1009.822
1549566651308,1009.822
1549566651345,1009.822
1549566651386,1009.822
1549566651424,1009.8322
1549566651460,1009.8322
1549566651501,1009.8322
1549566651541,1009.8322
1549566651577,1009.84576
1549566651614,1009.84576
1549566651654,1009.84576
1549566651692,1009.84576
1549566651732,1009.84576
1549566651768,1009.8475
1549566651809,1009.8475
1549566651860,1009.8475
1549566651888,1009.8475
1549566651921,1009.8438
1549566651960,1009.8438
1549566652004,1009.8438
1549566652037,1009.8438
1549566652078,1009.84717
1549566652125,1009.84717
1549566652153,1009.84717
1549566652194,1009.84717
1549566652232,1009.84717
1549566652270,1009.84717
1549566652306,1009.84717
1549566652350,1009.84717
1549566652384,1009.84717
1549566652423,1009.85565
1549566652462,1009.85565
1549566652501,1009.85565
1549566652548,1009.85565
1549566652578,1009.86017
1549566652616,1009.86017
1549566652653,1009.86017
1549566652691,1009.86017
1549566652730,1009.85815
1549566652781,1009.85815
1549566652807,1009.85815
1549566652844,1009.85815
1549566652884,1009.872
1549566652920,1009.872
1549566652960,1009.872
1549566652999,1009.872
1549566653037,1009.872
1549566653075,1009.8737
1549566653114,1009.8737
1549566653152,1009.8737
1549566653195,1009.8737
1549566653230,1009.88904
1549566653269,1009.88904
1549566653306,1009.88904
1549566653345,1009.88904
1549566653383,1009.8941
1549566653424,1009.8941
1549566653459,1009.8941
1549566653503,1009.8941
1549566653537,1009.8941
1549566653576,1009.90094
1549566653613,1009.90094
1549566653652,1009.90094
1549566653691,1009.90094
1549566653735,1009.9128
1549566653767,1009.9128
1549566653808,1009.9128
1549566653844,1009.9128
1549566653883,1009.9176
1549566653926,1009.9176
1549566653959,1009.9176
1549566653998,1009.9176
1549566654055,1009.9278
1549566654075,1009.9278
1549566654114,1009.9278
1549566654157,1009.9278
1549566654192,1009.9278
1549566654231,1009.94073
1549566654279,1009.94073
1549566654305,1009.94073
1549566654348,1009.94073
1549566654385,1009.9492
1549566654423,1009.9492
1549566654459,1009.9492
1549566654500,1009.9492
1549566654537,1009.9628
1549566654577,1009.9628
1549566654614,1009.9628
1549566654658,1009.9628
1549566654690,1009.9713
1549566654729,1009.9713
1549566654769,1009.9713
1549566654806,1009.9713
1549566654845,1009.9713
1549566654887,1009.9781
1549566654922,1009.9781
1549566654959,1009.9781
1549566654998,1009.9781
1549566655039,1009.9832
1549566655075,1009.9832
1549566655116,1009.9832
1549566655152,1009.9832
1549566655192,1009.9934
1549566655231,1009.9934
1549566655270,1009.9934
1549566655306,1009.9934
1549566655345,1009.9934
1549566655385,1010.0036
1549566655422,1010.0036
1549566655460,1010.0036
1549566655509,1010.0036
1549566655539,1010.003
1549566655581,1010.003
1549566655614,1010.003
1549566655655,1010.003
1549566655694,1010.003
1549566655730,1010.003
1549566655772,1010.003
1549566655810,1010.003
1549566655845,1010.0115
1549566655883,1010.0115
1549566655921,1010.0115
1549566655959,1010.0115
1549566656003,1010.0115
1549566656037,1010.01825
1549566656077,1010.01825
1549566656112,1010.01825
1549566656153,1010.01825
1549566656190,1010.0247
1549566656237,1010.0247
1549566656270,1010.0247
1549566656310,1010.0247
1549566656345,1010.02673
1549566656385,1010.02673
1549566656421,1010.02673
1549566656460,1010.02673
1549566656497,1010.02167
1549566656537,1010.02167
1549566656575,1010.02167
1549566656615,1010.02167
1549566656651,1010.02167
1549566656690,1010.0234
1549566656737,1010.0234
1549566656770,1010.0234
1549566656806,1010.0234
1549566656844,1010.0366
1549566656883,1010.0366
1549566656928,1010.0366
1549566656960,1010.0366
1549566656998,1010.0264
1549566657037,1010.0264
1549566657080,1010.0264
1549566657114,1010.0264
1549566657151,1010.0264
1549566657192,1010.00946
1549566657229,1010.00946
1549566657268,1010.00946
1549566657306,1010.00946
1549566657344,1009.9908
1549566657384,1009.9908
1549566657423,1009.9908
1549566657460,1009.9908
1549566657500,1009.99585
1549566657535,1009.99585
1549566657574,1009.99585
