1549563645298,-0.019042969,-0.043945312,0.053207397
1549563645299,-0.019042969,-0.043945312,0.053207397
1549563645300,-0.019042969,-0.043945312,0.053207397
1549563645301,-0.019042969,-0.043945312,0.053207397
1549563645302,-0.019042969,-0.043945312,0.053207397
1549563645303,-0.019042969,-0.043945312,0.053207397
1549563645304,-0.019042969,-0.043945312,0.053207397
1549563645305,-0.019042969,-0.043945312,0.053207397
1549563645305,-0.019042969,-0.043945312,0.053207397
1549563645332,-0.019042969,-0.043945312,0.053207397
1549563645333,-0.019042969,-0.043945312,0.053207397
1549563645334,-0.019042969,-0.043945312,0.053207397
1549563645334,-0.019042969,-0.043945312,0.053207397
1549563645335,-0.019042969,-0.043945312,0.053207397
1549563645336,-0.019042969,-0.043945312,0.053207397
1549563645336,-0.019042969,-0.043945312,0.053207397
1549563645337,-0.019042969,-0.043945312,0.053207397
1549563645337,-0.019042969,-0.043945312,0.053207397
1549563645338,-0.019042969,-0.043945312,0.053207397
1549563645338,-0.019042969,-0.043945312,0.053207397
1549563645362,-0.019042969,-0.043945312,0.053207397
1549563645363,-0.019042969,-0.043945312,0.053207397
1549563645364,-0.019042969,-0.043945312,0.053207397
1549563645365,-0.019042969,-0.043945312,0.053207397
1549563645365,-0.019042969,-0.043945312,0.053207397
1549563645366,-0.019042969,-0.043945312,0.053207397
1549563645366,-0.019042969,-0.043945312,0.053207397
1549563645367,-0.019042969,-0.043945312,0.053207397
1549563645368,-0.019042969,-0.043945312,0.053207397
1549563645368,-0.019042969,-0.043945312,0.053207397
1549563645369,5.0354004E-4,-0.23454285,0.004348755
1549563645369,0.009048462,-0.24554443,0.009231567
1549563645370,0.01638794,-0.25408936,0.01411438
1549563645370,0.024932861,-0.26507568,0.018997192
1549563645371,0.027389526,-0.27731323,0.027557373
1549563645371,0.02859497,-0.2834015,0.031219482
1549563645391,0.031036377,-0.29196167,0.031219482
1549563645391,0.02859497,-0.29808044,0.036117554
1549563645392,0.024932861,-0.29808044,0.039779663
1549563645393,0.023712158,-0.29808044,0.041000366
1549563645394,0.021270752,-0.2992859,0.041000366
1549563645394,0.012710571,-0.30540466,0.04222107
1549563645395,0.007827759,-0.30296326,0.041000366
1549563645395,0.0041656494,-0.3017273,0.036117554
1549563645396,-0.0019378662,-0.30052185,0.02999878
1549563645425,-0.0055999756,-0.29684448,0.02267456
1549563645425,-0.008056641,-0.29318237,0.009231567
1549563645426,-0.014160156,-0.28463745,0.004348755
1549563645426,-0.019042969,-0.27363586,-0.004211426
1549563645427,-0.025161743,-0.26263428,-0.00541687
1549563645427,-0.032485962,-0.25042725,-0.013977051
1549563645428,-0.03981018,-0.23822021,-0.020095825
1549563645428,-0.049591064,-0.22233582,-0.024978638
1549563645428,-0.060577393,-0.21133423,-0.026184082
1549563645429,-0.06790161,-0.19544983,-0.027420044
1549563645429,-0.07524109,-0.18812561,-0.027420044
1549563645429,-0.089904785,-0.17956543,-0.024978638
1549563645430,-0.097229004,-0.17100525,-0.022537231
1549563645430,-0.10699463,-0.15879822,-0.018859863
1549563645431,-0.11433411,-0.14657593,-0.0115356445
1549563645436,-0.12042236,-0.138031,6.713867E-4
1549563645437,-0.12776184,-0.12947083,0.011672974
1549563645437,-0.13510132,-0.12825012,0.021453857
1549563645440,-0.13874817,-0.12458801,0.032440186
1549563645442,-0.14118958,-0.120910645,0.04222107
1549563645445,-0.14608765,-0.11602783,0.053207397
1549563645447,-0.15098572,-0.12214661,0.060546875
1549563645450,-0.16075134,-0.12702942,0.0690918
1549563645452,-0.15830994,-0.12825012,0.07765198
1549563645455,-0.16197205,-0.13191223,0.08375549
1549563645458,-0.16929626,-0.13923645,0.0874176
1549563645460,-0.16441345,-0.14535522,0.092315674
1549563645462,-0.16929626,-0.151474,0.095962524
1549563645466,-0.17051697,-0.15635681,0.09475708
1549563645467,-0.17175293,-0.16244507,0.095962524
1549563645470,-0.17051697,-0.16856384,0.09841919
1549563645472,-0.17295837,-0.17344666,0.100860596
1549563645475,-0.16807556,-0.17712402,0.100860596
1549563645477,-0.16685486,-0.18321228,0.104522705
1549563645479,-0.16563416,-0.18688965,0.10696411
1549563645483,-0.16319275,-0.19177246,0.11064148
1549563645485,-0.15342712,-0.19300842,0.11672974
1549563645487,-0.14852905,-0.19544983,0.12162781
1549563645490,-0.13998413,-0.19544983,0.12773132
1549563645493,-0.13142395,-0.19421387,0.13505554
1549563645495,-0.12286377,-0.19056702,0.14361572
1549563645497,-0.11065674,-0.18321228,0.14729309
1549563645500,-0.105789185,-0.17468262,0.15338135
1549563645502,-0.09112549,-0.16123962,0.16438293
1549563645504,-0.08378601,-0.14413452,0.17050171
1549563645507,-0.07646179,-0.13069153,0.17538452
1549563645509,-0.07157898,-0.11236572,0.17782593
1549563645512,-0.06913757,-0.092819214,0.17782593
1549563645515,-0.07157898,-0.072052,0.17906189
1549563645519,-0.06790161,-0.0549469,0.17538452
1549563645520,-0.07157898,-0.0390625,0.17170715
1549563645523,-0.07524109,-0.024414062,0.1656189
1549563645524,-0.08013916,-0.010971069,0.16073608
1549563645527,-0.089904785,-0.0012054443,0.15582275
1549563645530,-0.09112549,0.009780884,0.14729309
1549563645534,-0.10090637,0.017105103,0.14117432
1549563645535,-0.10455322,0.024459839,0.1338501
1549563645538,-0.11677551,0.030548096,0.12528992
1549563645539,-0.12042236,0.031784058,0.120407104
1549563645542,-0.1302185,0.034225464,0.11552429
1549563645544,-0.14118958,0.034225464,0.10575867
1549563645546,-0.14852905,0.026901245,0.09963989
1549563645550,-0.15342712,0.02078247,0.08987427
1549563645553,-0.16319275,0.01222229,0.0849762
1549563645555,-0.16807556,0.002456665,0.07887268
1549563645557,-0.17663574,-0.010971069,0.0715332
1549563645559,-0.17907715,-0.028060913,0.06298828
1549563645562,-0.18029785,-0.041503906,0.053207397
1549563645564,-0.18518066,-0.057388306,0.04588318
1549563645570,-0.18395996,-0.07815552,0.039779663
1549563645571,-0.18395996,-0.092819214,0.031219482
1549563645572,-0.17295837,-0.11236572,0.023895264
1549563645576,-0.16685486,-0.12580872,0.020233154
1549563645577,-0.15463257,-0.14291382,0.015350342
1549563645579,-0.13874817,-0.15512085,0.01411438
1549563645581,-0.12409973,-0.16856384,0.005569458
1549563645585,-0.10699463,-0.17712402,-0.0017700195
1549563645587,-0.0947876,-0.18200684,-0.004211426
1549563645589,-0.074020386,-0.18444824,-0.010314941
1549563645591,-0.058135986,-0.19177246,-0.018859863
1549563645594,-0.042251587,-0.19544983,-0.026184082
1549563645596,-0.022705078,-0.19665527,-0.035980225
1549563645599,-0.0068206787,-0.19789124,-0.040863037
1549563645603,0.011505127,-0.20033264,-0.04940796
1549563645604,0.027389526,-0.20033264,-0.057937622
1549563645606,0.043273926,-0.19665527,-0.06037903
1549563645608,0.059143066,-0.19177246,-0.06161499
1549563645611,0.07136536,-0.18077087,-0.0640564
1549563645613,0.087249756,-0.17712402,-0.0664978
1549563645618,0.10069275,-0.1697998,-0.067733765
1549563645622,0.10801697,-0.16368103,-0.06893921
1549563645623,0.11289978,-0.15512085,-0.0664978
1549563645623,0.12390137,-0.14901733,-0.0640564
1549563645626,0.12634277,-0.14413452,-0.062820435
1549563645628,0.13002014,-0.138031,-0.062820435
1549563645631,0.12634277,-0.12825012,-0.056732178
1549563645635,0.122665405,-0.120910645,-0.057937622
1549563645637,0.11413574,-0.120910645,-0.055496216
1549563645638,0.110458374,-0.11602783,-0.05305481
1549563645641,0.10801697,-0.10748291,-0.051849365
1549563645643,0.10069275,-0.1026001,-0.048171997
1549563645647,0.0884552,-0.10014343,-0.043304443
1549563645649,0.08236694,-0.09526062,-0.039627075
1549563645652,0.0725708,-0.0879364,-0.031097412
1549563645654,0.06159973,-0.08427429,-0.028640747
1549563645656,0.05180359,-0.076934814,-0.023742676
1549563645658,0.03715515,-0.0708313,-0.017654419
1549563645661,0.031036377,-0.064712524,-0.0115356445
1549563645663,0.01638794,-0.059829712,-0.0115356445
1549563645665,0.010269165,-0.0549469,-0.00541687
1549563645670,0.0029449463,-0.048828125,-0.0029754639
1549563645671,-0.0068206787,-0.048828125,-0.0029754639
1549563645674,-0.014160156,-0.050064087,-0.0017700195
1549563645675,-0.016601562,-0.05128479,-5.340576E-4
1549563645678,-0.019042969,-0.05128479,0.0019073486
1549563645680,-0.020263672,-0.05128479,0.005569458
1549563645683,-0.021484375,-0.052505493,0.006790161
1549563645686,-0.019042969,-0.0549469,0.004348755
1549563645688,-0.01171875,-0.053726196,0.006790161
1549563645690,-0.008056641,-0.05128479,0.012893677
1549563645693,5.0354004E-4,-0.04762268,0.017791748
1549563645695,0.010269165,-0.043945312,0.017791748
1549563645698,0.020050049,-0.041503906,0.02267456
1549563645702,0.029830933,-0.0390625,0.025115967
1549563645704,0.038375854,-0.0390625,0.027557373
1549563645706,0.050598145,-0.0390625,0.02999878
1549563645709,0.070129395,-0.040298462,0.02999878
1549563645710,0.08236694,-0.04273987,0.02999878
1549563645713,0.09580994,-0.04273987,0.031219482
1549563645717,0.110458374,-0.04638672,0.03366089
1549563645721,0.11778259,-0.04638672,0.031219482
1549563645725,0.13246155,-0.04638672,0.031219482
1549563645725,0.14222717,-0.04762268,0.027557373
1549563645726,0.15322876,-0.04638672,0.027557373
1549563645729,0.16175842,-0.04762268,0.021453857
1549563645733,0.16421509,-0.050064087,0.020233154
1549563645734,0.1678772,-0.053726196,0.015350342
1549563645738,0.1666565,-0.057388306,0.009231567
1549563645741,0.16543579,-0.06716919,0.008010864
1549563645743,0.16055298,-0.076934814,0.005569458
1549563645744,0.15078735,-0.0867157,-0.0017700195
1549563645745,0.14834595,-0.0879364,-0.007873535
1549563645747,0.14099121,-0.09770203,-0.012756348
1549563645750,0.13002014,-0.10626221,-0.017654419
1549563645754,0.12510681,-0.11114502,-0.024978638
1549563645755,0.11657715,-0.113586426,-0.02986145
1549563645757,0.103134155,-0.11602783,-0.03353882
1549563645760,0.09213257,-0.117248535,-0.03718567
1549563645762,0.087249756,-0.11602783,-0.046966553
1549563645764,0.07992554,-0.11114502,-0.04574585
1549563645767,0.07136536,-0.101379395,-0.048171997
1549563645771,0.07136536,-0.09403992,-0.050613403
1549563645773,0.066482544,-0.08427429,-0.05305481
1549563645775,0.062805176,-0.076934814,-0.05429077
1549563645778,0.057922363,-0.06716919,-0.05305481
1549563645780,0.055480957,-0.0549469,-0.056732178
1549563645782,0.04815674,-0.045181274,-0.06161499
1549563645787,0.050598145,-0.041503906,-0.055496216
1549563645787,0.046920776,-0.040298462,-0.056732178
1549563645790,0.043273926,-0.036621094,-0.05305481
1549563645791,0.03715515,-0.03540039,-0.05429077
1549563645795,0.034713745,-0.032958984,-0.051849365
1549563645798,0.031036377,-0.034179688,-0.04940796
1549563645800,0.021270752,-0.03540039,-0.048171997
1549563645802,0.021270752,-0.040298462,-0.044509888
1549563645805,0.013946533,-0.04273987,-0.044509888
1549563645807,0.009048462,-0.04273987,-0.04206848
1549563645809,-7.171631E-4,-0.04638672,-0.03718567
1549563645812,-0.0043792725,-0.043945312,-0.035980225
1549563645815,-0.014160156,-0.04762268,-0.03842163
1549563645817,-0.019042969,-0.04638672,-0.034744263
1549563645822,-0.022705078,-0.04638672,-0.03353882
1549563645824,-0.026367188,-0.04638672,-0.032302856
1549563645825,-0.030044556,-0.04273987,-0.028640747
1549563645829,-0.033706665,-0.040298462,-0.02986145
1549563645830,-0.03492737,-0.036621094,-0.028640747
1549563645833,-0.033706665,-0.037841797,-0.027420044
1549563645838,-0.03126526,-0.03540039,-0.023742676
1549563645843,-0.032485962,-0.032958984,-0.024978638
1549563645844,-0.030044556,-0.034179688,-0.02130127
1549563645845,-0.033706665,-0.032958984,-0.018859863
1549563645850,-0.033706665,-0.028060913,-0.016418457
1549563645851,-0.030044556,-0.03173828,-0.012756348
1549563645851,-0.02760315,-0.03050232,-0.006652832
1549563645857,-0.023925781,-0.03050232,-5.340576E-4
1549563645858,-0.022705078,-0.032958984,6.713867E-4
1549563645858,-0.020263672,-0.034179688,0.008010864
1549563645859,-0.014160156,-0.036621094,0.0104522705
1549563645861,-0.008056641,-0.034179688,0.01411438
1549563645864,-0.0043792725,-0.034179688,0.016555786
1549563645866,-0.0019378662,-0.036621094,0.018997192
1549563645871,0.0053863525,-0.040298462,0.02633667
1549563645874,0.015167236,-0.041503906,0.028778076
1549563645876,0.023712158,-0.041503906,0.02999878
1549563645877,0.029830933,-0.045181274,0.03488159
1549563645887,0.03593445,-0.043945312,0.037322998
1549563645888,0.043273926,-0.045181274,0.037322998
1549563645890,0.049362183,-0.045181274,0.041000366
1549563645891,0.05670166,-0.048828125,0.04222107
1549563645892,0.062805176,-0.048828125,0.039779663
1549563645893,0.06524658,-0.050064087,0.03855896
1549563645894,0.06524658,-0.048828125,0.036117554
1549563645902,0.06404114,-0.053726196,0.03366089
1549563645904,0.062805176,-0.05860901,0.03366089
1549563645905,0.06404114,-0.06350708,0.031219482
1549563645906,0.057922363,-0.06838989,0.028778076
1549563645906,0.057922363,-0.07571411,0.032440186
1549563645909,0.05303955,-0.07815552,0.02999878
1549563645920,0.049362183,-0.080596924,0.028778076
1549563645921,0.04815674,-0.08303833,0.027557373
1549563645923,0.046920776,-0.081832886,0.02267456
1549563645924,0.043273926,-0.08427429,0.018997192
1549563645925,0.03715515,-0.080596924,0.017791748
1549563645926,0.034713745,-0.07937622,0.01411438
1549563645930,0.034713745,-0.076934814,0.011672974
1549563645931,0.026153564,-0.076934814,0.0104522705
1549563645931,0.022491455,-0.07571411,0.009231567
1549563645936,0.011505127,-0.07449341,0.006790161
1549563645942,0.0053863525,-0.073272705,0.009231567
1549563645942,5.0354004E-4,-0.07571411,0.0104522705
1549563645942,-0.009277344,-0.06838989,0.011672974
1549563645950,-0.017822266,-0.06838989,0.009231567
1549563645951,-0.025161743,-0.06716919,0.0104522705
1549563645952,-0.030044556,-0.06838989,0.0104522705
1549563645952,-0.03492737,-0.06594849,0.0104522705
1549563645956,-0.04348755,-0.06350708,0.01411438
1549563645959,-0.045928955,-0.056167603,0.0104522705
1549563645960,-0.049591064,-0.05128479,0.011672974
1549563645963,-0.045928955,-0.04638672,0.011672974
1549563645964,-0.045928955,-0.0390625,0.008010864
1549563645966,-0.04348755,-0.028060913,0.0019073486
1549563645968,-0.04348755,-0.01953125,-0.0029754639
1549563645971,-0.041030884,-0.010971069,-0.009094238
1549563645973,-0.037368774,3.0517578E-5,-0.012756348
1549563645978,-0.03981018,0.0073394775,-0.020095825
1549563645978,-0.038589478,0.015899658,-0.026184082
1549563645981,-0.033706665,0.017105103,-0.031097412
1549563645984,-0.032485962,0.02078247,-0.03718567
1549563645985,-0.028823853,0.019561768,-0.04206848
1549563645988,-0.03126526,0.017105103,-0.051849365
1549563645990,-0.028823853,0.015899658,-0.056732178
1549563645993,-0.022705078,0.014663696,-0.059173584
1549563645996,-0.019042969,0.0073394775,-0.0652771
1549563645999,-0.01171875,0.006134033,-0.07017517
1549563646002,-0.009277344,0.003692627,-0.07261658
1549563646005,-0.0055999756,3.0517578E-5,-0.07382202
1549563646006,-0.0031585693,-0.006088257,-0.07017517
1549563646008,0.0029449463,-0.01461792,-0.071380615
1549563646011,0.007827759,-0.018295288,-0.07261658
1549563646015,0.011505127,-0.024414062,-0.06893921
1549563646015,0.018829346,-0.03050232,-0.0652771
1549563646018,0.026153564,-0.032958984,-0.06161499
1549563646021,0.03593445,-0.037841797,-0.06037903
1549563646024,0.039596558,-0.0390625,-0.05429077
1549563646025,0.046920776,-0.036621094,-0.05429077
1549563646028,0.05303955,-0.03540039,-0.050613403
1549563646030,0.06159973,-0.032958984,-0.04940796
1549563646033,0.06404114,-0.032958984,-0.046966553
1549563646036,0.06768799,-0.024414062,-0.046966553
1549563646038,0.07624817,-0.020736694,-0.040863037
1549563646041,0.07992554,-0.012176514,-0.03842163
1549563646043,0.08113098,-0.006088257,-0.03842163
1549563646048,0.08113098,3.0517578E-5,-0.039627075
1549563646049,0.08357239,0.006134033,-0.03353882
1549563646051,0.08113098,0.013458252,-0.03718567
1549563646054,0.07501221,0.015899658,-0.034744263
1549563646057,0.070129395,0.022018433,-0.03353882
1549563646059,0.06524658,0.029342651,-0.031097412
1549563646061,0.06159973,0.034225464,-0.024978638
1549563646063,0.05670166,0.041549683,-0.023742676
1549563646066,0.049362183,0.04522705,-0.017654419
1549563646068,0.042037964,0.051315308,-0.015213013
1549563646071,0.034713745,0.05255127,-0.0115356445
1549563646074,0.029830933,0.057434082,-0.0115356445
1549563646076,0.020050049,0.058654785,-0.006652832
1549563646078,0.009048462,0.06109619,-0.006652832
1549563646080,0.0017242432,0.058654785,-0.0029754639
1549563646082,-0.0031585693,0.057434082,6.713867E-4
1549563646085,-0.008056641,0.057434082,0.0019073486
1549563646087,-0.01171875,0.057434082,-5.340576E-4
1549563646091,-0.015380859,0.05621338,0.0019073486
1549563646092,-0.016601562,0.05621338,-0.004211426
1549563646096,-0.015380859,0.05255127,-0.0029754639
1549563646099,-0.019042969,0.05255127,-0.004211426
1549563646100,-0.020263672,0.050109863,-0.004211426
1549563646102,-0.019042969,0.04032898,-0.00541687
1549563646117,-0.019042969,0.04032898,-0.0017700195
1549563646118,-0.020263672,0.032989502,-5.340576E-4
1549563646118,-0.019042969,0.025665283,-0.0017700195
1549563646119,-0.016601562,0.019561768,0.0019073486
1549563646119,-0.016601562,0.018341064,6.713867E-4
1549563646120,-0.019042969,0.017105103,-0.0017700195
1549563646120,-0.016601562,0.017105103,-5.340576E-4
1549563646126,-0.019042969,0.02078247,-5.340576E-4
1549563646126,-0.015380859,0.019561768,-5.340576E-4
1549563646128,-0.015380859,0.025665283,-5.340576E-4
1549563646131,-0.017822266,0.031784058,-0.004211426
1549563646134,-0.019042969,0.034225464,-0.004211426
1549563646136,-0.023925781,0.035446167,-0.009094238
1549563646137,-0.030044556,0.034225464,-0.009094238
1549563646141,-0.030044556,0.032989502,-0.0115356445
1549563646142,-0.041030884,0.02810669,-0.012756348
1549563646147,-0.044692993,0.024459839,-0.010314941
1549563646148,-0.044692993,0.015899658,-0.012756348
1549563646150,-0.04837036,0.0073394775,-0.010314941
1549563646153,-0.053253174,0.002456665,-0.007873535
1549563646154,-0.053253174,-0.0036468506,-0.00541687
1549563646164,-0.056915283,-0.007293701,-5.340576E-4
1549563646164,-0.056915283,-0.009735107,-0.004211426
1549563646165,-0.054473877,-0.007293701,-0.0017700195
1549563646165,-0.05203247,-0.007293701,-0.0017700195
1549563646167,-0.05203247,-0.007293701,6.713867E-4
1549563646168,-0.049591064,-0.007293701,0.003112793
1549563646171,-0.044692993,-0.0024108887,0.004348755
1549563646175,-0.042251587,-0.0012054443,0.008010864
1549563646177,-0.04348755,3.0517578E-5,0.01411438
1549563646178,-0.0471344,0.0012359619,0.017791748
1549563646181,-0.042251587,-0.0024108887,0.027557373
1549563646183,-0.042251587,-0.0036468506,0.02999878
1549563646186,-0.042251587,-0.010971069,0.037322998
1549563646189,-0.038589478,-0.018295288,0.041000366
1549563646191,-0.03981018,-0.026855469,0.043441772
1549563646194,-0.038589478,-0.029296875,0.044662476
1549563646196,-0.028823853,-0.037841797,0.04710388
1549563646199,-0.032485962,-0.04762268,0.05076599
1549563646202,-0.033706665,-0.052505493,0.0544281
1549563646206,-0.023925781,-0.057388306,0.05076599
1549563646207,-0.022705078,-0.061065674,0.051986694
1549563646210,-0.015380859,-0.064712524,0.056884766
1549563646212,-0.010498047,-0.06716919,0.053207397
1549563646214,-0.0031585693,-0.06716919,0.049545288
1549563646217,-7.171631E-4,-0.06716919,0.04588318
1549563646220,0.0029449463,-0.069610596,0.041000366
1549563646222,0.009048462,-0.0708313,0.036117554
1549563646225,0.012710571,-0.06716919,0.02999878
1549563646227,0.017608643,-0.06594849,0.020233154
1549563646229,0.018829346,-0.06594849,0.011672974
1549563646232,0.020050049,-0.06594849,0.005569458
1549563646236,0.020050049,-0.06227112,-0.0017700195
1549563646237,0.017608643,-0.059829712,-0.007873535
1549563646240,0.020050049,-0.057388306,-0.012756348
1549563646241,0.015167236,-0.052505493,-0.022537231
1549563646244,0.018829346,-0.05128479,-0.028640747
1549563646247,0.013946533,-0.04762268,-0.034744263
1549563646249,0.007827759,-0.041503906,-0.035980225
1549563646251,5.0354004E-4,-0.0390625,-0.039627075
1549563646255,-0.009277344,-0.03173828,-0.040863037
1549563646256,-0.016601562,-0.026855469,-0.048171997
1549563646261,-0.026367188,-0.021972656,-0.046966553
1549563646261,-0.033706665,-0.015853882,-0.043304443
1549563646264,-0.042251587,-0.008529663,-0.04206848
1549563646267,-0.050811768,-0.0012054443,-0.04206848
1549563646270,-0.05937195,0.006134033,-0.03842163
1549563646272,-0.06425476,0.017105103,-0.032302856
1549563646276,-0.07035828,0.029342651,-0.028640747
1549563646277,-0.077697754,0.04032898,-0.022537231
1549563646279,-0.0789032,0.051315308,-0.018859863
1549563646281,-0.08746338,0.0647583,-0.013977051
1549563646284,-0.08622742,0.079422,-0.009094238
1549563646287,-0.08866882,0.0953064,-5.340576E-4
1549563646289,-0.09112549,0.10997009,0.003112793
1549563646290,-0.089904785,0.12219238,0.006790161
1549563646296,-0.08866882,0.13562012,0.0104522705
1549563646296,-0.08866882,0.145401,0.0104522705
1549563646299,-0.08866882,0.15150452,0.015350342
1549563646302,-0.08866882,0.15760803,0.02267456
1549563646305,-0.09112549,0.16249084,0.023895264
1549563646306,-0.089904785,0.1637268,0.028778076
1549563646310,-0.089904785,0.1637268,0.032440186
1549563646311,-0.0947876,0.1612854,0.03366089
1549563646314,-0.097229004,0.15272522,0.041000366
1549563646315,-0.097229004,0.1466217,0.04710388
1549563646321,-0.10090637,0.13439941,0.053207397
1549563646322,-0.10211182,0.12095642,0.056884766
1549563646326,-0.105789185,0.10508728,0.061767578
1549563646327,-0.10699463,0.09164429,0.067871094
1549563646334,-0.11433411,0.074539185,0.0690918
1549563646334,-0.11065674,0.053771973,0.0703125
1549563646335,-0.10823059,0.04522705,0.076431274
1549563646335,-0.10334778,0.029342651,0.07765198
1549563646337,-0.10090637,0.017105103,0.07519531
1549563646340,-0.09602356,0.008575439,0.07519531
1549563646343,-0.08746338,-0.0012054443,0.07519531
1549563646344,-0.08258057,-0.0024108887,0.07398987
1549563646348,-0.074020386,-0.008529663,0.076431274
1549563646350,-0.06913757,-0.007293701,0.07398987
1549563646352,-0.058135986,-0.009735107,0.0715332
1549563646357,-0.049591064,-0.008529663,0.0715332
1549563646358,-0.03981018,-0.008529663,0.0690918
1549563646360,-0.030044556,-0.0036468506,0.064208984
1549563646363,-0.023925781,-0.0012054443,0.06298828
1549563646366,-0.016601562,0.0012359619,0.06298828
1549563646367,-0.008056641,0.006134033,0.059326172
1549563646370,0.0029449463,0.0073394775,0.056884766
1549563646373,0.010269165,0.011016846,0.051986694
1549563646376,0.012710571,0.011016846,0.05076599
1549563646378,0.020050049,0.01222229,0.05076599
1549563646380,0.023712158,0.017105103,0.04588318
1549563646387,0.029830933,0.017105103,0.04588318
1549563646388,0.034713745,0.015899658,0.043441772
1549563646388,0.03593445,0.018341064,0.037322998
1549563646391,0.03593445,0.02078247,0.037322998
1549563646391,0.039596558,0.022018433,0.03855896
1549563646395,0.043273926,0.022018433,0.03488159
1549563646398,0.043273926,0.022018433,0.039779663
1549563646400,0.042037964,0.02078247,0.039779663
1549563646408,0.042037964,0.023223877,0.043441772
1549563646409,0.046920776,0.022018433,0.044662476
1549563646410,0.045715332,0.017105103,0.049545288
1549563646414,0.043273926,0.015899658,0.049545288
1549563646419,0.043273926,0.014663696,0.048324585
1549563646420,0.038375854,0.009780884,0.048324585
1549563646420,0.03715515,0.009780884,0.049545288
1549563646421,0.03593445,0.009780884,0.05076599
1549563646428,0.033477783,0.013458252,0.05076599
1549563646429,0.029830933,0.014663696,0.049545288
1549563646432,0.023712158,0.018341064,0.049545288
1549563646435,0.018829346,0.019561768,0.05076599
1549563646436,0.012710571,0.023223877,0.049545288
1549563646436,0.009048462,0.024459839,0.05076599
1549563646437,0.0053863525,0.029342651,0.051986694
1549563646439,-0.0031585693,0.035446167,0.05076599
1549563646442,-0.009277344,0.042785645,0.048324585
1549563646444,-0.009277344,0.0488739,0.048324585
1549563646447,-0.019042969,0.054992676,0.048324585
1549563646449,-0.019042969,0.05987549,0.048324585
1549563646451,-0.026367188,0.06965637,0.04710388
1549563646454,-0.028823853,0.070877075,0.04710388
1549563646456,-0.03126526,0.07331848,0.048324585
1549563646459,-0.03492737,0.07575989,0.04710388
1549563646461,-0.038589478,0.07575989,0.04710388
1549563646464,-0.03614807,0.079422,0.041000366
1549563646467,-0.03492737,0.0806427,0.04222107
1549563646469,-0.030044556,0.079422,0.04222107
1549563646471,-0.028823853,0.079422,0.04222107
1549563646474,-0.023925781,0.07331848,0.043441772
1549563646476,-0.016601562,0.06843567,0.036117554
1549563646482,-0.01171875,0.05621338,0.037322998
1549563646483,-0.0068206787,0.046432495,0.032440186
1549563646485,0.0017242432,0.031784058,0.028778076
1549563646487,0.010269165,0.017105103,0.023895264
1549563646489,0.017608643,0.0048980713,0.021453857
1549563646491,0.027389526,-0.007293701,0.018997192
1549563646496,0.03227234,-0.013412476,0.011672974
1549563646497,0.039596558,-0.01953125,0.009231567
1549563646499,0.049362183,-0.028060913,0.003112793
1549563646502,0.05180359,-0.03050232,6.713867E-4
1549563646504,0.06159973,-0.03050232,0.0019073486
1549563646507,0.06524658,-0.03050232,-0.0029754639
1549563646509,0.06524658,-0.03173828,-0.006652832
1549563646512,0.06768799,-0.026855469,-0.012756348
1549563646518,0.070129395,-0.021972656,-0.015213013
1549563646519,0.070129395,-0.013412476,-0.020095825
1549563646524,0.06404114,-0.0024108887,-0.022537231
1549563646525,0.062805176,0.008575439,-0.027420044
1549563646526,0.05670166,0.015899658,-0.027420044
1549563646537,0.049362183,0.026901245,-0.027420044
1549563646538,0.046920776,0.034225464,-0.028640747
1549563646539,0.043273926,0.041549683,-0.027420044
1549563646540,0.029830933,0.046432495,-0.026184082
1549563646540,0.024932861,0.050109863,-0.02130127
1549563646541,0.018829346,0.05255127,-0.020095825
1549563646542,0.010269165,0.051315308,-0.015213013
1549563646547,0.007827759,0.050109863,-0.0115356445
1549563646548,0.0041656494,0.0488739,-0.006652832
1549563646549,0.0017242432,0.042785645,-0.0029754639
1549563646551,0.0066070557,0.03666687,0.0019073486
1549563646555,0.007827759,0.031784058,0.006790161
1549563646557,0.011505127,0.029342651,0.011672974
1549563646562,0.018829346,0.022018433,0.012893677
1549563646563,0.024932861,0.017105103,0.017791748
1549563646565,0.031036377,0.014663696,0.020233154
1549563646567,0.04447937,0.01222229,0.025115967
1549563646569,0.049362183,0.009780884,0.02633667
1549563646571,0.057922363,0.008575439,0.025115967
1549563646574,0.070129395,0.0073394775,0.02999878
1549563646575,0.07624817,0.003692627,0.032440186
1549563646579,0.08357239,0.003692627,0.031219482
1549563646580,0.0884552,0.002456665,0.031219482
1549563646584,0.09333801,0.002456665,0.02999878
1549563646585,0.10069275,3.0517578E-5,0.031219482
1549563646590,0.10189819,0.002456665,0.02999878
1549563646592,0.10189819,0.003692627,0.02999878
1549563646594,0.10557556,0.008575439,0.028778076
1549563646597,0.1043396,0.013458252,0.027557373
1549563646599,0.1043396,0.015899658,0.02633667
1549563646600,0.10189819,0.018341064,0.02999878
1549563646602,0.10189819,0.025665283,0.028778076
1549563646606,0.09825134,0.023223877,0.027557373
1549563646608,0.09213257,0.026901245,0.023895264
1549563646610,0.08969116,0.031784058,0.021453857
1549563646613,0.0884552,0.02810669,0.018997192
1549563646616,0.08113098,0.031784058,0.01411438
1549563646617,0.07748413,0.034225464,0.01411438
1549563646620,0.0725708,0.035446167,0.012893677
1549563646623,0.06768799,0.034225464,0.0104522705
1549563646625,0.06768799,0.032989502,0.005569458
1549563646627,0.06036377,0.031784058,0.005569458
1549563646631,0.05670166,0.031784058,0.004348755
1549563646632,0.055480957,0.025665283,0.0019073486
1549563646635,0.04815674,0.02078247,-0.004211426
1549563646638,0.042037964,0.018341064,-0.006652832
1549563646640,0.039596558,0.013458252,-0.006652832
1549563646643,0.033477783,0.009780884,-0.009094238
1549563646645,0.033477783,0.009780884,-0.012756348
1549563646647,0.02859497,0.009780884,-0.013977051
1549563646650,0.017608643,0.008575439,-0.016418457
1549563646652,0.01638794,0.008575439,-0.018859863
1549563646656,0.010269165,0.01222229,-0.022537231
1549563646657,0.0066070557,0.01222229,-0.023742676
1549563646660,0.0017242432,0.015899658,-0.026184082
1549563646663,-0.0019378662,0.017105103,-0.028640747
1549563646666,-0.0068206787,0.018341064,-0.031097412
1549563646667,-0.01171875,0.019561768,-0.035980225
1549563646670,-0.009277344,0.022018433,-0.03842163
1549563646674,-0.015380859,0.025665283,-0.03842163
1549563646677,-0.022705078,0.031784058,-0.04206848
1549563646677,-0.023925781,0.037887573,-0.043304443
1549563646681,-0.02760315,0.041549683,-0.044509888
1549563646685,-0.030044556,0.04522705,-0.046966553
1549563646686,-0.033706665,0.050109863,-0.044509888
1549563646687,-0.033706665,0.04522705,-0.043304443
1549563646691,-0.03492737,0.041549683,-0.044509888
1549563646692,-0.030044556,0.034225464,-0.046966553
1549563646696,-0.026367188,0.025665283,-0.046966553
1549563646697,-0.022705078,0.018341064,-0.04574585
1549563646699,-0.015380859,0.009780884,-0.043304443
1549563646703,-0.01171875,-0.0024108887,-0.044509888
1549563646704,-0.0043792725,-0.018295288,-0.044509888
1549563646707,-0.0031585693,-0.029296875,-0.04574585
1549563646711,0.0041656494,-0.037841797,-0.044509888
1549563646711,0.011505127,-0.050064087,-0.040863037
1549563646716,0.015167236,-0.057388306,-0.040863037
1549563646716,0.020050049,-0.059829712,-0.039627075
1549563646721,0.020050049,-0.064712524,-0.034744263
1549563646722,0.022491455,-0.06716919,-0.034744263
1549563646724,0.020050049,-0.06350708,-0.039627075
1549563646727,0.024932861,-0.06227112,-0.04206848
1549563646730,0.029830933,-0.059829712,-0.039627075
1549563646733,0.02859497,-0.053726196,-0.040863037
1549563646735,0.023712158,-0.04762268,-0.03718567
1549563646737,0.023712158,-0.041503906,-0.039627075
1549563646741,0.017608643,-0.029296875,-0.03353882
1549563646743,0.011505127,-0.018295288,-0.031097412
1549563646744,0.0066070557,-0.009735107,-0.02986145
1549563646747,0.0066070557,0.0012359619,-0.027420044
1549563646750,-0.0019378662,0.01222229,-0.022537231
1549563646751,-0.0055999756,0.023223877,-0.018859863
1549563646755,-0.0055999756,0.024459839,-0.010314941
1549563646756,-0.009277344,0.024459839,-0.010314941
1549563646759,-0.014160156,0.029342651,-0.004211426
1549563646762,-0.012939453,0.026901245,6.713867E-4
1549563646764,-0.01171875,0.025665283,0.003112793
1549563646767,-0.014160156,0.022018433,0.011672974
1549563646769,-0.010498047,0.013458252,0.01411438
1549563646771,-0.009277344,0.011016846,0.015350342
1549563646775,-0.0043792725,0.009780884,0.012893677
1549563646777,-0.0055999756,0.008575439,0.01411438
1549563646779,5.0354004E-4,0.006134033,0.012893677
1549563646781,0.0029449463,0.0048980713,0.017791748
1549563646784,0.0041656494,0.0048980713,0.015350342
1549563646787,0.0053863525,0.008575439,0.009231567
1549563646796,0.011505127,0.013458252,0.008010864
1549563646798,0.013946533,0.014663696,0.004348755
1549563646799,0.010269165,0.025665283,6.713867E-4
1549563646800,0.012710571,0.032989502,-0.004211426
1549563646802,0.009048462,0.042785645,-0.006652832
1549563646802,0.0053863525,0.051315308,-0.006652832
1549563646803,0.0017242432,0.058654785,-0.007873535
1549563646816,0.0041656494,0.058654785,-0.006652832
1549563646816,0.0066070557,0.058654785,-0.004211426
1549563646817,0.0029449463,0.058654785,-0.004211426
1549563646818,0.0066070557,0.05255127,0.003112793
1549563646818,0.010269165,0.041549683,0.008010864
1549563646819,0.020050049,0.035446167,0.0104522705
1549563646823,0.026153564,0.029342651,0.011672974
1549563646824,0.038375854,0.022018433,0.01411438
1549563646829,0.05180359,0.022018433,0.015350342
1549563646829,0.062805176,0.019561768,0.020233154
1549563646836,0.07748413,0.023223877,0.020233154
1549563646837,0.086013794,0.02810669,0.015350342
1549563646838,0.094573975,0.030548096,0.012893677
1549563646838,0.103134155,0.035446167,0.011672974
1549563646842,0.1043396,0.04522705,0.006790161
1549563646843,0.10922241,0.051315308,-5.340576E-4
1549563646847,0.11413574,0.062316895,-0.004211426
1549563646850,0.11413574,0.07209778,-0.004211426
1549563646851,0.111694336,0.0818634,-0.007873535
1549563646857,0.11413574,0.09164429,-0.0115356445
1549563646857,0.11289978,0.09408569,-0.012756348
1549563646858,0.111694336,0.0977478,-0.013977051
1549563646862,0.10557556,0.0953064,-0.007873535
1549563646863,0.10069275,0.09286499,-0.010314941
1549563646867,0.09089661,0.09286499,-0.007873535
1549563646871,0.087249756,0.08920288,-0.0017700195
1549563646872,0.08113098,0.08308411,0.004348755
1549563646874,0.07748413,0.07698059,0.008010864
1549563646875,0.070129395,0.07698059,0.015350342
1549563646878,0.070129395,0.07209778,0.018997192
1549563646880,0.06524658,0.0647583,0.02999878
1549563646882,0.066482544,0.062316895,0.031219482
1549563646885,0.06404114,0.054992676,0.03366089
1549563646887,0.06036377,0.046432495,0.039779663
1549563646890,0.06404114,0.03666687,0.043441772
1549563646893,0.06404114,0.031784058,0.04222107
1549563646896,0.06159973,0.025665283,0.039779663
1549563646899,0.055480957,0.018341064,0.039779663
1549563646902,0.05180359,0.013458252,0.03855896
1549563646905,0.04815674,0.0073394775,0.032440186
1549563646907,0.033477783,0.002456665,0.027557373
1549563646908,0.022491455,0.006134033,0.02633667
1549563646914,0.011505127,0.0073394775,0.018997192
1549563646926,-0.0055999756,0.011016846,0.0104522705
1549563646927,-0.022705078,0.022018433,0.006790161
1549563646931,-0.03614807,0.037887573,0.004348755
1549563646931,-0.049591064,0.057434082,-0.0017700195
1549563646932,-0.061813354,0.074539185,-0.007873535
1549563646932,-0.0789032,0.10140991,-0.007873535
1549563646933,-0.08502197,0.1295166,-0.007873535
1549563646934,-0.08622742,0.15640259,-0.007873535
1549563646934,-0.08746338,0.1796112,-0.007873535
1549563646935,-0.08258057,0.20037842,-0.0029754639
1549563646943,-0.065460205,0.21626282,0.0104522705
1549563646943,-0.0471344,0.23091125,0.025115967
1549563646944,-0.025161743,0.23458862,0.036117554
1549563646944,0.0041656494,0.23947144,0.049545288
1549563646948,0.033477783,0.23823547,0.06298828
1549563646949,0.06404114,0.23579407,0.07519531
1549563646951,0.09825134,0.23947144,0.08987427
1549563646955,0.12510681,0.23947144,0.10696411
1549563646957,0.14955139,0.24435425,0.1191864
1549563646959,0.1666565,0.24803162,0.12896729
1549563646962,0.1825409,0.2590332,0.13749695
1549563646964,0.19352722,0.27612305,0.14361572
1549563646966,0.1984253,0.29200745,0.1497345
1549563646969,0.18864441,0.30667114,0.14605713
1549563646972,0.17887878,0.32133484,0.14485168
1549563646975,0.15931702,0.33232117,0.14117432
1549563646977,0.13246155,0.33842468,0.12896729
1549563646981,0.09945679,0.32865906,0.12162781
1549563646982,0.06524658,0.26756287,0.113082886
1549563646990,0.03227234,0.158844,0.103302
1549563647042,-0.014160156,0.06355286,0.0849762
1549563647043,-0.06790161,-0.01461792,0.0690918
1549563647043,-0.11798096,-0.07815552,0.04710388
1549563647044,-0.16807556,-0.12825012,0.023895264
1549563647044,-0.22183228,-0.16368103,0.003112793
1549563647045,-0.26948547,-0.19665527,-0.012756348
1549563647045,-0.3159027,-0.22966003,-0.034744263
1549563647046,-0.35743713,-0.25531006,-0.05429077
1549563647046,-0.39408875,-0.27607727,-0.06893921
1549563647046,-0.42219543,-0.29074097,-0.0811615
1549563647047,-0.44784546,-0.28829956,-0.08604431
1549563647047,-0.45640564,-0.26263428,-0.09094238
1549563647047,-0.45396423,-0.21377563,-0.095825195
1549563647048,-0.43807983,-0.14657593,-0.099487305
1549563647048,-0.40997314,-0.059829712,-0.10559082
1549563647049,-0.36843872,0.031784058,-0.11291504
1549563647049,-0.33058167,0.12463379,-0.12147522
1549563647049,-0.2743683,0.2089386,-0.12635803
1549563647050,-0.21817017,0.27244568,-0.12879944
1549563647050,-0.15707397,0.31765747,-0.12879944
1549563647050,-0.0947876,0.34820557,-0.12269592
1549563647051,-0.038589478,0.36653137,-0.115371704
1549563647051,0.012710571,0.3787384,-0.10681152
1549563647052,0.06524658,0.38363647,-0.09703064
1549563647052,0.10557556,0.38363647,-0.087265015
1549563647053,0.1361084,0.376297,-0.079940796
1549563647054,0.15567017,0.36531067,-0.07017517
1549563647054,0.1678772,0.34088135,-0.06161499
1549563647067,0.1666565,0.30545044,-0.057937622
1549563647068,0.15567017,0.25779724,-0.050613403
1549563647068,0.13734436,0.20402527,-0.050613403
1549563647069,0.10801697,0.13928223,-0.05305481
1549563647069,0.07501221,0.06965637,-0.059173584
1549563647069,0.03227234,3.0517578E-5,-0.0652771
1549563647086,-0.012939453,-0.07571411,-0.07382202
1549563647087,-0.060577393,-0.15023804,-0.083602905
1549563647087,-0.109451294,-0.22721863,-0.09094238
1549563647087,-0.15830994,-0.30052185,-0.103149414
1549563647088,-0.20838928,-0.3664856,-0.111709595
1549563647088,-0.2474823,-0.4275818,-0.12269592
1549563647088,-0.2841339,-0.47644043,-0.13124084
1549563647088,-0.31958008,-0.51187134,-0.14468384
