1549564745722,1010.14056
1549564745751,1010.14056
1549564745788,1010.14056
1549564745825,1010.14056
1549564745864,1010.1642
1549564745901,1010.1642
1549564745940,1010.1642
1549564745982,1010.1642
1549564746018,1010.1406
1549564746055,1010.1406
1549564746095,1010.1406
1549564746134,1010.1382
1549564746174,1010.1382
1549564746210,1010.1382
1549564746250,1010.1382
1549564746287,1010.1404
1549564746326,1010.1404
1549564746365,1010.1404
1549564746405,1010.1404
1549564746441,1010.1519
1549564746483,1010.1519
1549564746519,1010.1519
1549564746558,1010.1519
1549564746598,1010.14874
1549564746635,1010.14874
1549564746672,1010.14874
1549564746711,1010.1618
1549564746750,1010.1618
1549564746788,1010.1618
1549564746826,1010.1618
1549564746864,1010.17804
1549564746903,1010.17804
1549564746942,1010.17804
1549564746980,1010.17804
1549564747019,1010.1713
1549564747064,1010.1713
1549564747095,1010.1713
1549564747132,1010.1591
1549564747174,1010.1591
1549564747211,1010.1591
1549564747256,1010.1591
1549564747292,1010.17065
1549564747324,1010.17065
1549564747364,1010.17065
1549564747405,1010.17065
1549564747441,1010.18896
1549564747479,1010.18896
1549564747518,1010.18896
1549564747557,1010.18896
1549564747596,1010.1842
1549564747681,1010.1842
1549564747681,1010.1842
1549564747750,1010.2183
1549564747750,1010.2183
1549564747785,1010.2183
1549564747832,1010.2183
1549564747864,1010.21234
1549564747902,1010.21234
1549564747941,1010.21234
1549564747982,1010.21234
1549564748020,1010.21686
1549564748056,1010.21686
1549564748096,1010.21686
1549564748134,1010.21686
1549564748171,1010.22784
1549564748214,1010.22784
1549564748247,1010.22784
1549564748286,1010.22687
1549564748331,1010.22687
1549564748367,1010.22687
1549564748403,1010.22687
1549564748442,1010.25946
1549564748481,1010.25946
1549564748518,1010.25946
1549564748556,1010.25946
1549564748595,1010.22314
1549564748635,1010.22314
1549564748676,1010.22314
1549564748711,1010.21344
1549564748749,1010.21344
1549564748789,1010.21344
1549564748825,1010.21344
1549564748865,1010.20966
1549564748906,1010.20966
1549564748942,1010.20966
1549564748978,1010.20966
1549564749022,1010.20013
1549564749056,1010.20013
1549564749094,1010.20013
1549564749132,1010.20013
1549564749170,1010.215
1549564749209,1010.215
1549564749248,1010.215
1549564749286,1010.1879
1549564749324,1010.1879
1549564749362,1010.1879
1549564749401,1010.1879
1549564749439,1010.2065
1549564749479,1010.2065
1549564749518,1010.2065
1549564749556,1010.2065
1549564749595,1010.1987
1549564749634,1010.1987
1549564749707,1010.1987
1549564749727,1010.2243
1549564749762,1010.2243
1549564749787,1010.2243
1549564749826,1010.2243
1549564749862,1010.22705
1549564749900,1010.22705
1549564749940,1010.22705
1549564749978,1010.22705
1549564750017,1010.2103
1549564750057,1010.2103
1549564750093,1010.2103
1549564750131,1010.2103
1549564750171,1010.2569
1549564750210,1010.2569
1549564750246,1010.2569
1549564750286,1010.25214
1549564750330,1010.25214
1549564750362,1010.25214
1549564750402,1010.25214
1549564750440,1010.28625
1549564750480,1010.28625
1549564750516,1010.28625
1549564750557,1010.28625
1549564750597,1010.27325
1549564750634,1010.27325
1549564750670,1010.27325
1549564750710,1010.27325
1549564750751,1010.2542
1549564750785,1010.2542
1549564750824,1010.2542
1549564750863,1010.2547
1549564750902,1010.2547
1549564750940,1010.2547
1549564750978,1010.2547
1549564751018,1010.2537
1549564751055,1010.2537
1549564751095,1010.2537
1549564751134,1010.2537
1549564751170,1010.2542
1549564751209,1010.2542
1549564751247,1010.2542
1549564751286,1010.2463
1549564751325,1010.2463
1549564751361,1010.2463
1549564751401,1010.2463
1549564751440,1010.2222
1549564751479,1010.2222
1549564751525,1010.2222
1549564751560,1010.2222
1549564751593,1010.2335
1549564751631,1010.2335
1549564751699,1010.2335
1549564751723,1010.2335
1549564751782,1010.25134
1549564751805,1010.25134
1549564751824,1010.25134
1549564751862,1010.24005
1549564751902,1010.24005
1549564751939,1010.24005
1549564751977,1010.24005
1549564752015,1010.22284
1549564752056,1010.22284
1549564752093,1010.22284
1549564752131,1010.22284
1549564752173,1010.2501
1549564752210,1010.2501
1549564752246,1010.2501
1549564752285,1010.2501
1549564752327,1010.2702
1549564752362,1010.2702
1549564752401,1010.2702
1549564752439,1010.295
1549564752477,1010.295
1549564752516,1010.295
1549564752560,1010.295
1549564752598,1010.2847
1549564752631,1010.2847
1549564752669,1010.2847
1549564752710,1010.2847
1549564752748,1010.29224
1549564752786,1010.29224
1549564752829,1010.29224
1549564752873,1010.27374
1549564752900,1010.27374
1549564752939,1010.27374
1549564752978,1010.27374
1549564753017,1010.2935
1549564753054,1010.2935
1549564753093,1010.2935
1549564753131,1010.2935
1549564753170,1010.2943
1549564753208,1010.2943
1549564753253,1010.2943
1549564753288,1010.2943
1549564753323,1010.27374
1549564753362,1010.27374
1549564753402,1010.27374
1549564753438,1010.27277
1549564753480,1010.27277
1549564753516,1010.27277
1549564753556,1010.27277
1549564753594,1010.25275
1549564753635,1010.25275
1549564753670,1010.25275
1549564753713,1010.25275
1549564753747,1010.3011
1549564753785,1010.3011
1549564753824,1010.3011
1549564753863,1010.3011
1549564753901,1010.2881
1549564753940,1010.2881
1549564753979,1010.2881
1549564754018,1010.2963
1549564754057,1010.2963
1549564754095,1010.2963
1549564754136,1010.2963
1549564754171,1010.3166
1549564754207,1010.3166
1549564754247,1010.3166
1549564754287,1010.3166
1549564754328,1010.26904
1549564754363,1010.26904
1549564754400,1010.26904
1549564754438,1010.2873
1549564754479,1010.2873
1549564754516,1010.2873
1549564754556,1010.2873
1549564754594,1010.28326
1549564754633,1010.28326
1549564754672,1010.28326
1549564754709,1010.28326
1549564754750,1010.29004
1549564754784,1010.29004
1549564754825,1010.29004
1549564754865,1010.29004
1549564754900,1010.30035
1549564754939,1010.30035
1549564754978,1010.30035
1549564755016,1010.27405
1549564755056,1010.27405
1549564755093,1010.27405
1549564755131,1010.27405
1549564755169,1010.33136
1549564755209,1010.33136
1549564755248,1010.33136
1549564755285,1010.33136
1549564755324,1010.35065
1549564755377,1010.35065
1549564755401,1010.35065
1549564755441,1010.35065
1549564755481,1010.3441
1549564755516,1010.3441
1549564755555,1010.3441
1549564755595,1010.3391
1549564755633,1010.3391
1549564755671,1010.3391
1549564755710,1010.3391
1549564755747,1010.30585
1549564755788,1010.30585
1549564755824,1010.30585
1549564755867,1010.30585
1549564755900,1010.3481
1549564755938,1010.3481
1549564755978,1010.3481
1549564756018,1010.35034
1549564756054,1010.35034
1549564756092,1010.35034
1549564756133,1010.35034
1549564756172,1010.3538
1549564756209,1010.3538
1549564756246,1010.3538
1549564756286,1010.3538
1549564756324,1010.3497
1549564756362,1010.3497
1549564756401,1010.3497
1549564756439,1010.3497
1549564756480,1010.3254
1549564756516,1010.3254
1549564756556,1010.3254
1549564756592,1010.3522
1549564756630,1010.3522
1549564756674,1010.3522
1549564756710,1010.3522
1549564756747,1010.3681
1549564756786,1010.3681
1549564756824,1010.3681
1549564756863,1010.3681
1549564756899,1010.35486
1549564756938,1010.35486
1549564756978,1010.35486
1549564757016,1010.35486
1549564757054,1010.3729
1549564757092,1010.3729
1549564757131,1010.3729
1549564757170,1010.33356
1549564757209,1010.33356
1549564757250,1010.33356
1549564757285,1010.33356
1549564757325,1010.34186
1549564757362,1010.34186
1549564757407,1010.34186
1549564757438,1010.34186
1549564757478,1010.3218
1549564757515,1010.3218
1549564757552,1010.3218
1549564757591,1010.3453
1549564757634,1010.3453
1549564757672,1010.3453
1549564757707,1010.3453
1549564757747,1010.3571
1549564757785,1010.3571
1549564757824,1010.3571
1549564757864,1010.3571
1549564757902,1010.33356
1549564757938,1010.33356
1549564757978,1010.33356
1549564758017,1010.33356
1549564758055,1010.33954
1549564758099,1010.33954
1549564758131,1010.33954
1549564758173,1010.32855
1549564758209,1010.32855
1549564758246,1010.32855
1549564758285,1010.32855
1549564758326,1010.36456
1549564758361,1010.36456
1549564758401,1010.36456
1549564758437,1010.36456
1549564758476,1010.3816
1549564758516,1010.3816
1549564758557,1010.3816
1549564758592,1010.34924
1549564758631,1010.34924
1549564758671,1010.34924
1549564758718,1010.34924
1549564758750,1010.37506
1549564758785,1010.37506
1549564758824,1010.37506
1549564758861,1010.37506
1549564758900,1010.362
1549564758939,1010.362
1549564758979,1010.362
1549564759018,1010.362
1549564759056,1010.3752
1549564759092,1010.3752
1549564759129,1010.3752
1549564759174,1010.38525
1549564759209,1010.38525
1549564759246,1010.38525
1549564759284,1010.38525
1549564759322,1010.3897
1549564759367,1010.3897
1549564759399,1010.3897
1549564759439,1010.3897
1549564759475,1010.42426
1549564759516,1010.42426
1549564759554,1010.42426
1549564759594,1010.42426
1549564759631,1010.39594
1549564759688,1010.39594
1549564759708,1010.39594
1549564759745,1010.453
1549564759782,1010.453
1549564759824,1010.453
1549564759864,1010.453
1549564759898,1010.4438
1549564759936,1010.4438
1549564759975,1010.4438
1549564760015,1010.4438
1549564760053,1010.454
1549564760091,1010.454
1549564760132,1010.454
1549564760168,1010.497
1549564760206,1010.497
1549564760246,1010.497
1549564760285,1010.497
1549564760323,1010.45447
1549564760360,1010.45447
1549564760399,1010.45447
1549564760439,1010.45447
1549564760499,1010.5523
1549564760515,1010.5523
1549564760556,1010.5523
1549564760593,1010.5523
1549564760634,1010.51825
1549564760669,1010.51825
1549564760706,1010.51825
1549564760744,1010.5318
1549564760786,1010.5318
1549564760823,1010.5318
1549564760869,1010.5318
1549564760900,1010.49615
1549564760939,1010.49615
1549564760978,1010.49615
1549564761017,1010.49615
1549564761055,1010.46765
1549564761092,1010.46765
1549564761131,1010.46765
1549564761173,1010.46765
1549564761208,1010.5036
1549564761246,1010.5036
1549564761283,1010.5036
1549564761325,1010.4909
1549564761362,1010.4909
1549564761398,1010.4909
1549564761437,1010.4909
1549564761478,1010.5006
1549564761525,1010.5006
1549564761553,1010.5006
1549564761592,1010.5006
1549564761630,1010.47736
1549564761670,1010.47736
1549564761708,1010.47736
1549564761747,1010.46075
1549564761784,1010.46075
1549564761823,1010.46075
1549564761865,1010.46075
1549564761900,1010.471
1549564761938,1010.471
1549564761980,1010.471
1549564762015,1010.471
1549564762055,1010.46
1549564762091,1010.46
1549564762132,1010.46
1549564762169,1010.46
1549564762207,1010.55383
1549564762247,1010.55383
1549564762282,1010.55383
1549564762323,1010.51154
1549564762365,1010.51154
1549564762400,1010.51154
1549564762437,1010.51154
1549564762477,1010.5145
1549564762514,1010.5145
1549564762555,1010.5145
1549564762591,1010.5145
1549564762630,1010.519
1549564762669,1010.519
1549564762708,1010.519
1549564762747,1010.519
1549564762786,1010.51697
1549564762823,1010.51697
1549564762868,1010.51697
1549564762900,1010.5798
1549564762937,1010.5798
1549564762976,1010.5798
1549564763014,1010.5798
1549564763054,1010.53394
1549564763091,1010.53394
1549564763131,1010.53394
1549564763169,1010.53394
1549564763210,1010.5705
1549564763246,1010.5705
1549564763288,1010.5705
1549564763322,1010.55743
1549564763362,1010.55743
1549564763398,1010.55743
1549564763437,1010.55743
1549564763479,1010.54645
1549564763515,1010.54645
1549564763554,1010.54645
1549564763597,1010.54645
1549564763629,1010.5584
1549564763670,1010.5584
1549564763706,1010.5584
1549564763745,1010.5584
1549564763784,1010.5434
1549564763822,1010.5434
1549564763861,1010.5434
1549564763898,1010.58813
1549564763939,1010.58813
1549564763976,1010.58813
1549564764016,1010.58813
1549564764051,1010.57715
1549564764091,1010.57715
1549564764129,1010.57715
1549564764183,1010.57715
1549564764206,1010.5588
1549564764243,1010.5588
1549564764283,1010.5588
1549564764326,1010.5588
1549564764360,1010.5741
1549564764398,1010.5741
1549564764439,1010.5741
1549564764476,1010.54877
1549564764528,1010.54877
1549564764552,1010.54877
1549564764590,1010.54877
1549564764631,1010.61835
1549564764667,1010.61835
1549564764707,1010.61835
1549564764743,1010.61835
1549564764782,1010.5948
1549564764821,1010.5948
1549564764861,1010.5948
1549564764899,1010.5925
1549564764937,1010.5925
1549564764977,1010.5925
1549564765014,1010.5925
1549564765052,1010.606
1549564765089,1010.606
1549564765135,1010.606
1549564765169,1010.606
1549564765207,1010.5682
1549564765244,1010.5682
1549564765282,1010.5682
1549564765325,1010.5682
1549564765362,1010.5957
1549564765402,1010.5957
1549564765436,1010.5957
1549564765474,1010.59015
1549564765514,1010.59015
1549564765551,1010.59015
1549564765589,1010.59015
1549564765629,1010.5962
1549564765669,1010.5962
1549564765705,1010.5962
1549564765743,1010.5962
1549564765784,1010.64325
1549564765822,1010.64325
1549564765877,1010.64325
1549564765901,1010.64325
1549564765935,1010.60187
1549564765976,1010.60187
1549564766012,1010.60187
1549564766053,1010.60986
1549564766092,1010.60986
1549564766132,1010.60986
1549564766166,1010.60986
1549564766215,1010.6006
1549564766244,1010.6006
1549564766284,1010.6006
1549564766320,1010.6006
1549564766359,1010.62787
1549564766397,1010.62787
1549564766436,1010.62787
1549564766473,1010.6396
1549564766513,1010.6396
1549564766550,1010.6396
1549564766589,1010.6396
1549564766627,1010.62665
1549564766665,1010.62665
1549564766705,1010.62665
1549564766742,1010.62665
1549564766782,1010.61884
1549564766820,1010.61884
1549564766859,1010.61884
1549564766896,1010.61884
1549564766943,1010.6113
1549564766973,1010.6113
1549564767011,1010.6113
1549564767050,1010.63855
1549564767089,1010.63855
1549564767128,1010.63855
1549564767167,1010.63855
1549564767215,1010.6416
1549564767246,1010.6416
1549564767283,1010.6416
1549564767321,1010.6416
1549564767362,1010.6285
1549564767402,1010.6285
1549564767436,1010.6285
1549564767478,1010.60394
1549564767514,1010.6117
1549564767550,1010.6117
1549564767589,1010.6117
1549564767630,1010.6004
1549564767668,1010.6004
1549564767705,1010.6004
1549564767744,1010.6004
1549564767782,1010.67303
1549564767821,1010.67303
1549564767857,1010.67303
1549564767897,1010.67303
1549564767935,1010.65326
1549564767976,1010.65326
1549564768011,1010.65326
1549564768052,1010.6487
1549564768090,1010.6487
1549564768128,1010.6487
1549564768167,1010.6487
1549564768204,1010.6302
1549564768244,1010.6302
1549564768283,1010.6302
1549564768322,1010.6302
1549564768359,1010.61707
1549564768397,1010.61707
1549564768436,1010.61707
1549564768473,1010.61707
1549564768514,1010.66693
1549564768550,1010.66693
1549564768589,1010.66693
1549564768628,1010.6524
1549564768666,1010.6524
1549564768705,1010.6524
1549564768743,1010.6524
1549564768781,1010.6393
1549564768820,1010.6393
1549564768858,1010.6393
1549564768896,1010.6393
1549564768935,1010.6458
1549564768974,1010.6458
1549564769014,1010.6458
1549564769051,1010.622
1549564769091,1010.622
1549564769128,1010.622
1549564769172,1010.622
1549564769205,1010.6896
1549564769242,1010.6896
1549564769281,1010.6896
1549564769320,1010.6896
1549564769358,1010.654
1549564769398,1010.654
1549564769435,1010.654
1549564769472,1010.654
1549564769511,1010.64777
1549564769550,1010.64777
1549564769597,1010.64777
1549564769628,1010.6702
1549564769667,1010.6702
1549564769707,1010.6702
1549564769744,1010.6702
1549564769784,1010.6624
1549564769821,1010.6624
1549564769860,1010.6624
1549564769900,1010.6624
1549564769935,1010.7165
1549564769975,1010.7165
1549564770011,1010.7165
1549564770056,1010.7165
1549564770091,1010.66986
1549564770128,1010.66986
1549564770165,1010.66986
1549564770204,1010.6796
1549564770257,1010.6796
1549564770281,1010.6796
1549564770321,1010.6796
1549564770357,1010.6891
1549564770398,1010.6891
1549564770434,1010.6891
1549564770474,1010.6891
1549564770513,1010.68335
1549564770555,1010.68335
1549564770589,1010.68335
1549564770628,1010.7422
1549564770666,1010.7422
1549564770705,1010.7422
1549564770741,1010.7422
1549564770781,1010.68854
1549564770819,1010.68854
1549564770860,1010.68854
1549564770895,1010.68854
1549564770935,1010.7231
1549564770974,1010.7231
1549564771018,1010.7231
1549564771051,1010.7231
1549564771089,1010.71
1549564771128,1010.71
1549564771166,1010.71
1549564771210,1010.6967
1549564771243,1010.6967
1549564771280,1010.6967
1549564771324,1010.6967
1549564771363,1010.7331
1549564771396,1010.7331
1549564771434,1010.7331
1549564771474,1010.7331
1549564771514,1010.6901
1549564771555,1010.6901
1549564771588,1010.6901
1549564771627,1010.6901
1549564771666,1010.6984
1549564771704,1010.6984
1549564771742,1010.6984
1549564771780,1010.69037
1549564771819,1010.69037
1549564771859,1010.69037
1549564771900,1010.69037
1549564771936,1010.67554
1549564771976,1010.67554
1549564772011,1010.67554
1549564772059,1010.67554
1549564772088,1010.7382
1549564772129,1010.7382
1549564772166,1010.7382
1549564772204,1010.70233
1549564772242,1010.70233
1549564772281,1010.70233
1549564772320,1010.70233
1549564772360,1010.6927
1549564772404,1010.6927
1549564772435,1010.6927
1549564772475,1010.6927
1549564772521,1010.718
1549564772551,1010.718
1549564772590,1010.718
1549564772628,1010.718
1549564772666,1010.6819
1549564772704,1010.6819
1549564772745,1010.6819
1549564772789,1010.7516
1549564772819,1010.7516
1549564772861,1010.7516
1549564772898,1010.7516
1549564772935,1010.733
1549564772974,1010.733
1549564773016,1010.733
1549564773053,1010.733
1549564773090,1010.69867
1549564773129,1010.69867
1549564773168,1010.69867
1549564773205,1010.69867
1549564773242,1010.6901
1549564773280,1010.6901
1549564773320,1010.6901
1549564773363,1010.668
1549564773400,1010.668
1549564773436,1010.668
1549564773474,1010.668
1549564773518,1010.7054
1549564773549,1010.7054
1549564773589,1010.7054
1549564773627,1010.7054
1549564773666,1010.6863
1549564773704,1010.6863
1549564773743,1010.6863
1549564773782,1010.6552
1549564773820,1010.6552
1549564773860,1010.6552
1549564773896,1010.6552
1549564773934,1010.68
1549564773973,1010.68
1549564774014,1010.68
1549564774050,1010.68
1549564774089,1010.65247
1549564774128,1010.65247
1549564774165,1010.65247
1549564774204,1010.65247
1549564774243,1010.6946
1549564774280,1010.6946
1549564774321,1010.6946
1549564774357,1010.7051
1549564774398,1010.7051
1549564774435,1010.7051
1549564774475,1010.7051
1549564774511,1010.67523
1549564774549,1010.67523
1549564774594,1010.67523
1549564774630,1010.67523
1549564774668,1010.6888
1549564774705,1010.6888
1549564774743,1010.6888
1549564774781,1010.6888
1549564774820,1010.66595
1549564774859,1010.66595
1549564774898,1010.66595
1549564774938,1010.7342
1549564774971,1010.7342
1549564775012,1010.7342
1549564775049,1010.7342
1549564775088,1010.68805
1549564775126,1010.68805
1549564775168,1010.68805
1549564775205,1010.68805
1549564775242,1010.6861
1549564775281,1010.6861
1549564775321,1010.6861
1549564775357,1010.7169
1549564775399,1010.7169
1549564775438,1010.7169
1549564775472,1010.7169
1549564775512,1010.68134
1549564775550,1010.68134
1549564775589,1010.68134
1549564775628,1010.68134
1549564775666,1010.7144
1549564775711,1010.7144
1549564775742,1010.7144
1549564775782,1010.7144
1549564775819,1010.726
1549564775859,1010.726
1549564775901,1010.726
1549564775934,1010.69543
1549564775973,1010.69543
1549564776012,1010.69543
1549564776051,1010.69543
1549564776089,1010.7368
1549564776129,1010.7368
1549564776166,1010.7368
1549564776203,1010.7368
1549564776243,1010.7115
1549564776282,1010.7115
1549564776322,1010.7115
1549564776359,1010.7115
1549564776397,1010.7138
1549564776438,1010.7138
1549564776472,1010.7138
1549564776516,1010.7499
1549564776550,1010.7499
1549564776588,1010.7499
1549564776629,1010.7499
1549564776670,1010.7109
1549564776704,1010.7109
1549564776740,1010.7109
1549564776780,1010.7109
1549564776818,1010.7575
1549564776857,1010.7575
1549564776896,1010.7575
1549564776933,1010.7475
1549564776975,1010.7475
1549564777012,1010.7475
1549564777049,1010.7475
1549564777090,1010.7641
1549564777129,1010.7641
1549564777167,1010.7641
1549564777205,1010.7641
1549564777242,1010.81946
1549564777280,1010.81946
1549564777319,1010.81946
1549564777357,1010.81946
1549564777398,1010.7726
1549564777433,1010.7726
1549564777472,1010.7726
1549564777511,1010.7576
1549564777550,1010.7576
1549564777588,1010.7576
1549564777627,1010.7576
1549564777664,1010.76514
1549564777703,1010.76514
1549564777740,1010.76514
1549564777781,1010.76514
1549564777820,1010.7363
1549564777859,1010.7363
1549564777902,1010.7363
1549564777936,1010.7363
1549564777971,1010.788
1549564778012,1010.788
1549564778048,1010.788
1549564778095,1010.77325
1549564778126,1010.77325
1549564778165,1010.77325
1549564778205,1010.77325
1549564778243,1010.7585
1549564778280,1010.7585
1549564778319,1010.7585
1549564778358,1010.7585
1549564778395,1010.8088
1549564778433,1010.8088
1549564778473,1010.8088
1549564778511,1010.778
1549564778550,1010.778
1549564778589,1010.778
1549564778626,1010.778
1549564778673,1010.7873
1549564778702,1010.7873
1549564778741,1010.7873
1549564778780,1010.7873
1549564778821,1010.7776
1549564778861,1010.7776
1549564778894,1010.7776
1549564778937,1010.7776
1549564778972,1010.757
1549564779012,1010.757
1549564779049,1010.757
1549564779086,1010.7684
1549564779128,1010.7684
1549564779165,1010.7684
1549564779203,1010.7684
1549564779244,1010.7657
1549564779279,1010.7657
1549564779318,1010.7657
1549564779358,1010.7657
1549564779397,1010.7667
1549564779439,1010.7667
1549564779472,1010.7667
1549564779510,1010.7667
1549564779550,1010.797
1549564779586,1010.797
1549564779626,1010.797
1549564779665,1010.76624
1549564779702,1010.76624
1549564779749,1010.76624
1549564779779,1010.76624
1549564779816,1010.8281
1549564779855,1010.8281
1549564779895,1010.8281
1549564779934,1010.8281
1549564779976,1010.81085
1549564780010,1010.81085
1549564780049,1010.81085
1549564780087,1010.7731
1549564780126,1010.7731
1549564780166,1010.7731
1549564780203,1010.7731
1549564780243,1010.7636
1549564780279,1010.7636
1549564780318,1010.7636
1549564780356,1010.7636
1549564780399,1010.7483
1549564780436,1010.7483
1549564780472,1010.7483
1549564780510,1010.7483
1549564780550,1010.76666
1549564780588,1010.76666
1549564780626,1010.76666
1549564780664,1010.7549
1549564780704,1010.7549
1549564780742,1010.7549
1549564780779,1010.7549
1549564780818,1010.7504
1549564780858,1010.7504
1549564780897,1010.7504
1549564780935,1010.7504
1549564780974,1010.807
1549564781009,1010.807
1549564781055,1010.807
1549564781087,1010.807
1549564781125,1010.78503
1549564781164,1010.78503
1549564781203,1010.78503
1549564781241,1010.768
1549564781281,1010.768
1549564781322,1010.768
1549564781357,1010.768
1549564781394,1010.78455
1549564781433,1010.78455
1549564781471,1010.78455
1549564781511,1010.78455
1549564781548,1010.7573
1549564781588,1010.7573
1549564781626,1010.7573
1549564781665,1010.8034
1549564781702,1010.8034
1549564781740,1010.8034
1549564781781,1010.8034
1549564781817,1010.8147
1549564781856,1010.8147
1549564781900,1010.8147
1549564781933,1010.8147
1549564781971,1010.7764
1549564782015,1010.7764
1549564782047,1010.7764
1549564782091,1010.7764
1549564782125,1010.7974
1549564782165,1010.7974
1549564782201,1010.7974
1549564782241,1010.7891
1549564782280,1010.7891
1549564782318,1010.7891
1549564782357,1010.7891
1549564782401,1010.8105
1549564782433,1010.8105
1549564782471,1010.8105
1549564782511,1010.8105
1549564782547,1010.79144
1549564782587,1010.79144
1549564782642,1010.79144
1549564782664,1010.79144
1549564782701,1010.75494
1549564782742,1010.75494
1549564782780,1010.75494
1549564782816,1010.7655
1549564782855,1010.7655
1549564782894,1010.7655
1549564782935,1010.7655
1549564782970,1010.75525
1549564783010,1010.75525
1549564783049,1010.75525
1549564783089,1010.75525
1549564783124,1010.78705
1549564783163,1010.78705
1549564783202,1010.78705
1549564783242,1010.78735
1549564783279,1010.78735
1549564783318,1010.78735
1549564783357,1010.78735
1549564783394,1010.7578
1549564783437,1010.7578
1549564783471,1010.7578
1549564783516,1010.7578
1549564783548,1010.79315
1549564783586,1010.79315
1549564783623,1010.79315
1549564783666,1010.79315
1549564783703,1010.7724
1549564783740,1010.7724
1549564783780,1010.7724
1549564783818,1010.785
1549564783876,1010.785
1549564783897,1010.785
1549564783931,1010.785
1549564783970,1010.7852
1549564784010,1010.7852
1549564784047,1010.7852
1549564784086,1010.7852
1549564784125,1010.75745
1549564784165,1010.75745
1549564784201,1010.75745
1549564784245,1010.79626
1549564784282,1010.79626
1549564784316,1010.79626
1549564784355,1010.79626
1549564784394,1010.7788
1549564784434,1010.7788
1549564784470,1010.7788
1549564784509,1010.7788
1549564784547,1010.79254
1549564784586,1010.79254
1549564784626,1010.79254
1549564784668,1010.79254
1549564784702,1010.8174
1549564784740,1010.8174
1549564784778,1010.8174
1549564784817,1010.7741
1549564784859,1010.7741
1549564784896,1010.7741
1549564784934,1010.7741
1549564784978,1010.81824
1549564785010,1010.81824
1549564785047,1010.81824
1549564785087,1010.81824
1549564785124,1010.7974
1549564785164,1010.7974
1549564785201,1010.7974
1549564785241,1010.7974
1549564785282,1010.77795
1549564785319,1010.77795
1549564785356,1010.77795
1549564785399,1010.7747
1549564785434,1010.7747
1549564785470,1010.7747
1549564785507,1010.7747
1549564785547,1010.7434
1549564785586,1010.7434
1549564785623,1010.7434
1549564785662,1010.7434
1549564785700,1010.78375
1549564785740,1010.78375
1549564785777,1010.78375
1549564785815,1010.7735
1549564785856,1010.7735
1549564785897,1010.7735
1549564785931,1010.7735
1549564785970,1010.76855
1549564786012,1010.76855
1549564786056,1010.76855
1549564786085,1010.76855
1549564786125,1010.78827
1549564786162,1010.78827
1549564786201,1010.78827
1549564786240,1010.78827
1549564786279,1010.76227
1549564786317,1010.76227
1549564786355,1010.76227
1549564786413,1010.83264
1549564786431,1010.83264
1549564786472,1010.83264
1549564786507,1010.83264
1549564786546,1010.8157
1549564786584,1010.8157
1549564786628,1010.8157
1549564786665,1010.8157
1549564786703,1010.8232
1549564786741,1010.8232
1549564786777,1010.8232
1549564786881,1010.8232
1549564786881,1010.84094
1549564786908,1010.84094
1549564786931,1010.84094
1549564786972,1010.80597
1549564787037,1010.80597
1549564787046,1010.80597
1549564787088,1010.80597
1549564787127,1010.815
1549564787164,1010.815
1549564787208,1010.815
1549564787244,1010.815
1549564787285,1010.8085
1549564787315,1010.8085
1549564787352,1010.8085
1549564787472,1010.7982
1549564787473,1010.7982
1549564787507,1010.7982
1549564787842,1010.84125
1549564787842,1010.84125
1549564787842,1010.84125
1549564787842,1010.84125
1549564787843,1010.7907
1549564787843,1010.7907
1549564787843,1010.7907
1549564787844,1010.7907
1549564787855,1010.82477
1549564787899,1010.82477
1549564787932,1010.82477
1549564787970,1010.8023
1549564788020,1010.8023
1549564788047,1010.8023
1549564788085,1010.8023
1549564788122,1010.79047
1549564788164,1010.79047
1549564788207,1010.79047
1549564788241,1010.79047
1549564788283,1010.8318
1549564788319,1010.8318
1549564788354,1010.8318
1549564788395,1010.8318
1549564788432,1010.79926
1549564788471,1010.79926
1549564788511,1010.79926
1549564788548,1010.78253
1549564788586,1010.78253
1549564788622,1010.78253
1549564788661,1010.78253
1549564788705,1010.79877
1549564788744,1010.79877
1549564788788,1010.79877
1549564788814,1010.79877
1549564788853,1010.7893
1549564788892,1010.7893
1549564788932,1010.7893
1549564788971,1010.7938
1549564789014,1010.7938
1549564789051,1010.7938
1549564789086,1010.7938
1549564789126,1010.80457
1549564789162,1010.80457
1549564789201,1010.80457
1549564789239,1010.80457
1549564789282,1010.7775
1549564789318,1010.7775
1549564789354,1010.7775
1549564789395,1010.7775
1549564789430,1010.82513
1549564789469,1010.82513
1549564789509,1010.82513
1549564789550,1010.8049
1549564789594,1010.8049
1549564789625,1010.8049
1549564789660,1010.8049
1549564789701,1010.81287
1549564789740,1010.81287
1549564789824,1010.81287
1549564789824,1010.81287
1549564789854,1010.8449
1549564789893,1010.8449
1549564789931,1010.8449
1549564789970,1010.8449
1549564790008,1010.8071
1549564790047,1010.8071
1549564790085,1010.8071
1549564790125,1010.85016
1549564790162,1010.85016
1549564790200,1010.85016
1549564790239,1010.85016
1549564790278,1010.8419
1549564790322,1010.8419
1549564790356,1010.8419
1549564790404,1010.8419
1549564790431,1010.8219
1549564790469,1010.8219
1549564790506,1010.8219
1549564790545,1010.893
1549564790585,1010.893
1549564790625,1010.893
1549564790664,1010.893
1549564790701,1010.84143
1549564790739,1010.84143
1549564790777,1010.84143
1549564790816,1010.84143
1549564790854,1010.87244
1549564790893,1010.87244
1549564790933,1010.87244
1549564790971,1010.87244
1549564791009,1010.84344
1549564791049,1010.84344
1549564791088,1010.84344
1549564791126,1010.8374
1549564791163,1010.8374
1549564791201,1010.8374
1549564791261,1010.8374
1549564791281,1010.912
1549564791315,1010.912
1549564791354,1010.912
1549564791395,1010.912
1549564791448,1010.8657
1549564791567,1010.8657
1549564791567,1010.8657
1549564791568,1010.8657
1549564791583,1010.86163
1549564791622,1010.86163
1549564791680,1010.86163
1549564791698,1010.86615
1549564791739,1010.86615
1549564791776,1010.86615
1549564791822,1010.86615
1549564791853,1010.85895
1549564791893,1010.85895
1549564791931,1010.85895
1549564791993,1010.85895
1549564792006,1010.9162
1549564792047,1010.9162
1549564792083,1010.9162
1549564792124,1010.8759
1549564792205,1010.8759
1549564792206,1010.8759
1549564792241,1010.8759
1549564792277,1010.84894
1549564792317,1010.84894
1549564792356,1010.84894
1549564792393,1010.84894
1549564792431,1010.86444
1549564792468,1010.86444
1549564792506,1010.86444
1549564792547,1010.86444
1549564792584,1010.85693
1549564792622,1010.85693
1549564792670,1010.85693
1549564792698,1010.9052
1549564792736,1010.9052
1549564792779,1010.9052
1549564792815,1010.9052
1549564792854,1010.884
1549564792893,1010.884
1549564792931,1010.884
1549564792971,1010.884
1549564793007,1010.85596
1549564793048,1010.85596
1549564793085,1010.85596
1549564793125,1010.8677
1549564793161,1010.8677
1549564793200,1010.8677
1549564793241,1010.8677
1549564793279,1010.84644
1549564793316,1010.84644
1549564793355,1010.84644
1549564793395,1010.84644
1549564793431,1010.89496
1549564793469,1010.89496
1549564793510,1010.89496
1549564793547,1010.89496
1549564793585,1010.9035
1549564793625,1010.9035
1549564793662,1010.9035
1549564793701,1010.8825
1549564793740,1010.8825
1549564793778,1010.8825
1549564793816,1010.8825
1549564793854,1010.8872
1549564793893,1010.8872
1549564793929,1010.8872
1549564793970,1010.8872
1549564794007,1010.85565
1549564794047,1010.85565
1549564794087,1010.85565
1549564794122,1010.85565
1549564794161,1010.8802
1549564794200,1010.8802
1549564794239,1010.8802
1549564794276,1010.87494
1549564794322,1010.87494
1549564794359,1010.87494
1549564794390,1010.87494
1549564794430,1010.84143
1549564794471,1010.84143
1549564794506,1010.84143
1549564794550,1010.84143
1549564794596,1010.8712
1549564794624,1010.8712
1549564794661,1010.8712
1549564794716,1010.8537
1549564794739,1010.8537
1549564794778,1010.8537
1549564794817,1010.8537
1549564794855,1010.87823
1549564794892,1010.87823
1549564794932,1010.87823
1549564794968,1010.87823
1549564795007,1010.87646
1549564795048,1010.87646
1549564795084,1010.87646
1549564795123,1010.87646
1549564795165,1010.8399
1549564795200,1010.8399
1549564795239,1010.8399
1549564795277,1010.8487
1549564795316,1010.8487
1549564795352,1010.8487
1549564795393,1010.8487
1549564795431,1010.8329
1549564795475,1010.8329
1549564795506,1010.8329
1549564795548,1010.8329
1549564795585,1010.8747
1549564795624,1010.8747
1549564795661,1010.8747
1549564795700,1010.8747
1549564795738,1010.8837
1549564795776,1010.8837
1549564795816,1010.8837
1549564795852,1010.8522
1549564795897,1010.8522
1549564795932,1010.8522
1549564795968,1010.8522
1549564796007,1010.8632
1549564796047,1010.8632
1549564796084,1010.8632
1549564796139,1010.8632
1549564796161,1010.82416
1549564796201,1010.82416
1549564796239,1010.82416
1549564796280,1010.8592
1549564796316,1010.8592
1549564796354,1010.8592
1549564796390,1010.8592
1549564796431,1010.8224
1549564796468,1010.8224
1549564796509,1010.8224
1549564796546,1010.8224
1549564796586,1010.8049
1549564796621,1010.8049
1549564796662,1010.8049
1549564796700,1010.8049
1549564796737,1010.8399
1549564796777,1010.8399
1549564796815,1010.8399
1549564796855,1010.81537
1549564796893,1010.81537
1549564796932,1010.81537
1549564796970,1010.81537
1549564797008,1010.86597
1549564797045,1010.86597
1549564797085,1010.86597
1549564797122,1010.86597
1549564797160,1010.8479
1549564797197,1010.8479
1549564797241,1010.8479
1549564797279,1010.8479
1549564797316,1010.8372
1549564797354,1010.8372
1549564797394,1010.8372
1549564797430,1010.85944
1549564797468,1010.85944
1549564797506,1010.85944
1549564797545,1010.85944
1549564797585,1010.8382
1549564797622,1010.8382
1549564797659,1010.8382
1549564797700,1010.8382
1549564797741,1010.8709
1549564797777,1010.8709
1549564797816,1010.8709
1549564797852,1010.8549
1549564797894,1010.8549
1549564797929,1010.8549
1549564797968,1010.8549
1549564798008,1010.84564
1549564798051,1010.84564
1549564798087,1010.84564
1549564798124,1010.84564
1549564798162,1010.8782
1549564798199,1010.8782
1549564798238,1010.8782
1549564798277,1010.8782
1549564798327,1010.84467
1549564798357,1010.84467
1549564798390,1010.84467
1549564798432,1010.88947
1549564798470,1010.88947
1549564798506,1010.88947
1549564798543,1010.88947
1549564798586,1010.90295
1549564798624,1010.90295
1549564798660,1010.90295
1549564798699,1010.90295
1549564798739,1010.88525
1549564798778,1010.88525
1549564798813,1010.88525
1549564798855,1010.88525
1549564798892,1010.8722
1549564798930,1010.8722
1549564798968,1010.8722
1549564799022,1010.8314
1549564799050,1010.8314
1549564799084,1010.8314
1549564799124,1010.8314
1549564799161,1010.8727
1549564799199,1010.8727
1549564799239,1010.8727
1549564799275,1010.8727
1549564799314,1010.8807
1549564799354,1010.8807
1549564799396,1010.8807
1549564799430,1010.89276
1549564799472,1010.89276
1549564799505,1010.89276
1549564799550,1010.89276
1549564799585,1010.92053
1549564799622,1010.92053
1549564799660,1010.92053
1549564799699,1010.92053
1549564799739,1010.89526
1549564799778,1010.89526
1549564799817,1010.89526
1549564799854,1010.89526
1549564799893,1010.90173
1549564799929,1010.90173
1549564799970,1010.90173
1549564800007,1010.9255
1549564800043,1010.9255
1549564800081,1010.9255
1549564800143,1010.9255
1549564800158,1010.9195
1549564800198,1010.9195
1549564800240,1010.9195
1549564800276,1010.9195
1549564800368,1010.9678
1549564800368,1010.9678
1549564800389,1010.9678
1549564800442,1010.9678
1549564800467,1010.93427
1549564800506,1010.93427
1549564800565,1010.93427
1549564800581,1010.89154
1549564800621,1010.89154
1549564800660,1010.89154
1549564800698,1010.89154
1549564800739,1010.92596
1549564800776,1010.92596
1549564800815,1010.92596
1549564800852,1010.92596
1549564800892,1010.92175
1549564800931,1010.92175
1549564800971,1010.92175
1549564801009,1010.90924
1549564801046,1010.90924
1549564801085,1010.90924
1549564801122,1010.90924
1549564801177,1010.898
1549564801199,1010.898
1549564801243,1010.898
1549564801275,1010.898
1549564801315,1010.86774
1549564801353,1010.86774
1549564801396,1010.86774
1549564801431,1010.86774
1549564801466,1010.91754
1549564801506,1010.91754
1549564801543,1010.91754
1549564801583,1010.9257
1549564801622,1010.9257
1549564801661,1010.9257
1549564801701,1010.9257
1549564801738,1010.9127
1549564801776,1010.9127
1549564801815,1010.9127
1549564801852,1010.9127
1549564801891,1010.9153
1549564801929,1010.9153
1549564801968,1010.9153
1549564802019,1010.897
1549564802044,1010.897
1549564802083,1010.897
1549564802121,1010.897
1549564802160,1010.9332
1549564802200,1010.9332
1549564802237,1010.9332
1549564802277,1010.9332
1549564802314,1010.92725
1549564802355,1010.92725
1549564802392,1010.92725
1549564802428,1010.92725
1549564802468,1010.909
1549564802505,1010.909
1549564802545,1010.909
1549564802583,1010.94147
1549564802621,1010.94147
1549564802660,1010.94147
1549564802698,1010.94147
1549564802737,1010.904
1549564802774,1010.904
1549564802814,1010.904
1549564802851,1010.904
1549564802892,1010.91724
1549564802932,1010.91724
1549564802967,1010.91724
1549564803008,1010.91724
1549564803044,1010.94977
1549564803083,1010.94977
1549564803121,1010.94977
1549564803159,1010.9157
1549564803198,1010.9157
1549564803238,1010.9157
1549564803278,1010.9157
1549564803313,1010.952
1549564803356,1010.952
1549564803391,1010.952
1549564803428,1010.952
1549564803483,1010.95654
1549564803506,1010.95654
1549564803543,1010.95654
1549564803586,1010.963
1549564803632,1010.963
1549564803668,1010.963
1549564803698,1010.963
1549564803738,1010.9938
1549564803777,1010.9938
1549564803815,1010.9938
1549564803854,1010.9938
1549564803890,1010.965
1549564803930,1010.965
1549564803973,1010.965
1549564804005,1010.965
1549564804043,1010.96075
1549564804082,1010.96075
1549564804136,1010.96075
1549564804158,1010.94696
1549564804198,1010.94696
1549564804235,1010.94696
1549564804276,1010.94696
1549564804314,1010.899
1549564804352,1010.899
1549564804389,1010.899
1549564804429,1010.899
1549564804468,1010.94025
1549564804507,1010.94025
1549564804545,1010.94025
1549564804583,1010.94025
1549564804621,1010.9517
1549564804659,1010.9517
1549564804697,1010.9517
1549564804736,1010.9462
1549564804778,1010.9462
1549564804813,1010.9462
1549564804852,1010.9462
1549564804891,1010.8827
1549564804929,1010.8827
1549564804978,1010.8827
1549564805005,1010.8827
1549564805042,1010.86444
1549564805082,1010.86444
1549564805120,1010.86444
1549564805159,1010.88995
1549564805198,1010.88995
1549564805248,1010.88995
1549564805273,1010.88995
1549564805312,1010.9282
1549564805351,1010.9282
1549564805392,1010.9282
1549564805427,1010.9282
1549564805467,1010.91895
1549564805504,1010.91895
1549564805543,1010.91895
1549564805583,1010.91895
1549564805639,1010.9187
1549564805659,1010.9187
1549564805696,1010.9187
1549564805735,1010.8902
1549564805773,1010.8902
1549564805813,1010.8902
1549564805850,1010.8902
1549564805893,1010.90393
1549564805929,1010.90393
1549564805966,1010.90393
1549564806005,1010.90393
1549564806044,1010.9232
1549564806080,1010.9232
1549564806120,1010.9232
1549564806159,1010.9232
1549564806198,1010.9092
1549564806241,1010.9092
1549564806275,1010.9092
1549564806313,1011.026
1549564806350,1011.026
1549564806390,1011.026
1549564806428,1011.026
1549564806468,1010.97345
1549564806505,1010.97345
1549564806543,1010.97345
1549564806582,1010.97345
1549564806622,1010.96295
1549564806659,1010.96295
1549564806697,1010.96295
1549564806736,1010.9647
1549564806775,1010.9647
1549564806814,1010.9647
1549564806852,1010.9647
1549564806890,1010.9489
1549564806927,1010.9489
1549564806966,1010.9489
1549564807007,1010.9489
1549564807043,1010.96295
1549564807080,1010.96295
1549564807122,1010.96295
1549564807159,1010.96295
1549564807198,1010.8962
1549564807238,1010.8962
1549564807276,1010.8962
1549564807315,1010.8894
1549564807351,1010.8894
1549564807390,1010.8894
1549564807428,1010.8894
1549564807464,1010.9372
1549564807504,1010.9372
1549564807543,1010.9372
1549564807582,1010.9372
1549564807618,1010.98627
1549564807658,1010.98627
1549564807698,1010.98627
1549564807737,1010.95825
1549564807774,1010.962
1549564807811,1010.962
1549564807859,1010.962
1549564807889,1010.92395
1549564807926,1010.92395
1549564807966,1010.92395
1549564808003,1010.92395
1549564808041,1010.89246
1549564808080,1010.89246
1549564808125,1010.89246
1549564808184,1010.89246
1549564808197,1010.9277
1549564808236,1010.9277
1549564808273,1010.9277
1549564808335,1010.9703
1549564808355,1010.9703
1549564808389,1010.9703
1549564808428,1010.9703
1549564808466,1010.94244
1549564808505,1010.94244
1549564808544,1010.94244
1549564808582,1010.94244
1549564808621,1010.999
1549564808657,1010.999
1549564808701,1010.999
1549564808736,1010.999
1549564808775,1010.9852
1549564808817,1010.9852
1549564808866,1010.9852
1549564808889,1010.96826
1549564808926,1010.96826
1549564808964,1010.96826
1549564809004,1010.96826
1549564809043,1010.976
1549564809083,1010.976
1549564809120,1010.976
1549564809189,1010.976
1549564809206,1010.96625
1549564809236,1010.96625
1549564809274,1010.96625
1549564809313,1010.97174
1549564809351,1010.97174
1549564809389,1010.97174
1549564809428,1010.97174
1549564809464,1010.9795
1549564809503,1010.9795
1549564809543,1010.9795
1549564809583,1010.9795
1549564809620,1010.9785
1549564809658,1010.9785
1549564809698,1010.9785
1549564809735,1010.9785
1549564809774,1011.04205
1549564809811,1011.04205
1549564809850,1011.04205
1549564809888,1011.02905
1549564809929,1011.02905
1549564809965,1011.02905
1549564810004,1011.02905
1549564810043,1011.01056
1549564810081,1011.01056
1549564810120,1011.01056
1549564810161,1011.01056
1549564810196,1011.01306
1549564810235,1011.01306
1549564810273,1011.01306
1549564810324,1011.01306
1549564810349,1011.012
1549564810389,1011.012
1549564810427,1011.012
1549564810466,1011.0231
1549564810507,1011.0231
1549564810541,1011.0231
1549564810584,1011.0231
1549564810618,1011.00287
1549564810663,1011.00287
1549564810698,1011.00287
1549564810735,1011.00287
1549564810772,1010.984
1549564810812,1010.984
1549564810852,1010.984
1549564810890,1010.99854
1549564810926,1010.99854
1549564810967,1010.99854
1549564811005,1010.99854
1549564811042,1010.9835
1549564811082,1010.9835
1549564811118,1010.9835
1549564811157,1010.9835
1549564811198,1011.01056
1549564811238,1011.01056
1549564811278,1011.01056
1549564811312,1011.01056
1549564811349,1011.01306
1549564811388,1011.01306
1549564811430,1011.01306
1549564811466,1010.9783
1549564811505,1010.9783
1549564811543,1010.9783
1549564811580,1010.9783
1549564811618,1011.04205
1549564811657,1011.04205
1549564811694,1011.04205
1549564811735,1011.04205
1549564811773,1011.0218
1549564811812,1011.0218
1549564811849,1011.0218
1549564811888,1011.0218
1549564811926,1011.0126
1549564811965,1011.0126
1549564812003,1011.0126
1549564812044,1011.03204
1549564812083,1011.03204
1549564812118,1011.03204
1549564812162,1011.03204
1549564812197,1010.9993
1549564812237,1010.9993
1549564812273,1010.9993
1549564812310,1010.9993
1549564812350,1011.01056
1549564812388,1011.01056
1549564812426,1011.01056
1549564812465,1011.0236
1549564812504,1011.0236
1549564812544,1011.0236
1549564812580,1011.0236
1549564812620,1011.01385
1549564812666,1011.01385
1549564812699,1011.01385
1549564812732,1011.01385
1549564812772,1011.04614
1549564812811,1011.04614
1549564812849,1011.04614
1549564812888,1011.04614
1549564812926,1011.03235
1549564812965,1011.03235
1549564813004,1011.03235
1549564813045,1011.01556
1549564813080,1011.01556
1549564813119,1011.01556
1549564813157,1011.01556
1549564813194,1011.0379
1549564813234,1011.0379
1549564813271,1011.0379
1549564813311,1011.0379
1549564813350,1010.9916
1549564813389,1010.9916
1549564813425,1010.9916
1549564813472,1011.04486
1549564813501,1011.04486
1549564813542,1011.04486
1549564813581,1011.04486
1549564813618,1011.0316
1549564813658,1011.0316
1549564813695,1011.0316
1549564813739,1011.0316
1549564813773,1011.0061
1549564813811,1011.0061
1549564813853,1011.0061
1549564813889,1011.0061
1549564813926,1011.0226
1549564813964,1011.0226
1549564814005,1011.0226
1549564814043,1010.9971
1549564814079,1010.9971
1549564814121,1010.9971
1549564814157,1010.9971
1549564814195,1011.0714
1549564814238,1011.0714
1549564814271,1011.0714
1549564814311,1011.0714
1549564814352,1011.0599
1549564814389,1011.0599
1549564814427,1011.0599
1549564814463,1011.0599
1549564814503,1011.0233
1549564814545,1011.0233
1549564814580,1011.0233
1549564814619,1011.0381
1549564814664,1011.0381
1549564814699,1011.0381
1549564814732,1011.0381
1549564814820,1011.0196
1549564814821,1011.0196
1549564814849,1011.0196
1549564814890,1011.0196
1549564814930,1011.01483
1549564814972,1011.01483
1549564815000,1011.01483
1549564815044,1011.0123
1549564815077,1011.0123
1549564815117,1011.0123
1549564815155,1011.0123
1549564815194,1010.99005
1549564815245,1010.99005
1549564815271,1010.99005
1549564815310,1010.99005
1549564815347,1011.0253
1549564815390,1011.0253
1549564815425,1011.0253
1549564815464,1011.0253
1549564815500,1011.0208
1549564815539,1011.0208
1549564815578,1011.0208
1549564815619,1011.0251
1549564815655,1011.0251
1549564815694,1011.0251
1549564815732,1011.0251
1549564815770,1011.0782
1549564815808,1011.0782
1549564815849,1011.0782
1549564815888,1011.0782
1549564815926,1011.01935
1549564815972,1011.01935
1549564816004,1011.01935
1549564816045,1011.01935
1549564816081,1010.9956
1549564816122,1010.9956
1549564816157,1010.9956
1549564816194,1011.0384
1549564816236,1011.0384
1549564816274,1011.0384
1549564816312,1011.0384
1549564816347,1011.0263
1549564816409,1011.0263
1549564816427,1011.0263
1549564816464,1011.0263
1549564816502,1011.0569
1549564816540,1011.0569
1549564816580,1011.0569
1549564816618,1011.06287
1549564816658,1011.06287
1549564816695,1011.06287
1549564816731,1011.06287
1549564816771,1011.0336
1549564816810,1011.0336
1549564816848,1011.0336
1549564816887,1011.0336
1549564816927,1011.03735
1549564816963,1011.03735
1549564817001,1011.03735
1549564817040,1011.03735
1549564817078,1011.0469
1549564817118,1011.0469
1549564817158,1011.0469
1549564817194,1011.0351
1549564817233,1011.0351
1549564817272,1011.0351
1549564817326,1011.0351
1549564817350,1011.0494
1549564817387,1011.0494
1549564817423,1011.0494
1549564817463,1011.0494
1549564817500,1011.0341
1549564817539,1011.0341
1549564817577,1011.0341
1549564817616,1011.0341
1549564817657,1011.0261
1549564817693,1011.0261
1549564817734,1011.0261
1549564817771,1011.0672
1549564817810,1011.0672
1549564817849,1011.0672
1549564817892,1011.0672
1549564817923,1011.01886
1549564817964,1011.01886
1549564818001,1011.01886
1549564818041,1011.01886
1549564818081,1010.9998
1549564818118,1010.9998
1549564818170,1010.9998
1549564818196,1011.0146
1549564818232,1011.0146
1549564818272,1011.0146
1549564818310,1011.0146
1549564818351,1011.01685
1549564818388,1011.01685
1549564818426,1011.01685
1549564818463,1011.01685
1549564818504,1011.0679
1549564818539,1011.0679
1549564818579,1011.0679
1549564818618,1011.0679
1549564818654,1011.0301
1549564818694,1011.0301
1549564818732,1011.0301
1549564818772,1010.9891
1549564818810,1010.9891
1549564818871,1010.9891
1549564818896,1010.9891
1549564818924,1010.9876
1549564818961,1010.9876
1549564819000,1010.9876
1549564819039,1010.9876
1549564819086,1010.97235
1549564819117,1010.97235
1549564819154,1010.97235
1549564819196,1010.97235
1549564819232,1011.02216
1549564819271,1011.02216
1549564819311,1011.02216
1549564819348,1010.99255
1549564819387,1010.99255
1549564819424,1010.99255
1549564819461,1010.99255
1549564819508,1011.0161
1549564819540,1011.0161
1549564819585,1011.0161
1549564819617,1011.0161
1549564819655,1011.0447
1549564819691,1011.0447
1549564819733,1011.0447
1549564819769,1010.99054
1549564819807,1010.99054
1549564819847,1010.99054
1549564819893,1010.99054
1549564819924,1010.97205
1549564819961,1010.97205
1549564819999,1010.97205
1549564820041,1010.97205
1549564820078,1010.9813
1549564820118,1010.9813
1549564820167,1010.9813
1549564820194,1010.9813
1549564820230,1011.0061
1549564820272,1011.0061
1549564820311,1011.0061
1549564820348,1011.0529
1549564820387,1011.0529
1549564820425,1011.0529
1549564820464,1011.0529
1549564820500,1010.99335
1549564820540,1010.99335
1549564820579,1010.99335
1549564820618,1010.99335
1549564820654,1010.98883
1549564820694,1010.98883
1549564820731,1010.98883
1549564820772,1011.01886
1549564820808,1011.01886
1549564820865,1011.01886
1549564820888,1011.01886
1549564820924,1010.98804
1549564820969,1010.98804
1549564821002,1010.98804
1549564821039,1010.98804
1549564821078,1011.05865
1549564821117,1011.05865
1549564821156,1011.05865
1549564821194,1011.05865
1549564821232,1011.0291
1549564821272,1011.0291
1549564821312,1011.0291
1549564821346,1011.0016
1549564821387,1011.0016
1549564821425,1011.0016
1549564821464,1011.0016
1549564821506,1011.0421
1549564821544,1011.0421
1549564821577,1011.0421
1549564821616,1011.0421
1549564821654,1011.00934
1549564821695,1011.00934
1549564821731,1011.00934
1549564821769,1011.00934
1549564821808,1011.0306
1549564821850,1011.0306
1549564821885,1011.0306
1549564821925,1011.0048
1549564821963,1011.0048
1549564822017,1011.0048
1549564822041,1011.0048
1549564822078,1010.97876
1549564822120,1010.97876
1549564822154,1010.97876
1549564822192,1010.97876
1549564822231,1010.97705
1549564822269,1010.97705
1549564822310,1010.97705
1549564822349,1010.9495
1549564822386,1010.9495
1549564822423,1010.9495
1549564822464,1010.9495
1549564822502,1010.9883
1549564822538,1010.9883
1549564822579,1010.9883
1549564822626,1010.9883
1549564822655,1010.9873
1549564822695,1010.9873
1549564822754,1010.9873
1549564822775,1010.9873
1549564822808,1010.95575
1549564822850,1010.95575
1549564822888,1010.95575
1549564822926,1011.0283
1549564822961,1011.0283
1549564823021,1011.0283
1549564823043,1011.0283
1549564823084,1011.00256
1549564823116,1011.00256
1549564823152,1011.00256
1549564823209,1011.00256
1549564823229,1011.0308
1549564823267,1011.0308
1549564823306,1011.0308
1549564823345,1011.0308
1549564823382,1011.0256
1549564823423,1011.0256
1549564823460,1011.0256
1549564823500,1010.99457
1549564823538,1010.99457
1549564823578,1010.99457
1549564823618,1010.99457
1549564823652,1011.04736
1549564823692,1011.04736
1549564823730,1011.04736
1549564823778,1011.04736
1549564823813,1011.02686
1549564823848,1011.02686
1549564823885,1011.02686
1549564823925,1011.0289
1549564823960,1011.0289
1549564823999,1011.0289
1549564824038,1011.0289
1549564824076,1011.0463
1549564824129,1011.0463
1549564824154,1011.0463
1549564824190,1011.0463
1549564824232,1010.9903
1549564824267,1010.9903
1549564824307,1010.9903
1549564824346,1010.9903
1549564824383,1010.98346
1549564824422,1010.98346
1549564824462,1010.98346
1549564824504,1010.9753
1549564824537,1010.9753
1549564824576,1010.9753
1549564824618,1010.9753
1549564824652,1010.95795
1549564824690,1010.95795
1549564824729,1010.95795
1549564824769,1010.95795
1549564824806,1010.9935
1549564824855,1010.9935
1549564824884,1010.9935
1549564824922,1010.9935
1549564824960,1010.9657
1549564825002,1010.9657
1549564825038,1010.9657
1549564825077,1010.957
1549564825117,1010.957
1549564825152,1010.957
1549564825194,1010.957
1549564825239,1010.991
1549564825268,1010.991
1549564825308,1010.991
1549564825348,1010.991
1549564825384,1010.9507
1549564825425,1010.9507
1549564825469,1010.9507
1549564825500,1010.98926
1549564825540,1010.98926
1549564825579,1010.98926
1549564825616,1010.98926
1549564825656,1010.9915
1549564825693,1010.9915
1549564825737,1010.9915
1549564825771,1010.9915
1549564825807,1010.96893
1549564825856,1010.96893
1549564825886,1010.96893
1549564825957,1010.96893
1549564825964,1010.9777
1549564825998,1010.9777
1549564826042,1010.9777
1549564826078,1010.9662
1549564826114,1010.9662
1549564826156,1010.9662
1549564826190,1010.9662
1549564826233,1010.9915
1549564826288,1010.9915
1549564826307,1010.9915
1549564826346,1010.9915
1549564826385,1010.9617
1549564826421,1010.9617
1549564826460,1010.9617
1549564826518,1010.9617
1549564826542,1010.9412
1549564826578,1010.9412
1549564826617,1010.9412
1549564826652,1010.9677
1549564826691,1010.9677
1549564826728,1010.9677
1549564826772,1010.9677
1549564826811,1010.94366
1549564826844,1010.94366
1549564826891,1010.94366
1549564826921,1010.94366
1549564826959,1010.97546
1549564827001,1010.97546
1549564827039,1010.97546
1549564827082,1010.9649
1549564827121,1010.9649
1549564827152,1010.9649
1549564827191,1010.9649
1549564827230,1010.9304
1549564827296,1010.9304
1549564827305,1010.9304
1549564827343,1010.9304
1549564827382,1010.9376
1549564827421,1010.9376
1549564827459,1010.9376
1549564827499,1010.9376
1549564827539,1010.9119
1549564827580,1010.9119
1549564827620,1010.9119
1549564827652,1010.9294
1549564827690,1010.9294
1549564827729,1010.9294
1549564827770,1010.9294
1549564827807,1010.9507
1549564827846,1010.9507
1549564827884,1010.9507
1549564827923,1010.9507
1549564827964,1010.9191
1549564828002,1010.9191
1549564828046,1010.9191
1549564828078,1010.9191
1549564828116,1010.9875
1549564828153,1010.9875
1549564828191,1010.9875
1549564828232,1010.9827
1549564828268,1010.9827
1549564828308,1010.9827
1549564828346,1010.9827
1549564828385,1010.97046
1549564828422,1010.97046
1549564828462,1010.97046
1549564828498,1010.97046
1549564828538,1010.96893
1549564828579,1010.96893
1549564828615,1010.96893
1549564828655,1010.9179
1549564828691,1010.9179
1549564828740,1010.9179
1549564828768,1010.9179
1549564828808,1010.9532
1549564828846,1010.9532
1549564828887,1010.9532
1549564828922,1010.9532
1549564828958,1010.94666
1549564828999,1010.94666
1549564829037,1010.94666
1549564829077,1010.94666
1549564829115,1010.95215
1549564829156,1010.95215
1549564829191,1010.95215
1549564829234,1010.96967
1549564829267,1010.96967
1549564829308,1010.96967
1549564829347,1010.96967
1549564829386,1010.92566
1549564829423,1010.92566
1549564829462,1010.92566
1549564829500,1010.92566
1549564829546,1010.9171
1549564829579,1010.9171
1549564829613,1010.9171
1549564829651,1010.9171
1549564829692,1010.92236
1549564829729,1010.92236
1549564829767,1010.92236
1549564829808,1010.90485
1549564829846,1010.90485
1549564829886,1010.90485
1549564829921,1010.90485
1549564829961,1010.9334
1549564830000,1010.9334
1549564830037,1010.9334
1549564830076,1010.9334
1549564830114,1010.9422
1549564830171,1010.9422
1549564830192,1010.9422
1549564830232,1010.90656
1549564830266,1010.90656
1549564830307,1010.90656
1549564830344,1010.90656
1549564830384,1010.91766
1549564830436,1010.91766
1549564830463,1010.91766
1549564830501,1010.91766
1549564830538,1010.9194
1549564830577,1010.9194
1549564830614,1010.9194
1549564830652,1010.9194
1549564830693,1010.9299
1549564830731,1010.9299
1549564830768,1010.9299
1549564830808,1010.95795
1549564830863,1010.95795
1549564830890,1010.95795
1549564830920,1010.95795
1549564830961,1010.9194
1549564830999,1010.9194
1549564831038,1010.9194
1549564831078,1010.9194
1549564831115,1010.90533
1549564831157,1010.90533
1549564831191,1010.90533
1549564831229,1010.93713
1549564831283,1010.93713
1549564831305,1010.93713
1549564831349,1010.93713
1549564831383,1010.92834
1549564831423,1010.92834
1549564831461,1010.92834
1549564831502,1010.92834
1549564831536,1010.9126
1549564831579,1010.9126
1549564831614,1010.9126
1549564831652,1010.9126
1549564831691,1010.9126
1549564831730,1010.9126
1549564831769,1010.9126
1549564831808,1010.8758
1549564831845,1010.8758
1549564831886,1010.8758
1549564831924,1010.8758
1549564831960,1010.9126
1549564831999,1010.9126
1549564832044,1010.9126
1549564832076,1010.9126
1549564832115,1010.89484
1549564832153,1010.89484
1549564832200,1010.89484
1549564832236,1010.89484
1549564832268,1010.92816
1549564832305,1010.92816
1549564832344,1010.92816
1549564832384,1010.91437
1549564832426,1010.91437
1549564832464,1010.91437
1549564832503,1010.91437
1549564832538,1010.88257
1549564832579,1010.88257
1549564832614,1010.88257
1549564832653,1010.88257
1549564832691,1010.88104
1549564832731,1010.88104
1549564832769,1010.88104
1549564832807,1010.90735
1549564832846,1010.90735
1549564832882,1010.90735
1549564832921,1010.90735
1549564832963,1010.9071
1549564833000,1010.9071
1549564833047,1010.9071
1549564833075,1010.9071
1549564833113,1010.9369
1549564833155,1010.9369
1549564833190,1010.9369
1549564833229,1010.9369
1549564833268,1010.90533
1549564833307,1010.90533
1549564833345,1010.90533
1549564833384,1010.87854
1549564833421,1010.87854
1549564833459,1010.87854
1549564833500,1010.87854
1549564833537,1010.89233
1549564833574,1010.89233
1549564833614,1010.89233
1549564833652,1010.89233
1549564833690,1010.88007
1549564833729,1010.88007
1549564833802,1010.88007
1549564833804,1010.88007
1549564833845,1010.8908
1549564833883,1010.8908
1549564833922,1010.8908
1549564833958,1010.88184
1549564833997,1010.88184
1549564834036,1010.88184
1549564834076,1010.88184
1549564834115,1010.8558
1549564834151,1010.8558
1549564834194,1010.8558
1549564834229,1010.8558
1549564834268,1010.89233
1549564834306,1010.89233
1549564834345,1010.89233
1549564834383,1010.8836
1549564834421,1010.8836
1549564834465,1010.8836
1549564834498,1010.8836
1549564834536,1010.9169
1549564834576,1010.9169
1549564834614,1010.9169
1549564834650,1010.9169
1549564834689,1010.9677
1549564834729,1010.9677
1549564834766,1010.9677
1549564834806,1010.9677
1549564834846,1010.91864
1549564834884,1010.91864
1549564834921,1010.91864
1549564834959,1010.9169
1549564834999,1010.9169
1549564835036,1010.9169
1549564835075,1010.9169
1549564835114,1010.9294
1549564835153,1010.9294
1549564835192,1010.9294
1549564835234,1010.9294
1549564835269,1010.92236
1549564835310,1010.92236
1549564835345,1010.92236
1549564835382,1010.92236
1549564835423,1010.9311
1549564835459,1010.9311
1549564835499,1010.9311
1549564835536,1010.8926
1549564835575,1010.8926
1549564835614,1010.8926
1549564835651,1010.8926
1549564835689,1010.8731
1549564835728,1010.8731
1549564835768,1010.8731
1549564835807,1010.8731
1549564835843,1010.8853
1549564835885,1010.8853
1549564835920,1010.8853
1549564835961,1010.882
1549564836000,1010.882
1549564836038,1010.882
1549564836074,1010.882
1549564836118,1010.9013
1549564836156,1010.9013
1549564836190,1010.9013
1549564836227,1010.9013
1549564836269,1010.91534
1549564836310,1010.91534
1549564836342,1010.91534
1549564836381,1010.91534
1549564836420,1010.8715
1549564836459,1010.8715
1549564836497,1010.8715
1549564836537,1010.8966
1549564836576,1010.8966
1549564836613,1010.8966
1549564836651,1010.8966
1549564836690,1010.88257
1549564836727,1010.88257
1549564836766,1010.88257
1549564836806,1010.88257
1549564836846,1010.91064
1549564836884,1010.91064
1549564836921,1010.91064
1549564836962,1010.91064
1549564836999,1010.9159
1549564837051,1010.9159
1549564837078,1010.9159
1549564837113,1010.8721
1549564837154,1010.8721
1549564837190,1010.8721
1549564837228,1010.8721
1549564837282,1010.8966
1549564837306,1010.8966
1549564837343,1010.8966
1549564837381,1010.8966
1549564837420,1010.8984
1549564837457,1010.8984
1549564837498,1010.8984
1549564837539,1010.89484
1549564837575,1010.89484
1549564837612,1010.89484
1549564837652,1010.89484
1549564837689,1010.9141
1549564837726,1010.9141
1549564837765,1010.9141
1549564837805,1010.9141
1549564837844,1010.8721
1549564837883,1010.8721
1549564837922,1010.8721
1549564837962,1010.8721
1549564838000,1010.8583
1549564838040,1010.8583
1549564838074,1010.8583
1549564838122,1010.8688
1549564838149,1010.8688
1549564838187,1010.8688
1549564838227,1010.8688
1549564838268,1010.8477
1549564838305,1010.8477
1549564838342,1010.8477
1549564838379,1010.8477
1549564838418,1010.9108
1549564838466,1010.9108
1549564838502,1010.9108
1549564838536,1010.9108
1549564838571,1010.874
1549564838611,1010.874
1549564838650,1010.874
1549564838690,1010.8355
1549564838758,1010.8355
1549564838764,1010.8355
1549564838803,1010.8355
1549564838843,1010.8703
1549564838889,1010.8703
1549564838919,1010.8703
1549564838956,1010.8703
1549564838996,1010.8686
1549564839034,1010.8686
1549564839075,1010.8686
1549564839111,1010.85126
1549564839154,1010.85126
1549564839189,1010.85126
1549564839227,1010.85126
1549564839268,1010.839
1549564839304,1010.839
1549564839395,1010.839
1549564839395,1010.839
1549564839418,1010.84125
1549564839461,1010.84125
1549564839498,1010.84125
1549564839535,1010.84125
1549564839573,1010.851
1549564839619,1010.851
1549564839649,1010.851
1549564839689,1010.8293
1549564839730,1010.8293
1549564839768,1010.8293
1549564839806,1010.8293
1549564839843,1010.81647
1549564839882,1010.81647
1549564839922,1010.81647
1549564839958,1010.81647
1549564839996,1010.83026
1549564840035,1010.83026
1549564840077,1010.83026
1549564840114,1010.7952
1549564840154,1010.7912
1549564840190,1010.7912
1549564840227,1010.7912
1549564840266,1010.7929
1549564840303,1010.7929
1549564840345,1010.7929
1549564840381,1010.7929
1549564840420,1010.805
1549564840459,1010.805
1549564840497,1010.805
1549564840536,1010.805
1549564840574,1010.82153
1549564840612,1010.82153
1549564840651,1010.82153
1549564840688,1010.85504
1549564840728,1010.85504
1549564840765,1010.85504
1549564840806,1010.85504
1549564840845,1010.8217
1549564840881,1010.8217
1549564840919,1010.8217
1549564840959,1010.8217
1549564840998,1010.80646
1549564841035,1010.80646
1549564841086,1010.80646
1549564841113,1010.80646
1549564841151,1010.83276
1549564841188,1010.83276
1549564841227,1010.83276
1549564841266,1010.85925
1549564841304,1010.85925
1549564841341,1010.85925
1549564841381,1010.85925
1549564841419,1010.9013
1549564841457,1010.9013
1549564841517,1010.9013
1549564841537,1010.9013
1549564841574,1010.8733
1549564841611,1010.8733
1549564841649,1010.8733
1549564841688,1010.838
1549564841727,1010.838
1549564841765,1010.838
1549564841803,1010.838
1549564841842,1010.8468
1549564841885,1010.8468
1549564841919,1010.8468
1549564841958,1010.8468
1549564841998,1010.8235
1549564842036,1010.8235
1549564842074,1010.8235
1549564842113,1010.8235
1549564842154,1010.8543
1549564842187,1010.8543
1549564842226,1010.8543
1549564842267,1010.9277
1549564842305,1010.9277
1549564842342,1010.9277
1549564842382,1010.9277
1549564842420,1010.86755
1549564842459,1010.86755
1549564842496,1010.86755
1549564842535,1010.86755
1549564842577,1010.87085
1549564842611,1010.87085
1549564842652,1010.87085
1549564842688,1010.87085
1549564842728,1010.84326
1549564842767,1010.84326
1549564842802,1010.84326
1549564842842,1010.8478
1549564842880,1010.8478
1549564842921,1010.8478
1549564842959,1010.8478
1549564843017,1010.9101
1549564843038,1010.9101
1549564843075,1010.9101
1549564843112,1010.9101
1549564843149,1010.85504
1549564843188,1010.85504
1549564843227,1010.85504
1549564843265,1010.8751
1549564843304,1010.8751
1549564843344,1010.8751
1549564843379,1010.8751
1549564843419,1010.84985
1549564843460,1010.84985
1549564843498,1010.84985
1549564843601,1010.84985
1549564843602,1010.8456
1549564843618,1010.8456
1549564843649,1010.8456
1549564843686,1010.8456
1549564843726,1010.8564
1549564843766,1010.8564
1549564843802,1010.8564
1549564843843,1010.81335
1549564843880,1010.81335
1549564843921,1010.81335
1549564843957,1010.81335
1549564843995,1010.88043
1549564844034,1010.88043
1549564844071,1010.88043
1549564844110,1010.88043
1549564844148,1010.85614
1549564844188,1010.85614
1549564844230,1010.85614
1549564844280,1010.85614
1549564844303,1010.8371
1549564844341,1010.8371
1549564844380,1010.8371
1549564844418,1010.8689
1549564844458,1010.8689
1549564844497,1010.8689
1549564844533,1010.8689
1549564844573,1010.81836
1549564844611,1010.81836
1549564844650,1010.81836
1549564844687,1010.81836
1549564844728,1010.8537
1549564844766,1010.8537
1549564844801,1010.8537
1549564844841,1010.8417
1549564844879,1010.8417
1549564844920,1010.8417
1549564844959,1010.8417
1549564844998,1010.8261
1549564845034,1010.8261
1549564845072,1010.8261
1549564845111,1010.8261
1549564845149,1010.883
1549564845187,1010.883
1549564845228,1010.883
1549564845265,1010.883
1549564845303,1010.8309
1549564845341,1010.8309
1549564845380,1010.8309
1549564845418,1010.82416
1549564845458,1010.82416
1549564845496,1010.82416
1549564845545,1010.82416
1549564845572,1010.8334
1549564845611,1010.8334
1549564845649,1010.8334
1549564845691,1010.8334
1549564845727,1010.8324
1549564845768,1010.8324
1549564845805,1010.8324
1549564845842,1010.8324
1549564845881,1010.9362
1549564845917,1010.9362
1549564845957,1010.9362
1549564845995,1010.8687
1549564846032,1010.8687
1549564846072,1010.8687
1549564846112,1010.8687
1549564846153,1010.86743
1549564846187,1010.86743
1549564846226,1010.86743
1549564846264,1010.86743
1549564846304,1010.8805
1549564846344,1010.8805
1549564846381,1010.8805
1549564846419,1010.8797
1549564846460,1010.8797
1549564846496,1010.8797
1549564846536,1010.8797
1549564846572,1010.91876
1549564846611,1010.91876
1549564846649,1010.91876
1549564846687,1010.91876
1549564846726,1010.881
1549564846767,1010.881
1549564846804,1010.881
1549564846842,1010.881
1549564846879,1010.86444
1549564846919,1010.86444
1549564846981,1010.86444
1549564846998,1010.87897
1549564847033,1010.87897
1549564847072,1010.87897
1549564847110,1010.87897
1549564847150,1010.85016
1549564847188,1010.85016
1549564847226,1010.85016
1549564847264,1010.85016
1549564847302,1010.913
1549564847341,1010.913
1549564847380,1010.913
1549564847418,1010.913
1549564847455,1010.87726
1549564847497,1010.87726
1549564847532,1010.87726
1549564847576,1010.8567
1549564847610,1010.8567
1549564847649,1010.8567
1549564847687,1010.8567
1549564847725,1010.86694
1549564847763,1010.86694
1549564847801,1010.86694
1549564847841,1010.86694
1549564847879,1010.85223
1549564847917,1010.85223
1549564847957,1010.85223
1549564847995,1010.8917
1549564848034,1010.8917
1549564848073,1010.8917
1549564848110,1010.8917
1549564848149,1010.8542
1549564848187,1010.8542
1549564848237,1010.8542
1549564848268,1010.8542
1549564848309,1010.81665
1549564848338,1010.81665
1549564848377,1010.81665
1549564848419,1010.81665
1549564848453,1010.8427
1549564848491,1010.8427
1549564848533,1010.8427
1549564848570,1010.84393
1549564848608,1010.84393
1549564848646,1010.84393
1549564848686,1010.84393
1549564848729,1010.8552
1549564848763,1010.8552
1549564848801,1010.8552
1549564848839,1010.8552
1549564848878,1010.83014
1549564848918,1010.83014
1549564848959,1010.83014
1549564848994,1010.7967
1549564849031,1010.7967
1549564849070,1010.7967
1549564849108,1010.7967
1549564849147,1010.8134
1549564849185,1010.8134
1549564849224,1010.8134
1549564849264,1010.8134
1549564849300,1010.8182
1549564849340,1010.8182
1549564849377,1010.8182
1549564849418,1010.8182
1549564849455,1010.82513
1549564849501,1010.82513
1549564849534,1010.82513
1549564849571,1010.8215
1549564849607,1010.8215
1549564849648,1010.8215
1549564849685,1010.8215
1549564849730,1010.78766
1549564849763,1010.78766
1549564849800,1010.78766
1549564849838,1010.78766
1549564849877,1010.8084
1549564849916,1010.8084
1549564849955,1010.8084
1549564849993,1010.8084
1549564850031,1010.8114
1549564850069,1010.8114
1549564850108,1010.8114
1549564850146,1010.80597
1549564850185,1010.80597
1549564850224,1010.80597
1549564850263,1010.80597
1549564850305,1010.8357
1549564850339,1010.8357
1549564850378,1010.8357
1549564850417,1010.8357
1549564850456,1010.7929
1549564850493,1010.7929
1549564850531,1010.7929
1549564850570,1010.79816
1549564850608,1010.79816
1549564850649,1010.79816
1549564850688,1010.79816
1549564850725,1010.8064
1549564850762,1010.8064
1549564850804,1010.8064
1549564850841,1010.8064
1549564850879,1010.82367
1549564850916,1010.82367
1549564850956,1010.82367
1549564850996,1010.82367
1549564851042,1010.84125
1549564851069,1010.84125
1549564851111,1010.84125
1549564851147,1010.80035
1549564851186,1010.80035
1549564851224,1010.80035
1549564851265,1010.80035
1549564851301,1010.77563
1549564851342,1010.77563
1549564851379,1010.77563
1549564851418,1010.77563
1549564851458,1010.8189
1549564851495,1010.8189
1549564851531,1010.8189
1549564851570,1010.8189
1549564851608,1010.7784
1549564851648,1010.7784
1549564851687,1010.7784
1549564851749,1010.83044
1549564851772,1010.83044
1549564851800,1010.83044
1549564851841,1010.83044
1549564851880,1010.8392
1549564851918,1010.8392
1549564851955,1010.8392
1549564851996,1010.8392
1549564852032,1010.7899
1549564852085,1010.7899
1549564852108,1010.7899
1549564852146,1010.84015
1549564852187,1010.84015
1549564852225,1010.84015
1549564852264,1010.84015
1549564852302,1010.8132
1549564852341,1010.8132
1549564852378,1010.8132
1549564852418,1010.8132
1549564852455,1010.81647
1549564852494,1010.81647
1549564852536,1010.81647
1549564852571,1010.81647
1549564852610,1010.8129
1549564852648,1010.8129
1549564852705,1010.8129
1549564852727,1010.7859
1549564852764,1010.7859
1549564852799,1010.7859
1549564852838,1010.7859
1549564852877,1010.7994
1549564852917,1010.7994
1549564852956,1010.7994
1549564852995,1010.7994
1549564853033,1010.8144
1549564853079,1010.8144
1549564853110,1010.8144
1549564853148,1010.8206
1549564853186,1010.8206
1549564853224,1010.8206
1549564853265,1010.8206
1549564853301,1010.8537
1549564853360,1010.8537
1549564853382,1010.8537
1549564853417,1010.8537
1549564853455,1010.8199
1549564853492,1010.8199
1549564853532,1010.8199
1549564853573,1010.8199
1549564853609,1010.79865
1549564853646,1010.79865
1549564853686,1010.79865
1549564853725,1010.8154
1549564853762,1010.8154
1549564853799,1010.8154
1549564853838,1010.8154
1549564853879,1010.8254
1549564853917,1010.8254
1549564853957,1010.8254
1549564853993,1010.8254
1549564854030,1010.8702
1549564854070,1010.8702
1549564854107,1010.8702
1549564854147,1010.8702
1549564854187,1010.83997
1549564854223,1010.83997
1549564854265,1010.83997
1549564854302,1010.8219
1549564854339,1010.8219
1549564854379,1010.8219
1549564854417,1010.8219
1549564854457,1010.83746
1549564854492,1010.83746
1549564854532,1010.83746
1549564854569,1010.83746
1549564854609,1010.81244
1549564854653,1010.81244
1549564854686,1010.81244
1549564854726,1010.83966
1549564854762,1010.83966
1549564854801,1010.83966
1549564854847,1010.83966
1549564854877,1010.8582
1549564854926,1010.8582
1549564854961,1010.8582
1549564854999,1010.8582
1549564855038,1010.8049
1549564855071,1010.8049
1549564855252,1010.8049
1549564855252,1010.8049
1549564855253,1010.81116
1549564855253,1010.81116
1549564855261,1010.81116
1549564855494,1010.7964
1549564855495,1010.7964
1549564855495,1010.7964
1549564855495,1010.7964
1549564855496,1010.8417
1549564855511,1010.8417
1549564855547,1010.8417
1549564855574,1010.8417
1549564855609,1010.8234
1549564855644,1010.8234
1549564855685,1010.8234
1549564855721,1010.8234
1549564855760,1010.7941
1549564855798,1010.7941
1549564855837,1010.7941
1549564855879,1010.7949
1549564855954,1010.7949
1549564855973,1010.7949
1549564855995,1010.7949
1549564856029,1010.7749
1549564856069,1010.7749
1549564856106,1010.7749
1549564856167,1010.7749
1549564856183,1010.78485
1549564856223,1010.78485
1549564856266,1010.78485
1549564856301,1010.7981
1549564856351,1010.7981
1549564856377,1010.7981
1549564856416,1010.7981
1549564856455,1010.75183
1549564856492,1010.75183
1549564856530,1010.75183
1549564856571,1010.75183
1549564856609,1010.7756
1549564856648,1010.7756
1549564856684,1010.7756
1549564856723,1010.7756
1549564856762,1010.77655
1549564856801,1010.77655
1549564856840,1010.77655
1549564856877,1010.76184
1549564856918,1010.76184
1549564856957,1010.76184
1549564856994,1010.76184
1549564857032,1010.78735
1549564857072,1010.78735
1549564857111,1010.78735
1549564857150,1010.78735
1549564857185,1010.7568
1549564857225,1010.7568
1549564857263,1010.7568
1549564857299,1010.7568
1549564857340,1010.7508
1549564857376,1010.7508
1549564857417,1010.7508
1549564857455,1010.75934
1549564857493,1010.75934
1549564857532,1010.75934
1549564857570,1010.75934
1549564857608,1010.7341
1549564857648,1010.7341
1549564857686,1010.7341
1549564857723,1010.7341
1549564857761,1010.7751
1549564857800,1010.7751
1549564857838,1010.7751
1549564857878,1010.7586
1549564857919,1010.7586
1549564857953,1010.7586
1549564857991,1010.7586
1549564858030,1010.7701
1549564858069,1010.7701
1549564858108,1010.7701
1549564858147,1010.7701
1549564858187,1010.78864
1549564858223,1010.78864
1549564858261,1010.78864
1549564858299,1010.78864
1549564858339,1010.76105
1549564858378,1010.76105
1549564858416,1010.76105
1549564858456,1010.7653
1549564858490,1010.7653
1549564858530,1010.7653
1549564858569,1010.7653
1549564858622,1010.75055
1549564858644,1010.75055
1549564858682,1010.75055
1549564858723,1010.75055
1549564858762,1010.7281
1549564858802,1010.7281
1549564858842,1010.7281
1549564858881,1010.7281
1549564858915,1010.73553
1549564858955,1010.73553
1549564858994,1010.73553
1549564859032,1010.7042
1549564859069,1010.7042
1549564859109,1010.7042
1549564859146,1010.7042
1549564859186,1010.712
1549564859222,1010.712
1549564859262,1010.712
1549564859299,1010.712
1549564859341,1010.7265
1549564859378,1010.7265
1549564859414,1010.7265
1549564859455,1010.71625
1549564859492,1010.71625
1549564859531,1010.71625
1549564859571,1010.71625
1549564859607,1010.74445
1549564859645,1010.74445
1549564859684,1010.74445
1549564859723,1010.74445
1549564859767,1010.743
1549564859799,1010.743
1549564859838,1010.743
1549564859876,1010.743
1549564859916,1010.719
1549564859955,1010.719
1549564859992,1010.719
1549564860031,1010.7047
1549564860068,1010.7047
1549564860162,1010.7047
1549564860162,1010.7047
1549564860183,1010.7047
1549564860223,1010.7047
1549564860270,1010.7047
1549564860335,1010.7047
1549564860378,1010.71844
1549564860379,1010.71844
1549564860412,1010.71844
1549564860453,1010.6994
1549564860492,1010.6994
1549564860530,1010.6994
1549564860570,1010.6994
1549564860606,1010.6994
1549564860645,1010.6994
1549564860691,1010.6994
1549564860722,1010.6994
1549564860762,1010.7023
1549564860800,1010.7023
1549564860839,1010.7023
1549564860876,1010.7023
1549564860916,1010.7268
1549564860953,1010.7268
1549564860993,1010.7268
1549564861031,1010.721
1549564861068,1010.721
1549564861107,1010.721
1549564861146,1010.721
1549564861185,1010.703
1549564861226,1010.703
1549564861260,1010.703
1549564861300,1010.703
1549564861338,1010.66974
1549564861377,1010.66974
1549564861416,1010.66974
1549564861452,1010.66974
1549564861492,1010.6642
1549564861529,1010.6642
1549564861567,1010.6642
1549564861607,1010.70044
1549564861645,1010.70044
1549564861684,1010.70044
1549564861742,1010.70044
1549564861760,1010.7127
1549564861802,1010.7127
1549564861838,1010.7127
1549564861876,1010.7127
1549564861914,1010.7454
1549564861954,1010.7454
1549564861992,1010.7454
1549564862030,1010.69763
1549564862068,1010.69763
1549564862107,1010.69763
1549564862146,1010.69763
1549564862184,1010.7131
1549564862221,1010.7131
1549564862263,1010.7131
1549564862298,1010.7131
1549564862347,1010.7283
1549564862381,1010.7283
1549564862415,1010.7283
1549564862454,1010.7283
1549564862490,1010.72284
1549564862531,1010.72284
1549564862588,1010.72284
1549564862607,1010.76447
1549564862646,1010.76447
1549564862685,1010.76447
1549564862720,1010.76447
1549564862762,1010.7505
1549564862797,1010.7505
1549564862838,1010.7505
1549564862875,1010.7505
1549564862914,1010.7354
1549564862954,1010.7354
1549564862992,1010.7354
1549564863030,1010.7354
1549564863068,1010.7259
1549564863109,1010.7259
1549564863145,1010.7259
1549564863185,1010.70966
1549564863226,1010.70966
1549564863259,1010.70966
1549564863299,1010.70966
1549564863338,1010.73206
1549564863377,1010.73206
1549564863413,1010.73206
1549564863453,1010.73206
1549564863492,1010.71204
1549564863528,1010.71204
1549564863569,1010.71204
1549564863607,1010.70276
1549564863644,1010.70276
1549564863684,1010.70276
1549564863722,1010.70276
1549564863760,1010.73724
1549564863799,1010.73724
1549564863836,1010.73724
1549564863888,1010.73724
1549564863915,1010.71747
1549564863951,1010.71747
1549564863991,1010.71747
1549564864029,1010.71747
1549564864069,1010.7114
1549564864106,1010.7114
1549564864151,1010.7114
1549564864188,1010.73535
1549564864223,1010.73535
1549564864260,1010.73535
1549564864299,1010.73535
1549564864337,1010.7203
1549564864378,1010.7203
1549564864415,1010.7203
1549564864452,1010.7203
1549564864490,1010.77045
1549564864549,1010.77045
1549564864568,1010.77045
1549564864605,1010.7652
1549564864643,1010.74225
1549564864682,1010.74225
1549564864722,1010.74225
1549564864762,1010.7225
1549564864799,1010.7225
1549564864838,1010.7225
1549564864876,1010.7225
1549564864914,1010.7394
1549564864953,1010.7394
1549564864990,1010.7394
1549564865029,1010.7394
1549564865067,1010.7091
1549564865108,1010.7091
1549564865147,1010.7091
1549564865181,1010.74176
1549564865221,1010.74176
1549564865260,1010.74176
1549564865301,1010.74176
1549564865336,1010.7308
1549564865375,1010.7308
1549564865413,1010.7308
1549564865453,1010.7308
1549564865490,1010.6917
1549564865529,1010.6917
1549564865567,1010.6917
1549564865606,1010.6917
1549564865646,1010.6999
1549564865684,1010.6999
1549564865720,1010.6999
1549564865760,1010.68536
1549564865801,1010.68536
1549564865838,1010.68536
1549564865876,1010.68536
1549564865917,1010.69006
1549564865951,1010.69006
1549564865992,1010.69006
1549564866032,1010.69006
1549564866067,1010.69147
1549564866107,1010.69147
1549564866143,1010.69147
1549564866186,1010.6694
1549564866221,1010.6694
1549564866259,1010.6694
1549564866299,1010.6694
1549564866336,1010.6846
1549564866374,1010.6846
1549564866422,1010.6846
1549564866452,1010.6846
1549564866489,1010.6735
1549564866527,1010.6735
1549564866567,1010.6735
1549564866608,1010.6735
1549564866644,1010.685
1549564866681,1010.685
1549564866722,1010.685
1549564866760,1010.68964
1549564866799,1010.68964
1549564866835,1010.68964
1549564866875,1010.68964
1549564866917,1010.64886
1549564866954,1010.64886
1549564866990,1010.64886
1549564867030,1010.64886
1549564867068,1010.6988
1549564867107,1010.6988
1549564867144,1010.6988
1549564867183,1010.6988
1549564867223,1010.693
1549564867258,1010.693
1549564867299,1010.693
1549564867337,1010.69415
1549564867375,1010.69415
1549564867412,1010.69415
1549564867454,1010.69415
1549564867491,1010.6954
1549564867527,1010.6954
1549564867567,1010.6954
1549564867605,1010.6954
1549564867643,1010.6636
1549564867682,1010.6636
1549564867722,1010.6636
1549564867759,1010.6822
1549564867797,1010.6822
1549564867837,1010.6822
1549564867877,1010.6822
1549564867917,1010.66797
1549564867951,1010.66797
1549564867990,1010.66797
1549564868028,1010.66797
1549564868068,1010.6764
1549564868108,1010.6764
1549564868145,1010.6764
1549564868181,1010.6764
1549564868230,1010.723
1549564868260,1010.723
1549564868298,1010.723
1549564868335,1010.6805
1549564868375,1010.6805
1549564868414,1010.6805
1549564868452,1010.6805
1549564868492,1010.6624
1549564868531,1010.6624
1549564868571,1010.6624
1549564868604,1010.6624
1549564868643,1010.67236
1549564868683,1010.67236
1549564868720,1010.67236
1549564868758,1010.6368
1549564868798,1010.6368
1549564868835,1010.6368
1549564868875,1010.6368
1549564868912,1010.6502
1549564868951,1010.6502
1549564868989,1010.6502
1549564869028,1010.6502
1549564869067,1010.6607
1549564869107,1010.6607
1549564869144,1010.6607
1549564869180,1010.6607
1549564869223,1010.6461
1549564869260,1010.6461
1549564869298,1010.6461
1549564869339,1010.6741
1549564869376,1010.6741
1549564869412,1010.6741
1549564869451,1010.6741
1549564869490,1010.67523
1549564869527,1010.67523
1549564869569,1010.67523
1549564869604,1010.67523
1549564869643,1010.6624
1549564869683,1010.6624
1549564869720,1010.6624
1549564869776,1010.6624
1549564869797,1010.67755
1549564869834,1010.67755
1549564869874,1010.67755
1549564869915,1010.64404
1549564869951,1010.64404
1549564869990,1010.64404
1549564870030,1010.64404
1549564870068,1010.64496
1549564870104,1010.64496
1549564870143,1010.64496
1549564870181,1010.64496
1549564870220,1010.6584
1549564870266,1010.6584
1549564870296,1010.6584
1549564870335,1010.6246
1549564870383,1010.6246
1549564870417,1010.6246
1549564870451,1010.6246
1549564870488,1010.6624
1549564870527,1010.6624
1549564870567,1010.6624
1549564870606,1010.6624
1549564870675,1010.6414
1549564870682,1010.6414
1549564870719,1010.6414
1549564870757,1010.6414
1549564870796,1010.65155
1549564870839,1010.65155
1549564870875,1010.65155
1549564870911,1010.6632
1549564870950,1010.6632
1549564870988,1010.6632
1549564871028,1010.6632
1549564871067,1010.6486
1549564871105,1010.6486
1549564871143,1010.6486
1549564871182,1010.6486
1549564871219,1010.6888
1549564871259,1010.6888
1549564871296,1010.6888
1549564871337,1010.6993
1549564871375,1010.6993
1549564871414,1010.6993
1549564871451,1010.6993
1549564871490,1010.64624
1549564871527,1010.64624
1549564871568,1010.64624
1549564871606,1010.64624
1549564871642,1010.6648
1549564871681,1010.6648
1549564871718,1010.6648
1549564871786,1010.6648
1549564871802,1010.6525
1549564871836,1010.6525
1549564871873,1010.6525
1549564871913,1010.64166
1549564871950,1010.64166
1549564871988,1010.64166
1549564872029,1010.64166
1549564872066,1010.6748
1549564872104,1010.6748
1549564872142,1010.6748
1549564872182,1010.6748
1549564872219,1010.6308
1549564872260,1010.6308
1549564872296,1010.6308
1549564872336,1010.6308
1549564872375,1010.6133
1549564872413,1010.6133
1549564872452,1010.6133
1549564872490,1010.6024
1549564872528,1010.6024
1549564872576,1010.6024
1549564872604,1010.6024
1549564872645,1010.5882
1549564872682,1010.5882
1549564872719,1010.5882
1549564872759,1010.5882
1549564872795,1010.61053
1549564872835,1010.61053
1549564872875,1010.61053
1549564872913,1010.5965
1549564872952,1010.5965
1549564872989,1010.5965
1549564873028,1010.5965
1549564873067,1010.6014
1549564873107,1010.6014
1549564873142,1010.6014
1549564873183,1010.6014
1549564873220,1010.62
1549564873262,1010.62
1549564873298,1010.62
1549564873337,1010.62
1549564873374,1010.6339
1549564873414,1010.6339
1549564873451,1010.6339
1549564873492,1010.6423
1549564873528,1010.6423
1549564873566,1010.6423
1549564873604,1010.6423
1549564873642,1010.6405
1549564873683,1010.6405
1549564873721,1010.6405
1549564873758,1010.6405
1549564873798,1010.6049
1549564873845,1010.6049
1549564873873,1010.6049
1549564873912,1010.6049
1549564873950,1010.6119
1549564873987,1010.6119
1549564874028,1010.6119
1549564874068,1010.601
1549564874106,1010.601
1549564874143,1010.601
1549564874194,1010.601
1549564874220,1010.61444
1549564874258,1010.61444
1549564874296,1010.61444
1549564874336,1010.61444
1549564874373,1010.60736
1549564874414,1010.60736
1549564874450,1010.60736
1549564874488,1010.57556
1549564874527,1010.57556
1549564874567,1010.57556
1549564874606,1010.57556
1549564874646,1010.595
1549564874681,1010.595
1549564874719,1010.595
1549564874757,1010.595
1549564874796,1010.6054
1549564874838,1010.6054
1549564874871,1010.6054
1549564874911,1010.6054
1549564874951,1010.5933
1549564874989,1010.5933
1549564875026,1010.5933
1549564875065,1010.6331
1549564875107,1010.6331
1549564875142,1010.6331
1549564875181,1010.6331
1549564875222,1010.58966
1549564875257,1010.58966
1549564875296,1010.58966
1549564875336,1010.58966
1549564875378,1010.5704
1549564875413,1010.5704
1549564875450,1010.5704
1549564875488,1010.59125
1549564875527,1010.59125
1549564875564,1010.59125
1549564875603,1010.59125
1549564875643,1010.5997
1549564875682,1010.5997
1549564875718,1010.5997
1549564875757,1010.5997
1549564875797,1010.60657
1549564875834,1010.60657
1549564875878,1010.60657
1549564875927,1010.60657
1549564875948,1010.59625
1549564875987,1010.59625
1549564876030,1010.59625
1549564876066,1010.59467
1549564876122,1010.59467
1549564876147,1010.59467
1549564876182,1010.59467
1549564876218,1010.58185
1549564876256,1010.58185
1549564876316,1010.58185
1549564876335,1010.58185
1549564876372,1010.58026
1549564876410,1010.58026
1549564876451,1010.58026
1549564876516,1010.58026
1549564876536,1010.566
1549564876570,1010.566
1549564876603,1010.566
1549564876642,1010.5571
1549564876689,1010.5571
1549564876719,1010.5571
1549564876758,1010.5571
1549564876794,1010.50995
1549564876835,1010.50995
1549564876873,1010.50995
1549564876909,1010.50995
1549564876950,1010.50256
1549564876987,1010.50256
1549564877029,1010.50256
1549564877069,1010.5112
1549564877104,1010.5112
1549564877141,1010.5112
1549564877181,1010.5112
1549564877218,1010.49744
1549564877258,1010.49744
1549564877298,1010.49744
1549564877334,1010.49744
1549564877372,1010.5098
1549564877415,1010.5098
1549564877450,1010.5098
1549564877487,1010.5098
1549564877527,1010.5327
1549564877563,1010.5327
1549564877623,1010.5327
1549564877639,1010.4922
1549564877682,1010.4922
1549564877719,1010.4922
1549564877758,1010.4922
1549564877794,1010.50104
1549564877841,1010.50104
1549564877871,1010.50104
1549564877910,1010.50104
1549564877947,1010.508
1549564877989,1010.508
1549564878028,1010.508
1549564878067,1010.49164
1549564878101,1010.49164
1549564878142,1010.49164
1549564878180,1010.49164
1549564878219,1010.52966
1549564878257,1010.52966
1549564878296,1010.52966
1549564878333,1010.52966
1549564878373,1010.49146
1549564878410,1010.49146
1549564878449,1010.49146
1549564878489,1010.49146
1549564878531,1010.4969
1549564878563,1010.4969
1549564878602,1010.4969
1549564878643,1010.51624
1549564878687,1010.51624
1549564878718,1010.51624
1549564878760,1010.51624
1549564878793,1010.5129
1549564878834,1010.5129
1549564878871,1010.5129
1549564878909,1010.5129
1549564878948,1010.5544
1549564878987,1010.5544
1549564879028,1010.5544
1549564879063,1010.5544
1549564879105,1010.5127
1549564879141,1010.5127
1549564879179,1010.5127
1549564879221,1010.4762
1549564879257,1010.4762
1549564879294,1010.4762
1549564879334,1010.4762
1549564879372,1010.4711
1549564879412,1010.4711
1549564879448,1010.4711
1549564879487,1010.4711
1549564879539,1010.4658
1549564879567,1010.4658
1549564879613,1010.4658
1549564879638,1010.46423
1549564879679,1010.46423
1549564879719,1010.46423
1549564879757,1010.46423
1549564879835,1010.4574
1549564879835,1010.4574
1549564879870,1010.4574
1549564879909,1010.4574
1549564879948,1010.4296
1549564879986,1010.4296
1549564880026,1010.4296
1549564880065,1010.4296
1549564880103,1010.4438
1549564880140,1010.4438
1549564880193,1010.4438
1549564880217,1010.462
1549564880256,1010.462
1549564880294,1010.462
1549564880332,1010.462
1549564880377,1010.45685
1549564880410,1010.45685
1549564880449,1010.45685
1549564880487,1010.45685
1549564880525,1010.45703
1549564880565,1010.45703
1549564880603,1010.45703
1549564880641,1010.42
1549564880679,1010.42
1549564880720,1010.42
1549564880759,1010.42
1549564880797,1010.4045
1549564880831,1010.4045
1549564880872,1010.4045
1549564880911,1010.4045
1549564880948,1010.4296
1549564880987,1010.4296
1549564881031,1010.4296
1549564881070,1010.4296
1549564881104,1010.40704
1549564881141,1010.40704
1549564881179,1010.40704
1549564881216,1010.4224
1549564881256,1010.4224
1549564881295,1010.4224
1549564881332,1010.4224
1549564881370,1010.40717
1549564881410,1010.40717
1549564881450,1010.40717
1549564881501,1010.40717
1549564881525,1010.3881
1549564881563,1010.3881
1549564881600,1010.3881
1549564881640,1010.3881
1549564881678,1010.41565
1549564881717,1010.41565
1549564881759,1010.41565
1549564881795,1010.4001
1549564881832,1010.4001
1549564881872,1010.4001
1549564881910,1010.4001
1549564881948,1010.4107
1549564881986,1010.4107
1549564882024,1010.4107
1549564882062,1010.4107
1549564882101,1010.4877
1549564882146,1010.4877
1549564882178,1010.4877
1549564882217,1010.43524
1549564882255,1010.43524
1549564882293,1010.43524
1549564882332,1010.43524
1549564882370,1010.4304
1549564882410,1010.4304
1549564882449,1010.4304
1549564882488,1010.4304
1549564882525,1010.4114
1549564882565,1010.4114
1549564882602,1010.4114
1549564882641,1010.4114
1549564882680,1010.4121
1549564882738,1010.4121
1549564882756,1010.4121
1549564882795,1010.41693
1549564882832,1010.41693
1549564882870,1010.41693
1549564882923,1010.41693
1549564882952,1010.37897
1549564882985,1010.37897
1549564883025,1010.37897
1549564883064,1010.37897
1549564883101,1010.3829
1549564883139,1010.3829
1549564883178,1010.3829
1549564883216,1010.3918
1549564883256,1010.3918
1549564883296,1010.3918
1549564883333,1010.3918
1549564883372,1010.3902
1549564883409,1010.3902
1549564883449,1010.3902
1549564883489,1010.3902
1549564883523,1010.431
1549564883561,1010.431
1549564883602,1010.431
1549564883640,1010.431
1549564883677,1010.3858
1549564883718,1010.3858
1549564883755,1010.3858
1549564883793,1010.38446
1549564883832,1010.38446
1549564883872,1010.38446
1549564883909,1010.38446
1549564883953,1010.4079
1549564883986,1010.4079
1549564884029,1010.4079
1549564884063,1010.4079
1549564884100,1010.39404
1549564884139,1010.39404
1549564884178,1010.39404
1549564884225,1010.39404
1549564884269,1010.3942
1549564884294,1010.3942
1549564884331,1010.3942
1549564884370,1010.3839
1549564884409,1010.3839
1549564884449,1010.3839
1549564884487,1010.3839
1549564884524,1010.3546
1549564884563,1010.3546
1549564884605,1010.3546
1549564884638,1010.3546
1549564884678,1010.37396
1549564884716,1010.37396
1549564884754,1010.37396
1549564884794,1010.36395
1549564884831,1010.36395
1549564884871,1010.36395
1549564884910,1010.36395
1549564884947,1010.3537
1549564884986,1010.3537
1549564885025,1010.3537
1549564885080,1010.3537
1549564885101,1010.3349
1549564885140,1010.3349
1549564885180,1010.3349
1549564885215,1010.3349
1549564885271,1010.3295
1549564885292,1010.3295
1549564885330,1010.3295
1549564885370,1010.3419
1549564885417,1010.3419
1549564885446,1010.3419
1549564885483,1010.3419
1549564885525,1010.34906
1549564885577,1010.34906
1549564885618,1010.34906
1549564885640,1010.34906
1549564885677,1010.3389
1549564885715,1010.3389
1549564885755,1010.3389
1549564885793,1010.3833
1549564885832,1010.3833
1549564885870,1010.3833
1549564885907,1010.3833
1549564885948,1010.35376
1549564886000,1010.35376
1549564886025,1010.35376
1549564886061,1010.35376
1549564886101,1010.326
1549564886152,1010.326
1549564886178,1010.326
1549564886218,1010.326
1549564886256,1010.3264
1549564886293,1010.3264
1549564886333,1010.3264
1549564886369,1010.30963
1549564886408,1010.30963
1549564886451,1010.30963
1549564886488,1010.30963
1549564886524,1010.3273
1549564886564,1010.3273
1549564886600,1010.3273
1549564886639,1010.3273
1549564886678,1010.3454
1549564886715,1010.3454
1549564886757,1010.3454
1549564886793,1010.3454
1549564886835,1010.3211
1549564886870,1010.3211
1549564886909,1010.3211
1549564886947,1010.293
1549564886986,1010.293
1549564887026,1010.293
1549564887061,1010.293
1549564887102,1010.2952
1549564887139,1010.2952
1549564887180,1010.2952
1549564887218,1010.2952
1549564887262,1010.29535
1549564887293,1010.29535
1549564887330,1010.29535
1549564887370,1010.32916
1549564887411,1010.32916
1549564887450,1010.32916
1549564887485,1010.32916
1549564887526,1010.3139
1549564887561,1010.3139
1549564887600,1010.3139
1549564887639,1010.3139
1549564887679,1010.3018
1549564887716,1010.3018
1549564887756,1010.3018
1549564887795,1010.3018
1549564887830,1010.33215
1549564887871,1010.33215
1549564887907,1010.33215
1549564887947,1010.3186
1549564887986,1010.3186
1549564888024,1010.3186
1549564888068,1010.3186
1549564888103,1010.30707
1549564888147,1010.30707
1549564888177,1010.30707
1549564888214,1010.30707
1549564888254,1010.31793
1549564888293,1010.31793
1549564888331,1010.31793
1549564888370,1010.3675
1549564888407,1010.3675
1549564888447,1010.3675
1549564888485,1010.3675
1549564888524,1010.34174
1549564888565,1010.34174
1549564888600,1010.34174
1549564888639,1010.34174
1549564888678,1010.323
1549564888717,1010.323
1549564888754,1010.323
1549564888792,1010.323
1549564888841,1010.31464
1549564888869,1010.31464
1549564888908,1010.31464
1549564888947,1010.338
1549564888999,1010.338
1549564889022,1010.338
1549564889059,1010.338
1549564889100,1010.314
1549564889137,1010.314
1549564889180,1010.314
1549564889215,1010.314
1549564889257,1010.3054
1549564889292,1010.3054
1549564889335,1010.3054
1549564889369,1010.3054
1549564889407,1010.30786
1549564889449,1010.30786
1549564889484,1010.30786
1549564889525,1010.314
1549564889562,1010.314
1549564889601,1010.314
1549564889639,1010.314
1549564889677,1010.3249
1549564889717,1010.3249
1549564889754,1010.3249
1549564889792,1010.3249
1549564889829,1010.3128
1549564889872,1010.3128
1549564889907,1010.3128
1549564889947,1010.31354
1549564889988,1010.31354
1549564890024,1010.31354
1549564890065,1010.31354
1549564890102,1010.3486
1549564890139,1010.3486
1549564890179,1010.3486
1549564890215,1010.3486
1549564890255,1010.328
1549564890293,1010.328
1549564890332,1010.328
1549564890368,1010.328
1549564890408,1010.3078
1549564890447,1010.3078
1549564890485,1010.3078
1549564890522,1010.2925
1549564890562,1010.2925
1549564890599,1010.2925
1549564890638,1010.2925
1549564890679,1010.2844
1549564890735,1010.2844
1549564890754,1010.2844
1549564890796,1010.2844
1549564890830,1010.27466
1549564890869,1010.27466
1549564890908,1010.27466
1549564890944,1010.4058
1549564890985,1010.4058
1549564891022,1010.4058
1549564891061,1010.4058
1549564891100,1010.3734
1549564891137,1010.3734
1549564891176,1010.3734
1549564891215,1010.3734
1549564891252,1010.57086
1549564891293,1010.57086
1549564891330,1010.57086
1549564891370,1010.57086
1549564891407,1010.38617
1549564891448,1010.38617
1549564891488,1010.38617
1549564891523,1010.3574
1549564891560,1010.3574
1549564891600,1010.3574
1549564891637,1010.3574
1549564891677,1010.18726
1549564891714,1010.18726
1549564891754,1010.18726
1549564891791,1010.18726
1549564891831,1010.3042
1549564891870,1010.3042
1549564891908,1010.3042
1549564891948,1010.3042
1549564891985,1010.32025
1549564892031,1010.32025
1549564892060,1010.32025
1549564892107,1010.2809
1549564892142,1010.2809
1549564892177,1010.2809
1549564892216,1010.2809
1549564892255,1010.2377
1549564892320,1010.2377
1549564892342,1010.2377
1549564892369,1010.2377
1549564892407,1010.3482
1549564892445,1010.3482
1549564892485,1010.3482
1549564892524,1010.20886
1549564892561,1010.20886
1549564892599,1010.20886
1549564892637,1010.20886
1549564892678,1010.148
1549564892715,1010.148
1549564892754,1010.148
1549564892793,1010.148
1549564892830,1010.1452
1549564892868,1010.1452
1549564892906,1010.1452
1549564892967,1010.1452
1549564892987,1010.1403
1549564893025,1010.1403
1549564893060,1010.1403
1549564893100,1010.1602
1549564893138,1010.1602
1549564893177,1010.1602
1549564893214,1010.1602
1549564893253,1010.1431
1549564893291,1010.1431
1549564893337,1010.1431
1549564893371,1010.1431
1549564893460,1010.15454
1549564893460,1010.15454
1549564893481,1010.15454
1549564893520,1010.17267
1549564893591,1010.17267
1549564893606,1010.17267
1549564893636,1010.17267
1549564893679,1010.18005
1549564893714,1010.18005
1549564893752,1010.18005
1549564893791,1010.18005
1549564893830,1010.21735
1549564893870,1010.21735
1549564893907,1010.21735
1549564893945,1010.21735
1549564894012,1010.345
1549564894054,1010.345
1549564894071,1010.345
1549564894132,1010.262
1549564894147,1010.262
1549564894266,1010.262
1549564894266,1010.262
1549564894267,1010.2432
1549564894417,1010.2432
1549564894418,1010.2432
1549564894418,1010.2432
1549564894418,1010.23346
1549564894446,1010.23346
1549564894482,1010.23346
1549564894520,1010.23615
1549564894568,1010.23615
1549564894596,1010.23615
1549564894634,1010.23615
1549564894676,1010.226
1549564894711,1010.226
1549564894750,1010.226
1549564894788,1010.226
1549564894827,1010.24243
1549564894866,1010.24243
1549564894903,1010.24243
1549564894942,1010.24243
1549564894981,1010.22186
1549564895021,1010.22186
1549564895061,1010.22186
1549564895100,1010.21387
1549564895138,1010.21387
1549564895174,1010.21387
1549564895219,1010.21387
1549564895256,1010.22174
1549564895290,1010.22174
1549564895328,1010.22174
1549564895366,1010.22174
1549564895406,1010.2244
1549564895442,1010.2244
1549564895481,1010.2244
1549564895521,1010.2244
1549564895557,1010.24603
1549564895597,1010.24603
1549564895638,1010.24603
1549564895674,1010.2348
1549564895711,1010.2348
1549564895758,1010.2348
1549564895821,1010.2348
1549564895845,1010.2532
1549564895934,1010.2532
1549564895934,1010.2532
1549564895955,1010.2532
1549564896005,1010.264
1549564896022,1010.264
1549564896058,1010.264
1549564896098,1010.27014
1549564896136,1010.27014
1549564896173,1010.27014
1549564896211,1010.27014
1549564896252,1010.28906
1549564896289,1010.28906
1549564896326,1010.28906
1549564896366,1010.28906
1549564896405,1010.2935
1549564896442,1010.2935
1549564896480,1010.2935
1549564896519,1010.2935
1549564896558,1010.2642
1549564896602,1010.2642
1549564896636,1010.2642
1549564896675,1010.2483
1549564896711,1010.2483
1549564896749,1010.2483
1549564896788,1010.2483
1549564896826,1010.253
1549564896866,1010.253
1549564896910,1010.253
1549564896944,1010.253
1549564896982,1010.2562
1549564897018,1010.2562
