1549564248449,1009.22473
1549564248450,1009.22473
1549564248484,1009.2238
1549564248524,1009.2238
1549564248563,1009.2238
1549564248600,1009.2238
1549564248638,1009.2231
1549564248677,1009.2231
1549564248715,1009.2231
1549564248753,1009.19763
1549564248792,1009.19763
1549564248832,1009.19763
1549564248869,1009.19763
1549564248908,1009.174
1549564248949,1009.174
1549564248984,1009.174
1549564249022,1009.174
1549564249061,1009.17706
1549564249099,1009.17706
1549564249139,1009.17706
1549564249177,1009.1808
1549564249216,1009.1808
1549564249253,1009.1808
1549564249293,1009.1808
1549564249330,1009.1946
1549564249370,1009.1946
1549564249407,1009.1946
1549564249448,1009.1946
1549564249484,1009.20233
1549564249523,1009.20233
1549564249561,1009.20233
1549564249600,1009.20233
1549564249638,1009.2066
1549564249676,1009.2066
1549564249718,1009.2066
1549564249753,1009.2111
1549564249792,1009.2111
1549564249831,1009.2111
1549564249868,1009.2111
1549564249907,1009.21014
1549564249947,1009.21014
1549564249984,1009.21014
1549564250023,1009.21014
1549564250061,1009.2161
1549564250099,1009.2161
1549564250138,1009.2161
1549564250177,1009.2245
1549564250215,1009.2245
1549564250286,1009.2245
1549564250295,1009.2245
1549564250330,1009.2299
1549564250369,1009.2299
1549564250408,1009.2299
1549564250457,1009.2299
1549564250485,1009.2342
1549564250525,1009.2342
1549564250562,1009.2342
1549564250601,1009.2342
1549564250640,1009.2437
1549564250678,1009.2437
1549564250718,1009.2437
1549564250754,1009.24774
1549564250798,1009.24774
1549564250830,1009.24774
1549564250869,1009.24774
1549564250909,1009.25226
1549564250948,1009.25226
1549564250987,1009.25226
1549564251040,1009.25226
1549564251063,1009.25104
1549564251102,1009.25104
1549564251138,1009.25104
1549564251177,1009.25104
1549564251217,1009.24835
1549564251255,1009.24835
1549564251294,1009.24835
1549564251331,1009.2544
1549564251371,1009.2544
1549564251409,1009.2544
1549564251449,1009.2544
1549564251487,1009.2586
1549564251525,1009.2586
1549564251563,1009.2586
1549564251601,1009.2586
1549564251639,1009.2641
1549564251683,1009.2641
1549564251719,1009.2641
1549564251754,1009.28937
1549564251793,1009.28937
1549564251834,1009.28937
1549564251871,1009.28937
1549564251909,1009.2762
1549564251947,1009.2762
1549564251986,1009.2762
1549564252024,1009.2762
1549564252066,1009.2697
1549564252100,1009.2697
1549564252139,1009.2697
1549564252177,1009.2697
1549564252217,1009.2752
1549564252253,1009.2752
1549564252314,1009.2752
1549564252341,1009.28094
1549564252372,1009.28094
1549564252408,1009.28094
1549564252445,1009.28094
1549564252486,1009.26874
1549564252525,1009.26874
1549564252560,1009.26874
1549564252599,1009.26874
1549564252640,1009.2643
1549564252676,1009.2643
1549564252715,1009.2643
1549564252754,1009.2575
1549564252794,1009.2575
1549564252832,1009.2575
1549564252868,1009.2575
1549564252907,1009.286
1549564252945,1009.286
1549564252984,1009.286
1549564253022,1009.286
1549564253062,1009.25287
1549564253099,1009.25287
1549564253138,1009.25287
1549564253177,1009.25287
1549564253215,1009.25134
1549564253253,1009.25134
1549564253292,1009.25134
1549564253331,1009.2606
1549564253369,1009.2606
1549564253408,1009.2606
1549564253445,1009.2606
1549564253484,1009.2623
1549564253523,1009.2623
1549564253562,1009.2623
1549564253600,1009.2623
1549564253638,1009.26086
1549564253678,1009.26086
1549564253717,1009.26086
1549564253755,1009.26086
1549564253792,1009.25214
1549564253831,1009.25214
1549564253868,1009.25214
1549564253908,1009.2614
1549564253946,1009.2614
1549564253985,1009.2614
1549564254023,1009.2614
1549564254062,1009.2701
1549564254099,1009.2701
1549564254138,1009.2701
1549564254178,1009.2701
1549564254217,1009.27734
1549564254253,1009.27734
1549564254356,1009.27734
1549564254357,1009.2936
1549564254395,1009.2936
1549564254440,1009.2936
1549564254446,1009.2936
1549564254483,1009.3011
1549564254521,1009.3011
1549564254560,1009.3011
1549564254601,1009.3011
1549564254639,1009.3046
1549564254677,1009.3046
1549564254714,1009.3046
1549564254756,1009.3046
1549564254799,1009.3221
1549564254831,1009.3221
1549564254869,1009.3221
1549564254906,1009.33136
1549564254945,1009.33136
1549564254985,1009.33136
1549564255022,1009.33136
1549564255065,1009.3366
1549564255100,1009.3366
1549564255139,1009.3366
1549564255176,1009.3366
1549564255215,1009.3343
1549564255254,1009.3343
1549564255291,1009.3343
1549564255329,1009.35925
1549564255369,1009.35925
1549564255408,1009.35925
1549564255445,1009.35925
1549564255485,1009.3505
1549564255522,1009.3505
1549564255561,1009.3505
1549564255600,1009.3505
1549564255639,1009.34705
1549564255679,1009.34705
1549564255717,1009.34705
1549564255764,1009.34705
1549564255791,1009.3785
1549564255830,1009.3785
1549564255868,1009.3785
1549564255910,1009.34827
1549564255949,1009.34827
1549564255988,1009.34827
1549564256023,1009.34827
1549564256066,1009.3465
1549564256099,1009.3465
1549564256139,1009.3465
1549564256175,1009.3465
1549564256222,1009.34424
1549564256253,1009.34424
1549564256292,1009.34424
1549564256357,1009.34424
1549564256372,1009.3757
1549564256408,1009.3757
1549564256445,1009.3757
1549564256483,1009.3652
1549564256522,1009.3652
1549564256560,1009.3652
1549564256603,1009.3652
1549564256638,1009.3634
1549564256676,1009.3634
1549564256717,1009.3634
1549564256759,1009.3634
1549564256792,1009.37164
1549564256837,1009.37164
1549564256868,1009.37164
1549564256906,1009.3617
1549564256945,1009.3617
1549564256984,1009.3617
1549564257025,1009.3617
1549564257060,1009.3664
1549564257102,1009.3664
1549564257138,1009.3664
1549564257177,1009.3664
1549564257215,1009.3731
1549564257269,1009.3731
1549564257292,1009.3731
1549564257330,1009.3731
1549564257367,1009.3743
1549564257406,1009.3743
1549564257446,1009.3743
1549564257484,1009.3883
1549564257524,1009.3883
1549564257560,1009.3883
1549564257604,1009.3883
1549564257636,1009.3968
1549564257677,1009.3968
1549564257714,1009.3968
1549564257752,1009.3968
1549564257792,1009.38226
1549564257831,1009.38226
1549564257874,1009.38226
1549564257909,1009.38226
1549564257948,1009.3892
1549564257983,1009.3892
1549564258022,1009.3892
1549564258065,1009.40326
1549564258106,1009.40326
1549564258139,1009.40326
1549564258177,1009.40326
1549564258216,1009.39624
1549564258277,1009.39624
1549564258290,1009.39624
1549564258331,1009.39624
1549564258368,1009.39777
1549564258409,1009.39777
1549564258449,1009.39777
1549564258502,1009.4164
1549564258521,1009.4164
1549564258559,1009.4164
1549564258604,1009.4164
1549564258638,1009.4356
1549564258675,1009.4356
1549564258718,1009.4356
1549564258753,1009.4356
1549564258792,1009.4234
1549564258830,1009.4234
1549564258869,1009.4234
1549564258907,1009.4234
1549564258951,1009.4226
1549564258988,1009.4226
1549564259023,1009.4226
1549564259060,1009.45056
1549564259102,1009.45056
1549564259139,1009.45056
1549564259176,1009.45056
1549564259216,1009.43634
1549564259256,1009.43634
1549564259295,1009.43634
1549564259334,1009.43634
1549564259369,1009.4503
1549564259406,1009.4503
1549564259444,1009.4503
1549564259498,1009.4672
1549564259522,1009.4672
1549564259563,1009.4672
1549564259598,1009.4672
1549564259641,1009.46893
1549564259675,1009.46893
1549564259714,1009.46893
1549564259754,1009.46893
1549564259791,1009.45074
1549564259831,1009.45074
1549564259869,1009.45074
1549564259915,1009.45074
1549564259947,1009.4769
1549564259984,1009.4769
1549564260028,1009.4769
1549564260075,1009.50635
1549564260097,1009.50635
1549564260137,1009.50635
1549564260174,1009.50635
1549564260215,1009.5203
1549564260253,1009.5203
1549564260289,1009.5203
1549564260330,1009.5203
1549564260367,1009.5145
1549564260406,1009.5145
1549564260443,1009.5145
1549564260481,1009.5145
1549564260521,1009.5303
1549564260560,1009.5303
1549564260598,1009.5303
1549564260637,1009.50385
1549564260676,1009.50385
1549564260714,1009.50385
1549564260754,1009.50385
1549564260791,1009.5335
1549564260829,1009.5335
1549564260867,1009.5335
1549564260905,1009.5335
1549564260947,1009.55444
1549564260984,1009.55444
1549564261024,1009.55444
1549564261064,1009.5597
1549564261098,1009.5597
1549564261143,1009.5597
1549564261177,1009.5597
1549564261212,1009.5888
1549564261255,1009.5888
1549564261290,1009.5888
1549564261331,1009.5888
1549564261368,1009.55566
1549564261407,1009.55566
1549564261447,1009.55566
1549564261486,1009.55566
1549564261525,1009.5851
1549564261566,1009.5851
1549564261597,1009.5851
1549564261637,1009.5938
1549564261677,1009.5938
1549564261716,1009.5938
1549564261754,1009.5938
1549564261790,1009.5921
1549564261829,1009.5921
1549564261868,1009.5921
1549564261905,1009.5921
1549564261945,1009.63074
1549564261983,1009.63074
1549564262021,1009.63074
1549564262060,1009.6586
1549564262098,1009.6586
1549564262139,1009.6586
1549564262175,1009.6586
1549564262215,1009.6325
1549564262255,1009.6325
1549564262294,1009.6325
1549564262327,1009.6325
1549564262370,1009.6517
1549564262405,1009.6517
1549564262446,1009.6517
1549564262483,1009.6517
1549564262522,1009.65344
1549564262560,1009.65344
1549564262598,1009.65344
1549564262642,1009.6447
1549564262675,1009.6447
1549564262713,1009.6447
1549564262755,1009.6447
1549564262810,1009.64294
1549564262827,1009.64294
1549564262868,1009.64294
1549564262904,1009.64294
1549564262944,1009.6412
1549564262982,1009.6412
1549564263023,1009.6412
1549564263061,1009.6412
1549564263099,1009.6412
1549564263137,1009.6412
1549564263182,1009.6412
1549564263212,1009.6639
1549564263252,1009.6639
1549564263290,1009.6639
1549564263328,1009.6639
1549564263367,1009.6532
1549564263406,1009.6532
1549564263445,1009.6532
1549564263486,1009.6532
1549564263520,1009.6497
1549564263559,1009.6497
1549564263599,1009.6497
1549564263635,1009.6716
1549564263674,1009.6716
1549564263713,1009.6716
1549564263750,1009.6716
1549564263789,1009.6536
1549564263827,1009.6536
1549564263866,1009.6536
1549564263906,1009.6536
1549564263945,1009.64813
1549564263984,1009.64813
1549564264020,1009.64813
1549564264060,1009.64813
1549564264099,1009.67084
1549564264137,1009.67084
1549564264191,1009.67084
1549564264212,1009.67255
1549564264253,1009.67255
1549564264290,1009.67255
1549564264327,1009.67255
1549564264367,1009.6813
1549564264407,1009.6813
1549564264445,1009.6813
1549564264481,1009.6813
1549564264521,1009.6755
1549564264559,1009.6755
1549564264598,1009.6755
1549564264635,1009.67377
1549564264675,1009.67377
1549564264713,1009.67377
1549564264761,1009.67377
1549564264789,1009.6912
1549564264828,1009.6912
1549564264866,1009.6912
1549564264904,1009.6912
1549564264943,1009.7032
1549564264983,1009.7032
1549564265020,1009.7032
1549564265059,1009.7032
1549564265099,1009.6805
1549564265135,1009.6805
1549564265181,1009.6805
1549564265211,1009.6945
1549564265251,1009.6945
1549564265290,1009.6945
1549564265328,1009.6945
1549564265366,1009.6939
1549564265404,1009.6939
1549564265446,1009.6939
1549564265483,1009.6939
1549564265521,1009.72363
1549564265559,1009.72363
1549564265597,1009.72363
1549564265636,1009.72363
1549564265674,1009.7331
1549564265712,1009.7331
1549564265751,1009.7331
1549564265792,1009.73914
1549564265830,1009.73914
1549564265869,1009.73914
1549564265913,1009.73914
1549564265944,1009.7641
1549564265985,1009.7641
1549564266020,1009.7641
1549564266060,1009.7641
1549564266098,1009.77484
1549564266141,1009.77484
1549564266174,1009.77484
1549564266211,1009.7614
1549564266251,1009.7614
1549564266289,1009.7614
1549564266331,1009.7614
1549564266366,1009.77014
1549564266404,1009.77014
1549564266444,1009.77014
1549564266484,1009.77014
1549564266520,1009.7679
1549564266559,1009.7679
1549564266598,1009.7679
1549564266636,1009.7679
1549564266676,1009.76086
1549564266713,1009.76086
1549564266751,1009.76086
1549564266790,1009.7911
1549564266827,1009.7911
1549564266866,1009.7911
1549564266907,1009.7911
1549564266944,1009.7736
1549564266981,1009.7736
1549564267020,1009.7736
1549564267061,1009.7736
1549564267097,1009.74225
1549564267136,1009.74225
1549564267175,1009.74225
1549564267214,1009.74396
1549564267252,1009.74396
1549564267291,1009.74396
1549564267327,1009.74396
1549564267366,1009.7981
1549564267406,1009.7981
1549564267442,1009.7981
1549564267484,1009.7981
1549564267522,1009.78064
1549564267558,1009.78064
1549564267596,1009.78064
1549564267635,1009.78064
1549564267675,1009.7736
1549564267713,1009.7736
1549564267750,1009.7736
1549564267790,1009.77014
1549564267828,1009.77014
1549564267866,1009.77014
1549564267904,1009.77014
1549564267943,1009.8121
1549564267980,1009.8121
1549564268019,1009.8121
1549564268058,1009.8121
1549564268097,1009.7824
1549564268138,1009.7824
1549564268175,1009.7824
1549564268214,1009.7824
1549564268249,1009.7684
1549564268288,1009.7684
1549564268326,1009.7684
1549564268366,1009.7858
1549564268402,1009.7858
1549564268444,1009.7858
1549564268480,1009.7858
1549564268519,1009.79834
1549564268559,1009.79834
1549564268598,1009.79834
1549564268636,1009.79834
1549564268674,1009.7861
1549564268716,1009.7861
1549564268751,1009.7861
1549564268790,1009.77386
1549564268827,1009.77386
1549564268867,1009.77386
1549564268914,1009.77386
1549564268944,1009.814
1549564268980,1009.814
1549564269018,1009.814
1549564269056,1009.814
1549564269095,1009.7861
1549564269136,1009.7861
1549564269174,1009.7861
1549564269213,1009.7861
1549564269251,1009.7614
1549564269292,1009.7614
1549564269326,1009.7614
1549564269366,1009.76666
1549564269403,1009.76666
1549564269443,1009.76666
1549564269480,1009.76666
1549564269520,1009.80334
1549564269558,1009.80334
1549564269597,1009.80334
1549564269636,1009.80334
1549564269673,1009.7783
1549564269712,1009.7783
1549564269755,1009.7783
1549564269795,1009.7661
1549564269829,1009.7661
1549564269865,1009.7661
1549564269904,1009.7661
1549564269941,1009.76666
1549564269981,1009.76666
1549564270021,1009.76666
1549564270057,1009.76666
1549564270097,1009.815
1549564270134,1009.815
1549564270174,1009.815
1549564270212,1009.815
1549564270249,1009.77136
1549564270287,1009.77136
1549564270327,1009.77136
1549564270365,1009.76086
1549564270404,1009.76086
1549564270443,1009.76086
1549564270494,1009.76086
1549564270519,1009.75714
1549564270559,1009.75714
1549564270595,1009.75714
1549564270636,1009.75714
1549564270674,1009.7775
1549564270714,1009.7775
1549564270749,1009.7775
1549564270801,1009.7775
1549564270826,1009.76184
1549564270869,1009.76184
1549564270905,1009.76184
1549564270942,1009.7566
1549564270981,1009.7566
1549564271023,1009.7566
1549564271058,1009.7566
1549564271103,1009.7758
1549564271144,1009.7758
1549564271172,1009.7758
1549564271210,1009.7758
1549564271250,1009.7671
1549564271293,1009.7671
1549564271328,1009.7671
1549564271368,1009.7426
1549564271407,1009.7426
1549564271444,1009.7426
1549564271481,1009.7426
1549564271521,1009.75287
1549564271558,1009.75287
1549564271596,1009.75287
1549564271640,1009.75287
1549564271672,1009.74066
1549564271711,1009.74066
1549564271754,1009.74066
1549564271796,1009.74066
1549564271827,1009.7598
1549564271867,1009.7598
1549564271903,1009.7598
1549564271942,1009.7337
1549564271981,1009.7337
1549564272018,1009.7337
1549564272058,1009.7337
1549564272095,1009.7337
1549564272135,1009.7337
1549564272173,1009.7337
1549564272212,1009.7337
1549564272249,1009.73193
1549564272292,1009.73193
1549564272329,1009.73193
1549564272363,1009.7337
1549564272404,1009.7337
1549564272441,1009.7337
1549564272482,1009.7337
1549564272519,1009.7424
1549564272559,1009.7424
1549564272597,1009.7424
1549564272635,1009.7424
1549564272677,1009.7494
1549564272711,1009.7494
1549564272752,1009.7494
1549564272787,1009.7494
1549564272827,1009.7459
1549564272864,1009.7459
1549564272904,1009.7459
1549564272942,1009.74414
1549564272981,1009.74414
1549564273023,1009.74414
1549564273057,1009.74414
1549564273097,1009.76337
1549564273135,1009.76337
1549564273172,1009.76337
1549564273212,1009.76337
1549564273250,1009.7581
1549564273290,1009.7581
1549564273326,1009.7581
1549564273364,1009.7581
1549564273402,1009.74414
1549564273442,1009.74414
1549564273484,1009.74414
1549564273518,1009.77405
1549564273556,1009.77405
1549564273595,1009.77405
1549564273635,1009.77405
1549564273673,1009.7653
1549564273711,1009.7653
1549564273750,1009.7653
1549564273791,1009.7653
1549564273828,1009.7671
1549564273864,1009.7671
1549564273904,1009.7671
1549564273943,1009.7758
1549564273978,1009.7758
1549564274020,1009.7758
1549564274056,1009.7758
1549564274095,1009.7758
1549564274132,1009.7758
1549564274173,1009.7758
1549564274211,1009.7758
1549564274250,1009.78107
1549564274290,1009.78107
1549564274325,1009.78107
1549564274365,1009.78107
1549564274402,1009.7985
1549564274444,1009.7985
1549564274479,1009.7985
1549564274519,1009.80896
1549564274557,1009.80896
1549564274597,1009.80896
1549564274635,1009.80896
1549564274672,1009.8037
1549564274710,1009.8037
1549564274751,1009.8037
1549564274792,1009.8037
1549564274825,1009.80896
1549564274864,1009.80896
1549564274902,1009.80896
1549564274940,1009.82874
1549564274978,1009.82874
1549564275017,1009.82874
1549564275056,1009.82874
1549564275098,1009.83344
1549564275133,1009.83344
1549564275171,1009.83344
1549564275211,1009.83344
1549564275250,1009.82465
1549564275288,1009.82465
1549564275325,1009.82465
1549564275363,1009.82465
1549564275402,1009.8509
1549564275446,1009.8509
1549564275480,1009.8509
1549564275518,1009.8544
1549564275557,1009.8544
1549564275597,1009.8544
1549564275634,1009.8544
1549564275672,1009.8596
1549564275710,1009.8596
1549564275749,1009.8596
1549564275788,1009.8596
1549564275825,1009.8875
1549564275863,1009.8875
1549564275902,1009.8875
1549564275941,1009.8875
1549564275979,1009.87933
1549564276017,1009.87933
1549564276057,1009.87933
1549564276100,1009.8846
1549564276136,1009.8846
1549564276172,1009.8846
1549564276210,1009.8846
1549564276252,1009.8858
1549564276286,1009.8858
1549564276324,1009.8858
1549564276363,1009.8858
1549564276405,1009.89154
1549564276441,1009.89154
1549564276479,1009.89154
1549564276519,1009.86835
1549564276558,1009.86835
1549564276596,1009.86835
1549564276634,1009.86835
1549564276700,1009.88055
1549564276711,1009.88055
1549564276749,1009.88055
1549564276787,1009.88055
1549564276826,1009.8803
1549564276864,1009.8803
1549564276903,1009.8803
1549564276939,1009.8803
1549564276980,1009.8716
1549564277020,1009.8716
1549564277064,1009.8716
1549564277093,1009.87506
1549564277132,1009.87506
1549564277171,1009.87506
1549564277211,1009.87506
1549564277249,1009.87854
1549564277288,1009.87854
1549564277325,1009.87854
1549564277364,1009.87854
1549564277402,1009.88153
1549564277441,1009.88153
1549564277478,1009.88153
1549564277518,1009.8885
1549564277574,1009.8885
1549564277595,1009.8885
1549564277634,1009.8885
1549564277681,1009.8795
1549564277709,1009.8795
1549564277748,1009.8795
1549564277788,1009.8795
1549564277828,1009.89294
1549564277867,1009.89294
1549564277901,1009.89294
1549564277940,1009.89294
1549564277978,1009.8877
1549564278018,1009.8877
1549564278057,1009.8877
1549564278097,1009.8755
1549564278138,1009.8755
1549564278171,1009.8755
1549564278210,1009.8755
1549564278248,1009.8859
1549564278286,1009.8859
1549564278327,1009.8859
1549564278363,1009.8859
1549564278403,1009.8945
1549564278440,1009.8945
1549564278479,1009.8945
1549564278517,1009.8945
1549564278556,1009.9032
1549564278596,1009.9032
1549564278634,1009.9032
1549564278672,1009.9009
1549564278710,1009.9009
1549564278748,1009.9009
1549564278789,1009.9009
1549564278824,1009.91113
1549564278862,1009.91113
1549564278901,1009.91113
1549564278941,1009.91113
1549564278978,1009.9164
1549564279019,1009.9164
1549564279056,1009.9164
1549564279093,1009.9211
1549564279131,1009.9211
1549564279170,1009.9211
1549564279210,1009.9211
1549564279249,1009.92456
1549564279300,1009.92456
1549564279325,1009.92456
1549564279362,1009.92456
1549564279401,1009.9228
1549564279441,1009.9228
1549564279479,1009.9228
1549564279520,1009.9228
1549564279576,1009.93854
1549564279593,1009.93854
1549564279633,1009.93854
1549564279670,1009.9418
1549564279710,1009.9418
1549564279746,1009.9418
1549564279791,1009.9418
1549564279837,1009.9383
1549564279862,1009.9383
1549564279902,1009.9383
1549564279944,1009.9383
1549564279979,1009.94293
1549564280021,1009.94293
1549564280055,1009.94293
1549564280101,1009.94293
1549564280144,1009.96216
1549564280171,1009.96216
1549564280209,1009.96216
1549564280248,1009.9515
1549564280285,1009.9515
1549564280325,1009.9515
1549564280363,1009.9515
1549564280400,1009.95966
1549564280438,1009.95966
1549564280478,1009.95966
1549564280518,1009.95966
1549564280554,1009.9771
1549564280592,1009.9771
1549564280633,1009.9771
1549564280672,1009.9908
1549564280709,1009.9908
1549564280749,1009.9908
1549564280787,1009.9908
1549564280825,1009.9978
1549564280863,1009.9978
1549564280900,1009.9978
1549564280940,1009.9978
1549564280980,1009.99725
1549564281018,1009.99725
1549564281057,1009.99725
1549564281097,1009.99725
1549564281132,1010.00946
1549564281171,1010.00946
1549564281208,1010.00946
1549564281249,1010.00946
1549564281286,1010.00946
1549564281330,1010.00946
1549564281362,1010.00946
1549564281404,1010.00397
1549564281441,1010.00397
1549564281479,1010.00397
1549564281520,1010.00397
1549564281558,1010.0162
1549564281592,1010.0162
1549564281632,1010.0162
1549564281671,1010.01917
1549564281711,1010.01917
1549564281748,1010.01917
1549564281786,1010.01917
1549564281826,1010.0311
1549564281863,1010.0311
1549564281944,1010.0311
1549564281945,1010.0311
1549564281978,1010.0329
1549564282026,1010.0329
1549564282054,1010.0329
1549564282096,1010.0329
1549564282145,1010.0713
1549564282169,1010.0713
1549564282207,1010.0713
1549564282247,1010.05853
1549564282285,1010.05853
1549564282330,1010.05853
1549564282363,1010.05853
1549564282400,1010.05676
1549564282439,1010.05676
1549564282478,1010.05676
1549564282515,1010.05676
1549564282555,1010.05304
1549564282597,1010.05304
1549564282634,1010.05304
1549564282670,1010.05304
1549564282710,1010.067
1549564282747,1010.067
1549564282787,1010.067
1549564282824,1010.06177
1549564282862,1010.06177
1549564282901,1010.06177
1549564282938,1010.06177
1549564282978,1010.0583
1549564283016,1010.0583
1549564283056,1010.0583
1549564283094,1010.0583
1549564283131,1010.07227
1549564283169,1010.07227
1549564283208,1010.07227
1549564283248,1010.067
1549564283286,1010.067
1549564283326,1010.067
1549564283360,1010.067
1549564283400,1010.0612
1549564283443,1010.0612
1549564283477,1010.0612
1549564283518,1010.0612
1549564283555,1010.06647
1549564283593,1010.06647
1549564283636,1010.06647
1549564283669,1010.06647
1549564283709,1010.09265
1549564283746,1010.09265
1549564283789,1010.09265
1549564283838,1010.0942
1549564283861,1010.0942
1549564283900,1010.0942
1549564283941,1010.0942
1549564283977,1010.0959
1549564284016,1010.0959
1549564284055,1010.0959
1549564284098,1010.0959
1549564284132,1010.0961
1549564284171,1010.0961
1549564284207,1010.0961
1549564284248,1010.10486
1549564284285,1010.10486
1549564284329,1010.10486
1549564284366,1010.10486
1549564284402,1010.11536
1549564284440,1010.11536
1549564284479,1010.11536
1549564284520,1010.11536
1549564284554,1010.1386
1549564284592,1010.1386
1549564284632,1010.1386
1549564284670,1010.1386
1549564284707,1010.1281
1549564284746,1010.1281
1549564284785,1010.1281
1549564284824,1010.12054
1549564284861,1010.12054
1549564284900,1010.12054
1549564284938,1010.12054
1549564284979,1010.145
1549564285016,1010.145
1549564285054,1010.145
1549564285091,1010.145
1549564285131,1010.1223
1549564285170,1010.1223
1549564285210,1010.1223
1549564285247,1010.1223
1549564285287,1010.1119
1549564285330,1010.1119
1549564285362,1010.1119
1549564285400,1010.1223
1549564285444,1010.1223
1549564285479,1010.1223
1549564285516,1010.1223
1549564285553,1010.1194
1549564285593,1010.1194
1549564285630,1010.1194
1549564285670,1010.1194
1549564285709,1010.12463
1549564285747,1010.12463
1549564285785,1010.12463
1549564285832,1010.1231
1549564285862,1010.1231
1549564285901,1010.1231
1549564285939,1010.1231
1549564285978,1010.1458
1549564286016,1010.1458
1549564286053,1010.1458
1549564286091,1010.1458
1549564286131,1010.12836
1549564286169,1010.12836
1549564286209,1010.12836
1549564286247,1010.12836
1549564286300,1010.1266
1549564286332,1010.1266
1549564286360,1010.1266
1549564286400,1010.13184
1549564286439,1010.13184
1549564286479,1010.13184
1549564286517,1010.13184
1549564286553,1010.14233
1549564286600,1010.14233
1549564286635,1010.14233
1549564286669,1010.14233
1549564286707,1010.14056
1549564286746,1010.14056
1549564286786,1010.14056
1549564286825,1010.13184
1549564286861,1010.13184
1549564286900,1010.13184
1549564286939,1010.13184
1549564286975,1010.13885
1549564287013,1010.13885
1549564287052,1010.13885
1549564287091,1010.13885
1549564287129,1010.1316
1549564287167,1010.1316
1549564287207,1010.1316
1549564287246,1010.1316
1549564287285,1010.1475
1549564287339,1010.1475
1549564287396,1010.1475
1549564287400,1010.1475
1549564287439,1010.1475
1549564287477,1010.1475
1549564287514,1010.1475
1549564287552,1010.1493
1549564287591,1010.1493
1549564287628,1010.1493
1549564287668,1010.1493
1549564287707,1010.16675
1549564287744,1010.16675
1549564287782,1010.16675
1549564287821,1010.16675
1549564287900,1010.1807
1549564287901,1010.1807
1549564287936,1010.1807
1549564287978,1010.1912
1549564288017,1010.1912
1549564288058,1010.1912
1549564288097,1010.1912
1549564288137,1010.1807
1549564288169,1010.1807
1549564288216,1010.1807
1549564288245,1010.1807
1549564288287,1010.1999
1549564288325,1010.1999
1549564288367,1010.1999
1549564288399,1010.2209
1549564288437,1010.2209
1549564288478,1010.2209
1549564288516,1010.2209
1549564288564,1010.21216
1549564288590,1010.21216
1549564288630,1010.21216
1549564288669,1010.21216
1549564288709,1010.22064
1549564288754,1010.22064
1549564288788,1010.22064
1549564288827,1010.22064
1549564288861,1010.2241
1549564288902,1010.2241
1549564288938,1010.2241
1549564288985,1010.2218
1549564289017,1010.2218
1549564289061,1010.2218
1549564289095,1010.2218
1549564289131,1010.2166
1549564289168,1010.2166
1549564289208,1010.2166
1549564289246,1010.2166
1549564289289,1010.2218
1549564289324,1010.2218
1549564289364,1010.2218
1549564289407,1010.2253
1549564289440,1010.2253
1549564289478,1010.2253
1549564289516,1010.2253
1549564289554,1010.2303
1549564289597,1010.2303
1549564289629,1010.2303
1549564289668,1010.2303
1549564289707,1010.2445
1549564289760,1010.2445
1549564289786,1010.2445
1549564289826,1010.2445
1549564289860,1010.24774
1549564289900,1010.24774
1549564289941,1010.24774
1549564289975,1010.2495
1549564290014,1010.2495
1549564290060,1010.2495
1549564290108,1010.2495
1549564290128,1010.35425
1549564290170,1010.35425
1549564290211,1010.35425
1549564290246,1010.35425
1549564290285,1010.43976
1549564290324,1010.43976
1549564290363,1010.43976
1549564290402,1010.43976
1549564290439,1010.40137
1549564290477,1010.40137
1549564290516,1010.40137
1549564290555,1010.2617
1549564290594,1010.2617
1549564290630,1010.2617
1549564290671,1010.2617
1549564290712,1010.38043
1549564290748,1010.38043
1549564290787,1010.38043
1549564290823,1010.38043
1549564290862,1010.29816
1549564290900,1010.29816
1549564290940,1010.29816
1549564290978,1010.4198
1549564291017,1010.4198
1549564291061,1010.4198
1549564291092,1010.4198
1549564291130,1010.65717
1549564291170,1010.65717
1549564291208,1010.65717
1549564291256,1010.65717
1549564291284,1010.69037
1549564291321,1010.69037
1549564291360,1010.69037
1549564291397,1010.69037
1549564291437,1010.5158
1549564291475,1010.5158
1549564291513,1010.5158
1549564291553,1010.44574
1549564291591,1010.44574
1549564291629,1010.44574
1549564291668,1010.44574
1549564291709,1010.3637
1549564291749,1010.3637
1549564291784,1010.3637
1549564291822,1010.3637
1549564291861,1010.3532
1549564291898,1010.3532
1549564291989,1010.3532
1549564291990,1010.2537
1549564292027,1010.2537
1549564292064,1010.2537
1549564292101,1010.2537
1549564292129,1010.2846
1549564292167,1010.2846
1549564292218,1010.2846
1549564292243,1010.2846
1549564292283,1010.19556
1549564292324,1010.19556
1549564292362,1010.19556
1549564292399,1010.19556
1549564292462,1010.2148
1549564292475,1010.2148
1549564292514,1010.2148
1549564292552,1010.213
1549564292611,1010.213
1549564292628,1010.213
1549564292668,1010.213
1549564292706,1010.1921
1549564292762,1010.1921
1549564292815,1010.1921
1549564292822,1010.1921
1549564292916,1010.18335
1549564292916,1010.18335
1549564292946,1010.18335
1549564292985,1010.18335
1549564293019,1010.20953
1549564293052,1010.20953
1549564293096,1010.20953
1549564293155,1010.246
1549564293167,1010.246
1549564293204,1010.246
1549564293247,1010.246
1549564293281,1010.25116
1549564293320,1010.25116
1549564293361,1010.25116
1549564293397,1010.25116
1549564293436,1010.2507
1549564293473,1010.2507
1549564293512,1010.2507
1549564293553,1010.24713
1549564293589,1010.24713
1549564293629,1010.24713
1549564293666,1010.24713
1549564293704,1010.25214
1549564293743,1010.25214
1549564293783,1010.25214
1549564293822,1010.25214
1549564293858,1010.23645
1549564293905,1010.23645
1549564293936,1010.23645
1549564293974,1010.23645
1549564294012,1010.22424
1549564294075,1010.22424
1549564294098,1010.22424
1549564294128,1010.2167
1549564294168,1010.2167
1549564294205,1010.2167
1549564294247,1010.2167
1549564294283,1010.1783
1549564294327,1010.1783
1549564294357,1010.1783
1549564294398,1010.1783
1549564294442,1010.19574
1549564294475,1010.19574
1549564294512,1010.19574
1549564294557,1010.2272
1549564294588,1010.2272
1549564294628,1010.2272
1549564294669,1010.2272
1549564294705,1010.2464
1549564294743,1010.2464
1549564294781,1010.2464
1549564294821,1010.2464
1549564294859,1010.2426
1549564294896,1010.2426
1549564294948,1010.2426
1549564294974,1010.2426
1549564295011,1010.25684
1549564295051,1010.25684
1549564295090,1010.25684
1549564295128,1010.30396
1549564295166,1010.30396
1549564295210,1010.30396
1549564295245,1010.30396
1549564295282,1010.28705
1549564295319,1010.28705
1549564295364,1010.28705
1549564295399,1010.28705
1549564295437,1010.27136
1549564295476,1010.27136
1549564295512,1010.27136
1549564295550,1010.27136
1549564295589,1010.2629
1549564295628,1010.2629
1549564295668,1010.2629
1549564295718,1010.2407
1549564295744,1010.2407
1549564295782,1010.2407
1549564295819,1010.2407
1549564295859,1010.2584
1549564295898,1010.2584
1549564295935,1010.2584
1549564295972,1010.2584
1549564296015,1010.26886
1549564296051,1010.26886
1549564296089,1010.26886
1549564296130,1010.2532
1549564296166,1010.2532
1549564296204,1010.2532
1549564296243,1010.2532
1549564296283,1010.2572
1549564296320,1010.2572
1549564296359,1010.2572
1549564296410,1010.2572
1549564296448,1010.2487
1549564296473,1010.2487
1549564296511,1010.2487
1549564296554,1010.2487
1549564296590,1010.2318
1549564296640,1010.2318
1549564296670,1010.2318
1549564296704,1010.2545
1549564296742,1010.2545
1549564296782,1010.2545
1549564296821,1010.2545
1549564296858,1010.2373
1549564296897,1010.2373
1549564296935,1010.2373
1549564296975,1010.2373
1549564297011,1010.2338
1549564297050,1010.2338
1549564297088,1010.2338
1549564297127,1010.2393
1549564297165,1010.2393
1549564297209,1010.2393
1549564297243,1010.2393
1549564297283,1010.2398
1549564297322,1010.2398
1549564297359,1010.2398
1549564297396,1010.2398
1549564297434,1010.2468
1549564297474,1010.2468
1549564297512,1010.2468
1549564297550,1010.2468
1549564297592,1010.23834
1549564297631,1010.23834
1549564297667,1010.23834
1549564297704,1010.2406
1549564297746,1010.2406
1549564297784,1010.2406
1549564297822,1010.2406
1549564297862,1010.2441
1549564297896,1010.2441
1549564297934,1010.2441
1549564297974,1010.2441
1549564298011,1010.2461
1549564298050,1010.2461
1549564298088,1010.2461
1549564298131,1010.2461
1549564298165,1010.2441
1549564298204,1010.2441
1549564298245,1010.2441
1549564298280,1010.25305
1549564298319,1010.25305
1549564298361,1010.25305
1549564298395,1010.25305
1549564298437,1010.2731
1549564298476,1010.2731
1549564298514,1010.2731
1549564298551,1010.2731
1549564298589,1010.27484
1549564298628,1010.27484
1549564298668,1010.27484
1549564298715,1010.2696
1549564298802,1010.2696
1549564298802,1010.2696
1549564298844,1010.2696
1549564298883,1010.2713
1549564298902,1010.2713
1549564298938,1010.2713
1549564298972,1010.2713
1549564299011,1010.2678
1549564299054,1010.2678
1549564299088,1010.2678
1549564299128,1010.2678
1549564299165,1010.26605
1549564299203,1010.26605
1549564299244,1010.26605
1549564299280,1010.25885
1549564299319,1010.25885
1549564299356,1010.25885
1549564299396,1010.25885
1549564299436,1010.28876
1549564299473,1010.28876
1549564299512,1010.28876
1549564299555,1010.28876
1549564299588,1010.3167
1549564299627,1010.3167
1549564299666,1010.3167
1549564299706,1010.3289
1549564299746,1010.3289
1549564299781,1010.3289
1549564299821,1010.3289
1549564299857,1010.3307
1549564299896,1010.3307
1549564299935,1010.3307
1549564299975,1010.3307
1549564300015,1010.28235
1549564300053,1010.28235
1549564300090,1010.28235
1549564300126,1010.28235
1549564300167,1010.23175
1549564300205,1010.23175
1549564300244,1010.23175
1549564300282,1010.2442
1549564300323,1010.2442
1549564300360,1010.2442
1549564300397,1010.2442
1549564300437,1010.2581
1549564300480,1010.2581
1549564300517,1010.2581
1549564300549,1010.2581
