1549563738475,1010.3373
1549563738476,1010.3373
1549563738494,1010.3373
1549563738532,1010.3373
1549563738571,1010.3381
1549563738609,1010.3381
1549563738650,1010.3381
1549563738689,1010.34564
1549563738725,1010.34564
1549563738766,1010.34564
1549563738804,1010.34564
1549563738841,1010.336
1549563738880,1010.336
1549563738920,1010.336
1549563738958,1010.336
1549563739001,1010.3153
1549563739036,1010.3153
1549563739073,1010.3153
1549563739112,1010.30194
1549563739148,1010.30194
1549563739191,1010.30194
1549563739225,1010.30194
1549563739264,1010.283
1549563739303,1010.283
1549563739350,1010.283
1549563739379,1010.283
1549563739419,1010.31146
1549563739460,1010.31146
1549563739496,1010.31146
1549563739535,1010.31146
1549563739574,1010.3239
1549563739611,1010.3239
1549563739658,1010.3239
1549563739692,1010.3384
1549563739727,1010.3384
1549563739764,1010.3384
1549563739802,1010.3384
1549563739841,1010.3508
1549563739880,1010.3508
1549563739919,1010.3508
1549563739956,1010.3508
1549563740000,1010.3549
1549563740036,1010.3549
1549563740071,1010.3549
1549563740110,1010.3549
1549563740149,1010.3549
1549563740187,1010.3549
1549563740228,1010.3549
1549563740264,1010.3621
1549563740372,1010.3621
1549563740373,1010.3621
1549563740437,1010.3621
1549563740437,1010.3699
1549563740482,1010.3699
1549563740494,1010.3699
1549563740538,1010.3699
1549563740570,1010.3704
1549563740614,1010.3704
1549563740656,1010.3704
1549563740687,1010.3794
1549563740738,1010.3794
1549563740763,1010.3794
1549563740806,1010.3794
1549563740841,1010.3759
1549563740881,1010.3759
1549563740920,1010.3759
1549563740955,1010.3759
1549563740999,1010.3765
1549563741038,1010.3765
1549563741071,1010.3765
1549563741111,1010.3765
1549563741148,1010.37994
1549563741187,1010.37994
1549563741226,1010.37994
1549563741264,1010.3837
1549563741304,1010.3837
1549563741340,1010.3837
1549563741380,1010.3837
1549563741421,1010.3872
1549563741456,1010.3872
1549563741497,1010.3872
1549563741532,1010.3872
1549563741576,1010.3843
1549563741610,1010.3843
1549563741648,1010.3843
1549563741687,1010.3845
1549563741727,1010.3845
1549563741762,1010.3845
1549563741801,1010.3845
1549563741842,1010.38104
1549563741879,1010.38104
1549563741919,1010.38104
1549563741958,1010.38104
1549563741996,1010.3863
1549563742038,1010.3863
1549563742078,1010.3863
1549563742109,1010.3863
1549563742148,1010.38336
1549563742186,1010.38336
1549563742226,1010.38336
1549563742262,1010.38855
1549563742302,1010.38855
1549563742364,1010.38855
1549563742420,1010.38855
1549563742420,1010.3888
1549563742454,1010.3888
1549563742496,1010.3888
1549563742533,1010.3888
1549563742570,1010.3853
1549563742611,1010.3853
1549563742654,1010.3853
1549563742689,1010.3871
1549563742724,1010.3871
1549563742763,1010.3871
1549563742800,1010.3871
1549563742839,1010.3888
1549563742879,1010.3888
1549563742917,1010.3888
1549563742957,1010.3888
1549563743000,1010.3929
1549563743032,1010.3929
1549563743072,1010.3929
1549563743110,1010.3929
1549563743149,1010.38934
1549563743187,1010.38934
1549563743225,1010.38934
1549563743262,1010.3896
1549563743304,1010.3896
1549563743340,1010.3896
1549563743378,1010.3896
1549563743416,1010.38495
1549563743456,1010.38495
1549563743495,1010.38495
1549563743535,1010.38495
1549563743572,1010.3887
1549563743612,1010.3887
1549563743648,1010.3887
1549563743686,1010.3887
1549563743739,1010.3875
1549563743763,1010.3875
1549563743801,1010.3875
1549563743841,1010.38403
1549563743879,1010.38403
1549563743919,1010.38403
1549563743955,1010.38403
1549563743994,1010.3773
1549563744033,1010.3773
1549563744071,1010.3773
1549563744111,1010.3773
1549563744149,1010.3798
1549563744187,1010.3798
1549563744228,1010.3798
1549563744262,1010.38043
1549563744301,1010.38043
1549563744340,1010.38043
1549563744445,1010.38043
1549563744446,1010.3792
1549563744514,1010.3792
1549563744514,1010.3792
1549563744637,1010.3792
1549563744637,1010.3818
1549563744638,1010.3818
1549563744663,1010.3818
1549563744686,1010.3818
1549563744726,1010.38434
1549563744764,1010.38434
1549563744801,1010.38434
1549563744840,1010.38513
1549563744884,1010.38513
1549563744926,1010.38513
1549563744958,1010.38513
1549563744997,1010.3842
1549563745031,1010.3842
1549563745076,1010.3842
1549563745110,1010.3842
1549563745147,1010.3798
1549563745187,1010.3798
1549563745223,1010.3798
1549563745261,1010.38007
1549563745300,1010.38007
1549563745339,1010.38007
1549563745379,1010.38007
1549563745417,1010.3831
1549563745456,1010.3831
1549563745497,1010.3831
1549563745532,1010.3831
1549563745571,1010.3869
1549563745609,1010.3869
1549563745651,1010.3869
1549563745686,1010.3869
1549563745733,1010.3935
1549563745763,1010.3935
1549563745800,1010.3935
1549563745840,1010.3885
1549563745880,1010.3885
1549563745916,1010.3885
1549563745955,1010.3885
1549563745996,1010.38934
1549563746034,1010.38934
1549563746069,1010.38934
1549563746108,1010.38934
1549563746147,1010.39014
1549563746189,1010.39014
1549563746224,1010.39014
1549563746267,1010.3837
1549563746301,1010.3837
1549563746341,1010.3837
1549563746418,1010.3837
1549563746419,1010.3735
1549563746467,1010.3735
1549563746492,1010.3735
1549563746532,1010.3735
1549563746571,1010.37604
1549563746616,1010.37604
1549563746648,1010.37604
1549563746685,1010.37604
1549563746727,1010.3751
1549563746766,1010.3751
1549563746801,1010.3751
1549563746858,1010.3757
1549563746880,1010.3757
1549563746926,1010.3757
1549563746956,1010.3757
1549563746992,1010.37994
1549563747034,1010.37994
1549563747071,1010.37994
1549563747111,1010.37994
1549563747147,1010.36975
1549563747187,1010.36975
1549563747227,1010.36975
1549563747266,1010.36975
1549563747302,1010.37054
1549563747338,1010.37054
1549563747378,1010.37054
1549563747416,1010.3714
1549563747461,1010.3714
1549563747495,1010.3714
1549563747531,1010.3714
1549563747571,1010.3702
1549563747610,1010.3702
1549563747647,1010.3702
1549563747685,1010.3702
1549563747725,1010.3745
1549563747768,1010.3745
1549563747801,1010.3745
1549563747839,1010.373
1549563747879,1010.373
1549563747918,1010.373
1549563747963,1010.373
1549563747996,1010.379
1549563748032,1010.379
1549563748077,1010.379
1549563748109,1010.379
1549563748147,1010.3781
1549563748185,1010.3781
1549563748225,1010.3781
1549563748264,1010.3781
1549563748301,1010.3734
1549563748342,1010.3734
1549563748380,1010.3734
1549563748425,1010.3742
1549563748454,1010.3742
1549563748494,1010.3742
1549563748534,1010.3742
1549563748572,1010.3797
1549563748614,1010.3797
1549563748647,1010.3797
1549563748686,1010.3797
1549563748724,1010.3875
1549563748762,1010.3875
1549563748800,1010.3875
1549563748839,1010.38306
1549563748879,1010.38306
1549563748916,1010.38306
1549563748956,1010.38306
1549563748993,1010.3836
1549563749032,1010.3836
1549563749070,1010.3836
1549563749109,1010.3836
1549563749145,1010.38214
1549563749185,1010.38214
1549563749223,1010.38214
1549563749262,1010.38214
1549563749302,1010.38794
1549563749339,1010.38794
1549563749378,1010.38794
1549563749417,1010.3864
1549563749454,1010.3864
1549563749494,1010.3864
1549563749532,1010.3864
1549563749569,1010.38727
1549563749609,1010.38727
1549563749649,1010.38727
1549563749687,1010.38727
1549563749724,1010.38574
1549563749769,1010.38574
1549563749804,1010.38574
1549563749839,1010.3935
1549563749877,1010.3935
1549563749915,1010.3935
1549563749956,1010.3935
1549563749994,1010.3871
1549563750033,1010.3871
1549563750071,1010.3871
1549563750107,1010.3871
1549563750150,1010.3871
1549563750185,1010.3871
1549563750224,1010.3871
1549563750264,1010.3871
1549563750298,1010.3891
1549563750339,1010.3891
1549563750385,1010.3891
1549563750417,1010.3879
1549563750455,1010.3879
1549563750493,1010.3879
1549563750532,1010.3879
1549563750569,1010.3847
1549563750613,1010.3847
1549563750646,1010.3847
1549563750686,1010.3847
1549563750724,1010.3818
1549563750762,1010.3818
1549563750801,1010.3818
1549563750840,1010.3818
1549563750877,1010.3768
1549563750916,1010.3768
1549563750954,1010.3768
1549563750995,1010.37384
1549563751031,1010.37384
1549563751069,1010.37384
1549563751109,1010.37384
1549563751148,1010.3706
1549563751186,1010.3706
1549563751226,1010.3706
1549563751267,1010.3706
1549563751299,1010.3723
1549563751340,1010.3723
1549563751378,1010.3723
1549563751415,1010.3836
1549563751454,1010.3836
1549563751494,1010.3836
1549563751532,1010.3836
1549563751569,1010.3853
1549563751608,1010.3853
1549563751649,1010.3853
1549563751705,1010.3853
1549563751724,1010.3824
1549563751770,1010.3824
1549563751799,1010.3824
1549563751837,1010.3824
1549563751877,1010.3754
1549563751917,1010.3754
1549563751964,1010.3754
1549563751993,1010.3757
1549563752032,1010.3757
1549563752072,1010.3757
1549563752112,1010.3757
1549563752149,1010.3722
1549563752183,1010.3722
1549563752222,1010.3722
1549563752265,1010.3722
1549563752299,1010.367
1549563752337,1010.367
1549563752376,1010.367
1549563752415,1010.36755
1549563752455,1010.36755
1549563752492,1010.36755
1549563752531,1010.36755
1549563752568,1010.3658
1549563752606,1010.3658
1549563752645,1010.3658
1549563752687,1010.3658
1549563752722,1010.3623
1549563752764,1010.3623
1549563752799,1010.3623
1549563752837,1010.3623
1549563752879,1010.3641
1549563752918,1010.3641
1549563752955,1010.3641
1549563752992,1010.36755
1549563753030,1010.36755
1549563753071,1010.36755
1549563753108,1010.36755
1549563753149,1010.37274
1549563753187,1010.37274
1549563753222,1010.37274
1549563753261,1010.37274
1549563753298,1010.36926
1549563753338,1010.36926
1549563753377,1010.36926
1549563753414,1010.3763
1549563753452,1010.3763
1549563753493,1010.3763
1549563753530,1010.3763
1549563753569,1010.37823
1549563753606,1010.37823
1549563753648,1010.37823
1549563753706,1010.37823
1549563753726,1010.38873
1549563753767,1010.38873
1549563753806,1010.38873
1549563753838,1010.38873
1549563753877,1010.38873
1549563753915,1010.38873
1549563753954,1010.38873
1549563753992,1010.38873
1549563754030,1010.38873
1549563754070,1010.38873
1549563754107,1010.38873
1549563754147,1010.3858
1549563754185,1010.3858
1549563754223,1010.3858
1549563754262,1010.3858
1549563754300,1010.391
1549563754338,1010.391
1549563754380,1010.391
1549563754417,1010.391
1549563754454,1010.37994
1549563754491,1010.37994
1549563754536,1010.37994
1549563754568,1010.37476
1549563754606,1010.37476
1549563754646,1010.37476
1549563754683,1010.37476
1549563754726,1010.37994
1549563754760,1010.37994
1549563754811,1010.37994
1549563754837,1010.37994
1549563754875,1010.3835
1549563754916,1010.3835
1549563754956,1010.3835
1549563754991,1010.3852
1549563755029,1010.3852
1549563755068,1010.3852
1549563755109,1010.3852
1549563755147,1010.3852
1549563755184,1010.3852
1549563755221,1010.3852
1549563755260,1010.3852
1549563755301,1010.3763
1549563755339,1010.3763
1549563755379,1010.3763
1549563755417,1010.3763
1549563755453,1010.37103
1549563755492,1010.37103
1549563755529,1010.37103
1549563755568,1010.37274
1549563755606,1010.37274
1549563755646,1010.37274
1549563755683,1010.37274
1549563755723,1010.378
1549563755760,1010.378
1549563755800,1010.378
1549563755836,1010.378
1549563755876,1010.3763
1549563755924,1010.3763
1549563755954,1010.3763
1549563755992,1010.3722
1549563756030,1010.3722
1549563756068,1010.3722
1549563756111,1010.3722
1549563756144,1010.37103
1549563756183,1010.37103
1549563756223,1010.37103
1549563756262,1010.37103
1549563756302,1010.3687
1549563756338,1010.3687
1549563756376,1010.3687
1549563756415,1010.3687
1549563756455,1010.3565
1549563756491,1010.3565
1549563756530,1010.3565
1549563756596,1010.3565
1549563756611,1010.3565
1549563756646,1010.3565
1549563756684,1010.3565
1549563756722,1010.34235
1549563756760,1010.34235
1549563756814,1010.34235
1549563756839,1010.34235
1549563756878,1010.34753
1549563756912,1010.34753
1549563756952,1010.34753
1549563756991,1010.35455
1549563757031,1010.35455
1549563757068,1010.35455
1549563757105,1010.35455
1549563757147,1010.35455
1549563757184,1010.35455
1549563757222,1010.35455
1549563757260,1010.35455
1549563757300,1010.35803
1549563757337,1010.35803
1549563757376,1010.35803
1549563757417,1010.35803
1549563757454,1010.3557
1549563757492,1010.3557
1549563757531,1010.3557
1549563757572,1010.3557
1549563757605,1010.3557
1549563757646,1010.3557
1549563757683,1010.3557
1549563757720,1010.352
1549563757765,1010.352
1549563757800,1010.352
1549563757836,1010.352
1549563757876,1010.35626
1549563757915,1010.35626
1549563757953,1010.35626
1549563757990,1010.35626
1549563758030,1010.3615
1549563758072,1010.3615
1549563758108,1010.3615
1549563758145,1010.36176
1549563758182,1010.36176
1549563758230,1010.36176
1549563758260,1010.36176
1549563758324,1010.36523
1549563758336,1010.36523
1549563758375,1010.36523
1549563758414,1010.36523
1549563758452,1010.35126
1549563758494,1010.35126
1549563758535,1010.35126
1549563758568,1010.33905
1549563758605,1010.33905
1549563758644,1010.33905
1549563758684,1010.33905
1549563758722,1010.33966
1549563758761,1010.33966
1549563758810,1010.33966
1549563758836,1010.33966
1549563758877,1010.3327
1549563758914,1010.3327
1549563758954,1010.3327
1549563758991,1010.3327
1549563759033,1010.3344
1549563759068,1010.3344
1549563759106,1010.3344
1549563759145,1010.3434
1549563759183,1010.3434
1549563759221,1010.3434
1549563759260,1010.3434
1549563759300,1010.3294
1549563759335,1010.3294
1549563759375,1010.3294
1549563759413,1010.3294
1549563759454,1010.33295
1549563759491,1010.33295
1549563759533,1010.33295
1549563759567,1010.3312
1549563759605,1010.3312
1549563759643,1010.3312
1549563759682,1010.3312
1549563759727,1010.3294
1549563759762,1010.3294
1549563759805,1010.3294
1549563759834,1010.3294
1549563759875,1010.3242
1549563759913,1010.3242
1549563759951,1010.3242
1549563759991,1010.3242
1549563760031,1010.3222
1549563760069,1010.3222
1549563760105,1010.3222
1549563760145,1010.3112
1549563760183,1010.3112
1549563760221,1010.3112
1549563760261,1010.3112
1549563760305,1010.30225
1549563760335,1010.30225
1549563760374,1010.30225
1549563760418,1010.30225
1549563760451,1010.3005
1549563760492,1010.3005
1549563760531,1010.3005
1549563760567,1010.3005
1549563760606,1010.283
1549563760645,1010.283
1549563760682,1010.283
1549563760719,1010.28503
1549563760760,1010.28503
1549563760803,1010.28503
1549563760835,1010.28503
1549563760876,1010.28503
1549563760912,1010.28503
1549563760952,1010.28503
1549563760989,1010.28503
1549563761030,1010.28156
1549563761068,1010.28156
1549563761106,1010.28156
1549563761144,1010.2781
1549563761183,1010.2781
1549563761221,1010.2781
1549563761260,1010.2781
1549563761298,1010.27167
1549563761336,1010.27167
1549563761374,1010.27167
1549563761412,1010.27167
1549563761452,1010.27167
1549563761491,1010.27167
1549563761530,1010.27167
1549563761567,1010.27167
1549563761606,1010.27167
1549563761651,1010.27167
1549563761682,1010.27167
1549563761720,1010.25946
1549563761759,1010.25946
1549563761800,1010.25946
1549563761836,1010.25946
1549563761874,1010.26495
1549563761915,1010.26495
1549563761953,1010.26495
1549563761990,1010.26495
1549563762029,1010.25946
1549563762066,1010.25946
1549563762107,1010.25946
1549563762145,1010.27795
1549563762183,1010.27795
1549563762222,1010.27795
1549563762275,1010.27795
1549563762305,1010.2857
1549563762337,1010.2857
1549563762376,1010.2857
1549563762413,1010.2857
1549563762451,1010.2828
1549563762490,1010.2828
1549563762529,1010.2828
1549563762568,1010.2828
1549563762605,1010.2848
1549563762646,1010.2848
1549563762684,1010.2848
1549563762720,1010.28656
1549563762759,1010.28656
1549563762811,1010.28656
1549563762835,1010.28656
1549563762873,1010.2923
1549563762915,1010.2923
1549563762953,1010.2923
1549563762990,1010.2923
1549563763028,1010.29254
1549563763067,1010.29254
1549563763106,1010.29254
1549563763146,1010.2873
1549563763183,1010.2873
1549563763220,1010.2873
1549563763259,1010.2873
1549563763297,1010.2839
1549563763335,1010.2839
1549563763374,1010.2839
1549563763413,1010.2839
1549563763454,1010.28613
1549563763489,1010.28613
1549563763529,1010.28613
1549563763566,1010.28613
1549563763605,1010.2879
1549563763644,1010.2879
1549563763684,1010.2879
1549563763723,1010.2896
1549563763757,1010.2896
1549563763797,1010.2896
1549563763838,1010.2896
1549563763874,1010.2821
1549563763911,1010.2821
1549563763950,1010.2821
1549563763989,1010.2821
1549563764029,1010.28033
1549563764066,1010.28033
1549563764106,1010.28033
1549563764144,1010.27686
1549563764182,1010.28094
1549563764220,1010.28094
1549563764260,1010.28094
1549563764298,1010.28436
1549563764351,1010.28436
1549563764378,1010.28436
1549563764413,1010.28436
1549563764450,1010.2914
1549563764489,1010.2914
1549563764527,1010.2914
1549563764567,1010.2914
1549563764605,1010.2879
1549563764643,1010.2879
1549563764683,1010.2879
1549563764721,1010.29486
1549563764758,1010.29486
1549563764799,1010.29486
1549563764843,1010.29486
1549563764872,1010.2839
1549563764913,1010.2839
1549563764951,1010.2839
1549563764990,1010.2839
1549563765029,1010.28613
1549563765068,1010.28613
1549563765105,1010.28613
1549563765143,1010.28613
1549563765202,1010.28033
1549563765219,1010.28033
1549563765259,1010.28033
1549563765298,1010.2786
1549563765346,1010.2786
1549563765381,1010.2786
1549563765411,1010.2786
1549563765451,1010.27686
1549563765489,1010.27686
1549563765528,1010.27686
1549563765565,1010.27686
1549563765605,1010.2734
1549563765646,1010.2734
1549563765681,1010.2734
1549563765721,1010.26965
1549563765758,1010.26965
1549563765797,1010.26965
1549563765835,1010.26965
1549563765873,1010.27484
1549563765913,1010.27484
1549563765950,1010.27484
1549563765992,1010.27484
1549563766026,1010.2906
1549563766067,1010.2906
1549563766104,1010.2906
1549563766145,1010.2906
1549563766181,1010.28705
1549563766218,1010.28705
1549563766256,1010.28705
1549563766307,1010.283
1549563766344,1010.283
1549563766374,1010.283
1549563766411,1010.283
1549563766449,1010.2828
1549563766489,1010.2828
1549563766527,1010.2828
1549563766565,1010.2828
1549563766605,1010.28455
1549563766645,1010.28455
1549563766682,1010.28455
1549563766719,1010.28625
1549563766769,1010.28625
1549563766801,1010.28625
1549563766846,1010.28625
1549563766873,1010.28107
1549563766913,1010.28107
1549563766949,1010.28107
1549563766989,1010.28107
1549563767034,1010.28107
1549563767066,1010.28107
1549563767114,1010.28107
1549563767143,1010.28107
1549563767183,1010.2775
1549563767221,1010.2775
1549563767258,1010.2775
1549563767296,1010.2775
1549563767334,1010.2775
1549563767372,1010.2775
1549563767411,1010.2775
1549563767452,1010.27875
1549563767491,1010.27875
1549563767528,1010.27875
1549563767567,1010.27875
1549563767611,1010.27527
1549563767641,1010.27527
1549563767682,1010.27527
1549563767720,1010.27527
1549563767760,1010.28046
1549563767796,1010.28046
1549563767836,1010.28046
1549563767873,1010.28046
1549563767913,1010.28046
1549563767952,1010.28046
1549563768011,1010.28046
1549563768026,1010.27875
1549563768065,1010.27875
1549563768105,1010.27875
1549563768142,1010.27875
1549563768185,1010.284
1549563768218,1010.284
1549563768257,1010.284
1549563768298,1010.284
1549563768342,1010.284
1549563768371,1010.284
1549563768411,1010.284
1549563768449,1010.2875
1549563768488,1010.2875
1549563768527,1010.2875
1549563768566,1010.2875
1549563768605,1010.2962
1549563768643,1010.2962
1549563768680,1010.2962
1549563768720,1010.2962
1549563768760,1010.2892
1549563768796,1010.2892
1549563768835,1010.2892
1549563768872,1010.29443
1549563768912,1010.29443
1549563768951,1010.29443
1549563768991,1010.29443
1549563769031,1010.2942
1549563769066,1010.2942
1549563769105,1010.2942
1549563769144,1010.2942
1549563769181,1010.29767
1549563769219,1010.29767
1549563769257,1010.29767
1549563769296,1010.30316
1549563769337,1010.30316
1549563769375,1010.30316
1549563769410,1010.30316
1549563769450,1010.29095
1549563769489,1010.29095
1549563769527,1010.29095
1549563769564,1010.29095
1549563769604,1010.2892
1549563769641,1010.2892
1549563769680,1010.2892
1549563769719,1010.2892
1549563769758,1010.2822
1549563769797,1010.2822
1549563769836,1010.2822
1549563769872,1010.27875
1549563769911,1010.27875
1549563769956,1010.27875
1549563769988,1010.27875
1549563770027,1010.2793
1549563770064,1010.2793
1549563770103,1010.2793
1549563770144,1010.2793
1549563770181,1010.2741
1549563770219,1010.2741
1549563770260,1010.2741
1549563770296,1010.2741
1549563770339,1010.2708
1549563770372,1010.2708
1549563770410,1010.2708
1549563770449,1010.27313
1549563770488,1010.27313
1549563770527,1010.27313
1549563770566,1010.27313
1549563770604,1010.2644
1549563770640,1010.2644
1549563770681,1010.2644
1549563770718,1010.2644
1549563770756,1010.2644
1549563770797,1010.2644
1549563770835,1010.2644
1549563770874,1010.2664
1549563770911,1010.2664
1549563770949,1010.2664
1549563770988,1010.2664
1549563771026,1010.26294
1549563771064,1010.26294
1549563771103,1010.26294
1549563771147,1010.26294
1549563771179,1010.2652
1549563771219,1010.2652
1549563771257,1010.2652
1549563771296,1010.2652
1549563771335,1010.2742
1549563771371,1010.2742
1549563771413,1010.2742
1549563771450,1010.2672
1549563771490,1010.2672
1549563771525,1010.2672
1549563771565,1010.2672
1549563771602,1010.26776
1549563771641,1010.26776
1549563771681,1010.26776
1549563771718,1010.26776
1549563771756,1010.26276
1549563771795,1010.26276
1549563771835,1010.26276
1549563771871,1010.2703
1549563771910,1010.2703
1549563771949,1010.2703
1549563771987,1010.2703
1549563772026,1010.2758
1549563772068,1010.2758
1549563772103,1010.2758
1549563772142,1010.2758
1549563772179,1010.281
1549563772217,1010.281
1549563772260,1010.281
1549563772296,1010.281
1549563772338,1010.281
1549563772374,1010.281
1549563772411,1010.281
1549563772448,1010.2851
1549563772489,1010.2851
1549563772528,1010.2851
1549563772569,1010.2851
1549563772602,1010.2818
1549563772650,1010.2818
1549563772680,1010.2818
1549563772719,1010.2818
1549563772758,1010.2783
1549563772797,1010.2783
1549563772840,1010.2783
1549563772870,1010.2783
1549563772913,1010.2783
1549563772949,1010.2783
1549563772988,1010.2783
1549563773025,1010.2824
1549563773067,1010.2824
1549563773102,1010.2824
1549563773141,1010.2824
1549563773180,1010.27716
1549563773219,1010.27716
1549563773257,1010.27716
1549563773296,1010.27716
1549563773335,1010.2774
1549563773371,1010.2774
1549563773410,1010.2774
1549563773449,1010.2719
1549563773490,1010.2719
1549563773527,1010.2719
1549563773565,1010.2719
1549563773604,1010.27716
1549563773642,1010.27716
1549563773683,1010.27716
1549563773717,1010.27716
1549563773757,1010.2774
1549563773794,1010.2774
1549563773834,1010.2774
1549563773874,1010.2774
1549563773911,1010.2774
1549563773987,1010.2774
1549563773988,1010.2774
1549563774029,1010.2797
1549563774066,1010.2797
1549563774103,1010.2797
1549563774140,1010.2797
1549563774180,1010.28143
1549563774218,1010.28143
1549563774255,1010.28143
1549563774295,1010.28143
1549563774334,1010.27795
1549563774378,1010.27795
1549563774411,1010.27795
1549563774450,1010.27795
1549563774488,1010.27795
1549563774527,1010.27795
1549563774562,1010.27795
1549563774602,1010.2762
1549563774643,1010.2762
1549563774682,1010.2762
1549563774721,1010.2762
1549563774756,1010.2797
1549563774796,1010.2797
1549563774834,1010.2797
1549563774874,1010.2797
1549563774909,1010.27216
1549563774948,1010.27216
1549563774988,1010.27216
1549563775025,1010.2687
1549563775065,1010.2687
1549563775107,1010.2687
1549563775140,1010.2687
1549563775178,1010.2762
1549563775221,1010.2762
1549563775258,1010.2762
1549563775295,1010.2762
1549563775341,1010.27045
1549563775374,1010.27045
1549563775410,1010.27045
1549563775451,1010.2745
1549563775487,1010.2745
1549563775526,1010.2745
1549563775565,1010.2745
1549563775602,1010.27795
1549563775643,1010.27795
1549563775680,1010.27795
1549563775719,1010.27795
1549563775761,1010.27997
1549563775795,1010.27997
1549563775833,1010.27997
1549563775873,1010.27997
1549563775909,1010.28143
1549563775950,1010.28143
1549563775986,1010.28143
1549563776026,1010.2884
1549563776064,1010.2884
1549563776104,1010.2884
1549563776140,1010.2884
1549563776179,1010.2832
1549563776217,1010.2832
1549563776255,1010.2832
1549563776296,1010.2832
1549563776335,1010.2791
1549563776371,1010.2791
1549563776410,1010.2791
1549563776448,1010.2791
1549563776487,1010.2791
1549563776526,1010.2791
1549563776564,1010.2791
1549563776602,1010.2789
1549563776642,1010.2789
1549563776680,1010.2789
1549563776717,1010.2789
1549563776756,1010.2789
1549563776795,1010.2789
1549563776832,1010.2789
1549563776870,1010.2789
1549563776909,1010.28064
1549563776949,1010.28064
1549563776994,1010.28064
1549563777029,1010.27716
1549563777061,1010.27716
1549563777100,1010.27716
1549563777139,1010.27716
1549563777180,1010.2766
1549563777219,1010.2766
1549563777267,1010.2766
1549563777293,1010.2766
1549563777333,1010.2801
1549563777371,1010.2801
1549563777409,1010.2801
1549563777523,1010.2801
1549563777523,1010.2766
1549563777524,1010.2766
1549563777573,1010.2766
1549563777601,1010.27484
1549563777698,1010.27484
1549563777698,1010.27484
1549563777731,1010.27484
1549563777755,1010.27136
1549563778079,1010.27136
1549563778082,1010.27136
1549563778083,1010.27136
1549563778085,1010.26587
1549563778085,1010.26587
1549563778087,1010.26587
1549563778089,1010.27637
1549563778093,1010.27637
1549563778349,1010.27637
1549563778350,1010.27637
1549563778350,1010.2758
1549563778350,1010.2758
1549563778350,1010.2758
1549563778350,1010.2758
1549563778350,1010.2758
1549563778407,1010.2758
1549563778407,1010.2758
1549563778447,1010.2758
1549563778487,1010.26855
1549563778522,1010.26855
1549563778561,1010.26855
1549563778599,1010.2773
1549563778638,1010.2773
1549563778677,1010.2773
1549563778718,1010.2773
1549563778753,1010.27905
1549563778791,1010.27905
1549563778829,1010.27905
1549563778871,1010.27905
1549563778907,1010.28253
1549563778945,1010.28253
1549563778992,1010.28253
1549563779023,1010.28253
1549563779061,1010.27496
1549563779100,1010.27496
1549563779138,1010.27496
1549563779178,1010.28076
1549563779215,1010.28076
1549563779257,1010.28076
1549563779293,1010.28076
1549563779331,1010.286
1549563779368,1010.286
1549563779409,1010.286
1549563779447,1010.286
1549563779496,1010.29474
1549563779527,1010.29474
1549563779562,1010.29474
1549563779602,1010.29474
1549563779640,1010.29474
1549563779678,1010.29474
1549563779715,1010.29474
1549563779755,1010.29645
1549563779797,1010.29645
1549563779833,1010.29645
1549563779869,1010.29645
1549563779909,1010.2941
1549563779948,1010.2941
1549563779985,1010.2941
1549563780024,1010.2941
1549563780062,1010.28894
1549563780102,1010.28894
1549563780138,1010.28894
1549563780179,1010.28894
1549563780218,1010.28894
1549563780254,1010.28894
1549563780294,1010.28894
1549563780358,1010.2924
1549563780368,1010.2924
1549563780408,1010.2924
1549563780449,1010.2924
1549563780488,1010.2907
1549563780524,1010.2907
1549563780564,1010.2907
1549563780606,1010.29297
1549563780639,1010.29297
1549563780678,1010.29297
1549563780717,1010.29297
1549563780755,1010.2912
1549563780793,1010.2912
1549563780844,1010.2912
1549563780870,1010.2912
1549563780909,1010.29474
1549563780947,1010.29474
1549563780986,1010.29474
1549563781025,1010.29474
1549563781061,1010.3054
1549563781101,1010.3054
1549563781141,1010.3054
1549563781178,1010.31067
1549563781217,1010.31067
1549563781284,1010.31067
1549563781294,1010.31067
1549563781332,1010.31647
1549563781373,1010.31647
1549563781411,1010.31647
1549563781447,1010.31647
1549563781484,1010.3095
1549563781524,1010.3095
1549563781568,1010.3095
1549563781600,1010.30426
1549563781639,1010.30426
1549563781677,1010.30426
1549563781718,1010.30426
1549563781756,1010.3025
1549563781795,1010.3025
1549563781831,1010.3025
1549563781870,1010.3025
1549563781908,1010.3045
1549563781952,1010.3045
1549563781985,1010.3045
1549563782029,1010.3045
1549563782072,1010.31573
1549563782127,1010.31573
1549563782207,1010.31573
1549563782207,1010.3105
1549563782216,1010.3105
1549563782257,1010.3105
1549563782291,1010.3105
1549563782330,1010.30707
1549563782367,1010.30707
1549563782408,1010.30707
1549563782445,1010.30707
1549563782484,1010.30707
1549563782524,1010.30707
1549563782588,1010.30707
1549563782598,1010.30707
1549563782638,1010.31635
1549563782679,1010.31635
1549563782747,1010.31635
1549563782753,1010.3128
1549563782793,1010.3128
1549563782831,1010.3128
1549563782873,1010.3128
1549563782909,1010.30786
1549563782948,1010.30786
1549563782986,1010.30786
1549563783027,1010.30786
1549563783062,1010.30493
1549563783105,1010.30493
1549563783138,1010.30493
1549563783177,1010.3057
1549563783215,1010.3057
1549563783254,1010.3057
1549563783292,1010.3057
1549563783330,1010.3199
1549563783368,1010.3199
1549563783406,1010.3199
1549563783445,1010.3199
1549563783484,1010.3205
1549563783522,1010.3205
1549563783562,1010.3205
1549563783599,1010.3205
1549563783640,1010.326
1549563783677,1010.326
1549563783717,1010.326
1549563783754,1010.3172
1549563783791,1010.3172
1549563783831,1010.3172
1549563783869,1010.3172
1549563783908,1010.32477
1549563783949,1010.32477
1549563783983,1010.32477
1549563784022,1010.32477
1549563784061,1010.325
1549563784100,1010.325
1549563784139,1010.325
1549563784176,1010.32874
1549563784234,1010.32874
1549563784253,1010.32874
1549563784293,1010.32874
1549563784360,1010.3305
1549563784369,1010.3305
1549563784409,1010.3305
1549563784448,1010.3305
1549563784485,1010.32697
1549563784524,1010.32697
1549563784563,1010.32697
1549563784615,1010.32697
1549563784638,1010.32526
1549563784676,1010.32526
1549563784714,1010.32526
1549563784755,1010.32355
1549563784800,1010.32355
1549563784834,1010.32355
1549563784870,1010.32355
1549563784912,1010.33105
1549563784946,1010.33105
1549563784986,1010.33105
1549563785024,1010.33105
1549563785061,1010.3293
1549563785116,1010.3293
1549563785140,1010.3293
1549563785177,1010.3293
1549563785216,1010.33624
1549563785260,1010.33624
1549563785296,1010.33624
1549563785330,1010.3398
1549563785369,1010.3398
1549563785407,1010.3398
1549563785447,1010.3398
1549563785486,1010.33453
1549563785524,1010.33453
1549563785560,1010.33453
1549563785601,1010.33453
1549563785639,1010.33276
1549563785678,1010.33276
1549563785716,1010.33276
1549563785755,1010.33307
1549563785792,1010.33307
1549563785830,1010.33307
1549563785868,1010.33307
1549563785908,1010.3348
1549563785947,1010.3348
1549563785985,1010.3348
1549563786025,1010.3348
1549563786061,1010.34
1549563786100,1010.34
1549563786139,1010.34
1549563786178,1010.34
1549563786216,1010.34406
1549563786280,1010.34406
1549563786291,1010.34406
1549563786330,1010.3478
1549563786369,1010.3478
1549563786409,1010.3478
1549563786444,1010.3478
1549563786484,1010.346
1549563786524,1010.346
1549563786562,1010.346
1549563786601,1010.346
1549563786638,1010.3466
1549563786680,1010.3466
1549563786720,1010.3466
1549563786757,1010.3434
1549563786792,1010.3434
1549563786830,1010.3434
1549563786872,1010.3434
1549563786911,1010.3399
1549563786947,1010.3399
1549563786985,1010.3399
1549563787023,1010.3399
1549563787061,1010.3387
1549563787100,1010.3387
1549563787139,1010.3387
1549563787177,1010.3387
1549563787215,1010.3389
1549563787255,1010.3389
1549563787293,1010.3389
1549563787357,1010.34296
1549563787372,1010.34296
1549563787407,1010.34296
1549563787445,1010.34296
1549563787485,1010.3415
1549563787522,1010.3415
1549563787560,1010.3415
1549563787601,1010.3415
1549563787643,1010.336
1549563787676,1010.336
1549563787714,1010.336
1549563787753,1010.336
1549563787791,1010.3432
1549563787829,1010.3432
1549563787869,1010.3432
1549563787910,1010.3415
1549563787949,1010.3415
1549563787982,1010.3415
1549563788023,1010.3415
1549563788060,1010.3368
1549563788098,1010.3368
1549563788139,1010.3368
1549563788176,1010.3368
1549563788215,1010.3368
1549563788254,1010.3368
1549563788293,1010.3368
1549563788331,1010.3351
1549563788369,1010.3351
1549563788420,1010.3351
1549563788446,1010.3351
1549563788484,1010.33185
1549563788524,1010.33185
1549563788561,1010.33185
1549563788601,1010.33185
1549563788638,1010.3353
1549563788677,1010.3353
1549563788716,1010.3353
1549563788755,1010.3353
1549563788794,1010.3353
1549563788831,1010.3353
1549563788871,1010.3353
1549563788907,1010.3359
1549563788948,1010.3359
1549563788986,1010.3359
1549563789025,1010.3359
1549563789059,1010.3405
1549563789099,1010.3405
1549563789137,1010.3405
1549563789177,1010.3405
1549563789214,1010.3423
1549563789254,1010.3423
1549563789292,1010.3423
1549563789340,1010.3498
1549563789371,1010.3498
1549563789405,1010.3498
1549563789449,1010.3498
1549563789485,1010.3481
1549563789521,1010.3481
1549563789561,1010.3481
1549563789601,1010.3481
1549563789637,1010.3463
1549563789676,1010.3463
1549563789714,1010.3463
1549563789754,1010.3463
1549563789791,1010.3568
1549563789831,1010.3568
1549563789869,1010.3568
1549563789907,1010.35156
1549563789946,1010.35156
1549563789984,1010.35156
1549563790022,1010.35156
1549563790062,1010.35504
1549563790100,1010.35504
1549563790138,1010.35504
1549563790178,1010.35504
1549563790236,1010.35156
1549563790254,1010.35156
1549563790291,1010.35156
1549563790329,1010.35156
1549563790370,1010.3498
1549563790420,1010.3498
1549563790444,1010.3498
1549563790484,1010.3481
1549563790521,1010.3481
1549563790564,1010.3481
1549563790598,1010.3481
1549563790636,1010.3481
1549563790674,1010.3481
1549563790713,1010.3481
1549563790751,1010.3481
1549563790791,1010.3463
1549563790830,1010.3463
1549563790869,1010.3463
1549563790906,1010.3446
1549563790948,1010.3446
1549563790986,1010.3446
1549563791021,1010.3446
1549563791078,1010.34656
1549563791102,1010.34656
1549563791140,1010.34656
1549563791176,1010.34656
1549563791215,1010.3411
1549563791251,1010.3411
1549563791290,1010.3411
1549563791329,1010.3411
1549563791369,1010.33704
1549563791406,1010.33704
1549563791445,1010.33704
1549563791483,1010.3388
1549563791522,1010.3388
1549563791599,1010.3388
1549563791600,1010.3388
1549563791638,1010.3341
1549563791677,1010.3341
1549563791713,1010.3341
1549563791760,1010.3341
1549563791790,1010.3396
1549563791829,1010.3396
1549563791867,1010.3396
1549563791905,1010.3361
1549563791944,1010.3361
1549563791984,1010.3361
1549563792021,1010.3361
1549563792060,1010.3361
1549563792101,1010.3361
1549563792138,1010.3361
1549563792180,1010.3361
1549563792213,1010.3396
1549563792253,1010.3396
1549563792295,1010.3396
1549563792328,1010.3396
1549563792370,1010.3489
1549563792406,1010.3489
1549563792447,1010.3489
1549563792488,1010.3436
1549563792522,1010.3436
1549563792559,1010.3436
1549563792604,1010.3436
1549563792639,1010.3454
1549563792677,1010.3454
1549563792713,1010.3454
1549563792756,1010.3454
1549563792790,1010.3549
1549563792830,1010.3549
1549563792867,1010.3549
1549563792907,1010.3549
1549563792944,1010.3604
1549563792984,1010.3604
1549563793021,1010.3604
1549563793060,1010.3604
1549563793098,1010.3604
1549563793137,1010.3604
1549563793174,1010.3604
1549563793214,1010.35944
1549563793251,1010.35944
1549563793289,1010.35944
1549563793330,1010.35944
1549563793368,1010.36
1549563793405,1010.36
1549563793445,1010.36
1549563793484,1010.3637
1549563793523,1010.3637
1549563793560,1010.3637
1549563793598,1010.3637
1549563793637,1010.3655
1549563793674,1010.3655
1549563793713,1010.3655
1549563793751,1010.3655
1549563793791,1010.35675
1549563793830,1010.35675
1549563793867,1010.35675
1549563793905,1010.35675
1549563793944,1010.3573
1549563793983,1010.3573
1549563794022,1010.3573
1549563794058,1010.3593
1549563794098,1010.3593
1549563794137,1010.3593
1549563794176,1010.3593
1549563794213,1010.3546
1549563794251,1010.3546
1549563794292,1010.3546
1549563794328,1010.3546
1549563794393,1010.3494
1549563794417,1010.3494
1549563794444,1010.3494
1549563794482,1010.35315
1549563794520,1010.35315
1549563794564,1010.35315
1549563794599,1010.35315
1549563794636,1010.3461
1549563794675,1010.3461
1549563794711,1010.3461
1549563794752,1010.3461
1549563794811,1010.3497
1549563794837,1010.3497
1549563794867,1010.3497
1549563794905,1010.3497
1549563794942,1010.3479
1549563794983,1010.3479
1549563795020,1010.3479
1549563795057,1010.3537
1549563795099,1010.3537
1549563795138,1010.3537
1549563795188,1010.3537
1549563795211,1010.3574
1549563795252,1010.3574
1549563795290,1010.3574
1549563795331,1010.3574
1549563795369,1010.3452
1549563795406,1010.3452
1549563795443,1010.3452
1549563795482,1010.3365
1549563795521,1010.3365
1549563795560,1010.3365
1549563795597,1010.3365
1549563795636,1010.3278
1549563795673,1010.3278
1549563795712,1010.3278
1549563795752,1010.3278
1549563795800,1010.33356
1549563795829,1010.33356
1549563795868,1010.33356
1549563795910,1010.33356
1549563795944,1010.3321
1549563795983,1010.3321
1549563796021,1010.3321
1549563796060,1010.32513
1549563796096,1010.32513
1549563796137,1010.32513
1549563796176,1010.32513
1549563796212,1010.32513
1549563796250,1010.32513
1549563796288,1010.32513
1549563796332,1010.32513
1549563796365,1010.3286
1549563796404,1010.3286
1549563796441,1010.3286
1549563796480,1010.3286
1549563796520,1010.3361
1549563796559,1010.3361
1549563796597,1010.3361
1549563796637,1010.3344
1549563796675,1010.3344
1549563796714,1010.3344
1549563796757,1010.3344
1549563796790,1010.3378
1549563796828,1010.3378
1549563796866,1010.3378
1549563796905,1010.3378
1549563796946,1010.33734
1549563796982,1010.33734
1549563797021,1010.33734
1549563797058,1010.3443
1549563797098,1010.3443
1549563797135,1010.3443
1549563797175,1010.3443
1549563797215,1010.3371
1549563797252,1010.3371
1549563797299,1010.3371
1549563797328,1010.3371
1549563797365,1010.3371
1549563797405,1010.3371
1549563797444,1010.3371
1549563797481,1010.3371
1549563797522,1010.34406
1549563797558,1010.34406
1549563797597,1010.34406
1549563797636,1010.34406
1549563797674,1010.34406
1549563797712,1010.34406
1549563797751,1010.34406
1549563797789,1010.3452
1549563797828,1010.3452
1549563797866,1010.3452
1549563797906,1010.3452
1549563797945,1010.35394
1549563797982,1010.35394
1549563798020,1010.35394
1549563798059,1010.35895
1549563798097,1010.35895
1549563798136,1010.35895
1549563798173,1010.35895
1549563798213,1010.3549
1549563798251,1010.3549
1549563798289,1010.3549
1549563798340,1010.3549
1549563798365,1010.3572
1549563798406,1010.3572
1549563798444,1010.3572
1549563798484,1010.3572
1549563798521,1010.3566
1549563798560,1010.3566
1549563798598,1010.3566
1549563798636,1010.35895
1549563798680,1010.35895
1549563798713,1010.35895
1549563798750,1010.35895
1549563798789,1010.3514
1549563798829,1010.3514
1549563798865,1010.3514
1549563798904,1010.3514
1549563798946,1010.3514
1549563798981,1010.3514
1549563799019,1010.3514
1549563799058,1010.3514
1549563799097,1010.3546
1549563799141,1010.3546
1549563799174,1010.3546
1549563799216,1010.35986
1549563799255,1010.35986
1549563799289,1010.35986
1549563799330,1010.35986
1549563799365,1010.3471
1549563799411,1010.3471
1549563799442,1010.3471
1549563799480,1010.3471
1549563799520,1010.3488
1549563799558,1010.3488
1549563799598,1010.3488
1549563799635,1010.35236
1549563799673,1010.35236
1549563799711,1010.35236
1549563799751,1010.35236
1549563799810,1010.3451
1549563799827,1010.3451
1549563799865,1010.3451
1549563799906,1010.3451
1549563799942,1010.3486
1549563799980,1010.3486
1549563800020,1010.3486
1549563800057,1010.3486
1549563800106,1010.34686
1549563800136,1010.34686
1549563800173,1010.34686
1549563800211,1010.3463
1549563800249,1010.3463
1549563800288,1010.3463
1549563800326,1010.3463
1549563800365,1010.3463
1549563800405,1010.3463
1549563800443,1010.3463
1549563800484,1010.3463
1549563800524,1010.3498
1549563800563,1010.3498
1549563800596,1010.3498
1549563800634,1010.3443
1549563800675,1010.3443
1549563800711,1010.3443
1549563800753,1010.3443
1549563800800,1010.34375
1549563800827,1010.34375
1549563800866,1010.34375
1549563800905,1010.34375
1549563800943,1010.34375
1549563800981,1010.34375
1549563801018,1010.34375
1549563801058,1010.34375
1549563801096,1010.3383
1549563801147,1010.3383
1549563801174,1010.3383
1549563801211,1010.33307
1549563801250,1010.33307
1549563801308,1010.33307
1549563801325,1010.33307
1549563801365,1010.33655
1549563801406,1010.33655
1549563801442,1010.33655
1549563801479,1010.33655
1549563801525,1010.33246
1549563801560,1010.33246
1549563801597,1010.33246
1549563801634,1010.33246
1549563801671,1010.3377
1549563801717,1010.3377
1549563801750,1010.3377
1549563801788,1010.34296
1549563801826,1010.34296
1549563801864,1010.34296
1549563801903,1010.34296
1549563801948,1010.33923
1549563801982,1010.33923
1549563802018,1010.33923
1549563802061,1010.33923
1549563802098,1010.3387
1549563802134,1010.3387
1549563802174,1010.3387
1549563802211,1010.33344
1549563802250,1010.33344
1549563802290,1010.33344
1549563802339,1010.33344
1549563802366,1010.32794
1549563802404,1010.32794
1549563802444,1010.32794
1549563802480,1010.32794
1549563802521,1010.3332
1549563802558,1010.3332
1549563802596,1010.3332
1549563802635,1010.3332
1549563802672,1010.3349
1549563802710,1010.3349
1549563802750,1010.3349
1549563802792,1010.3349
1549563802833,1010.3349
1549563802866,1010.3349
1549563802903,1010.3349
1549563802942,1010.3332
1549563802980,1010.3332
1549563803019,1010.3332
1549563803057,1010.3332
1549563803099,1010.3349
1549563803136,1010.3349
1549563803174,1010.3349
1549563803229,1010.3367
1549563803257,1010.3367
1549563803288,1010.3367
1549563803328,1010.3367
1549563803364,1010.33844
1549563803402,1010.33844
1549563803443,1010.33844
1549563803480,1010.33844
1549563803518,1010.34015
1549563803557,1010.34015
1549563803598,1010.34015
1549563803634,1010.34015
1549563803676,1010.3419
1549563803712,1010.3419
1549563803751,1010.3419
1549563803788,1010.3439
1549563803826,1010.3439
1549563803865,1010.3439
1549563803903,1010.3439
1549563803941,1010.34564
1549563803980,1010.34564
1549563804020,1010.34564
1549563804058,1010.34564
1549563804096,1010.34735
1549563804135,1010.34735
1549563804172,1010.34735
1549563804213,1010.35144
1549563804254,1010.35144
1549563804290,1010.35144
1549563804331,1010.35144
1549563804364,1010.3427
1549563804405,1010.3427
1549563804442,1010.3427
1549563804484,1010.3427
1549563804518,1010.33575
1549563804557,1010.33575
1549563804594,1010.33575
1549563804635,1010.33575
1549563804673,1010.329
1549563804711,1010.329
1549563804748,1010.329
1549563804787,1010.32025
1549563804826,1010.32025
1549563804865,1010.32025
1549563804902,1010.32025
1549563804941,1010.31384
1549563804979,1010.31384
1549563805024,1010.31384
1549563805056,1010.31384
1549563805095,1010.3156
1549563805134,1010.3156
1549563805172,1010.3156
1549563805209,1010.3156
1549563805249,1010.31757
1549563805289,1010.31757
1549563805326,1010.31757
1549563805366,1010.31415
1549563805405,1010.31415
1549563805444,1010.31415
1549563805480,1010.31415
1549563805519,1010.3199
1549563805557,1010.3199
1549563805595,1010.3199
1549563805634,1010.3199
1549563805672,1010.3199
1549563805711,1010.3199
1549563805748,1010.3199
1549563805797,1010.3219
1549563805828,1010.3219
1549563805863,1010.3219
1549563805902,1010.3219
1549563805941,1010.3219
1549563805979,1010.3219
1549563806018,1010.3219
1549563806056,1010.3219
1549563806094,1010.32416
1549563806133,1010.32416
1549563806172,1010.32416
1549563806219,1010.32416
1549563806250,1010.32245
1549563806288,1010.32245
1549563806326,1010.32245
1549563806363,1010.3172
1549563806403,1010.3172
1549563806441,1010.3172
1549563806481,1010.3172
1549563806517,1010.32245
1549563806557,1010.32245
1549563806609,1010.32245
1549563806648,1010.32245
1549563806671,1010.319
1549563806715,1010.319
1549563806749,1010.319
1549563806787,1010.3172
1549563806824,1010.3172
1549563806865,1010.3172
1549563806904,1010.3172
1549563806951,1010.32245
1549563806982,1010.32245
1549563807019,1010.32245
1549563807056,1010.32245
1549563807097,1010.319
1549563807136,1010.319
1549563807171,1010.319
1549563807212,1010.319
1549563807250,1010.32416
1549563807287,1010.32416
1549563807324,1010.32416
1549563807364,1010.3312
1549563807402,1010.3312
1549563807443,1010.3312
1549563807481,1010.3312
1549563807517,1010.3312
1549563807556,1010.3312
1549563807601,1010.3312
1549563807634,1010.3312
1549563807670,1010.3312
1549563807710,1010.3312
1549563807748,1010.3312
1549563807787,1010.3312
1549563807824,1010.3294
1549563807862,1010.3294
1549563807903,1010.3294
1549563807939,1010.33813
1549563807978,1010.33813
1549563808016,1010.33813
1549563808056,1010.33813
1549563808094,1010.33813
1549563808136,1010.33813
1549563808171,1010.33813
1549563808209,1010.33813
1549563808268,1010.3451
1549563808287,1010.3451
1549563808325,1010.3451
1549563808370,1010.3434
1549563808403,1010.3434
1549563808439,1010.3434
1549563808478,1010.3434
1549563808517,1010.3434
1549563808555,1010.3434
1549563808594,1010.3434
1549563808633,1010.3434
1549563808671,1010.34686
1549563808711,1010.34686
1549563808749,1010.34686
1549563808786,1010.34686
1549563808824,1010.3451
1549563808864,1010.3451
1549563808903,1010.3451
1549563808939,1010.3434
1549563808980,1010.3434
1549563809016,1010.3434
1549563809066,1010.3434
1549563809093,1010.3434
1549563809133,1010.3434
1549563809171,1010.3434
1549563809210,1010.3434
1549563809251,1010.3463
1549563809287,1010.3463
1549563809325,1010.3463
1549563809364,1010.3393
1549563809400,1010.3393
1549563809442,1010.3393
1549563809485,1010.3393
1549563809516,1010.3341
1549563809554,1010.3341
1549563809594,1010.3341
1549563809631,1010.3341
1549563809670,1010.33466
1549563809711,1010.33466
1549563809752,1010.33466
1549563809787,1010.33466
1549563809823,1010.3384
1549563809863,1010.3384
1549563809905,1010.3384
1549563809942,1010.3372
1549563809978,1010.3372
1549563810019,1010.3372
1549563810056,1010.3372
1549563810094,1010.3432
1549563810134,1010.3432
1549563810172,1010.3432
1549563810213,1010.3432
1549563810249,1010.34174
1549563810286,1010.34174
1549563810326,1010.34174
1549563810363,1010.34174
1549563810400,1010.3353
1549563810439,1010.3353
1549563810482,1010.3353
1549563810517,1010.3344
1549563810559,1010.3344
1549563810594,1010.3344
1549563810639,1010.3344
1549563810670,1010.3424
1549563810709,1010.3424
1549563810749,1010.3424
1549563810788,1010.3424
1549563810829,1010.3455
1549563810868,1010.3455
1549563810902,1010.3455
1549563810958,1010.34283
1549563810977,1010.34283
1549563811016,1010.34283
1549563811056,1010.34283
1549563811095,1010.34186
1549563811132,1010.34186
1549563811171,1010.34186
1549563811208,1010.34186
1549563811247,1010.33594
1549563811287,1010.33594
1549563811324,1010.33594
1549563811365,1010.33594
1549563811400,1010.3358
1549563811440,1010.3358
1549563811480,1010.3358
1549563811517,1010.33514
1549563811554,1010.33514
1549563811595,1010.33514
1549563811632,1010.33514
1549563811690,1010.33673
1549563811727,1010.33673
1549563811745,1010.33673
1549563811787,1010.33673
1549563811824,1010.3418
1549563811864,1010.3418
1549563811900,1010.3418
1549563811941,1010.33966
1549563811981,1010.33966
1549563812028,1010.33966
1549563812064,1010.33966
1549563812094,1010.339
1549563812134,1010.339
1549563812171,1010.339
1549563812209,1010.339
1549563812248,1010.3421
1549563812286,1010.3421
1549563812325,1010.3421
1549563812366,1010.3421
1549563812402,1010.3454
1549563812439,1010.3454
1549563812478,1010.3454
1549563812515,1010.35223
1549563812556,1010.35223
1549563812593,1010.35223
1549563812632,1010.35223
1549563812672,1010.3481
1549563812711,1010.3481
1549563812752,1010.3481
1549563812784,1010.3481
1549563812823,1010.34247
1549563812862,1010.34247
1549563812902,1010.34247
1549563812940,1010.34247
1549563812980,1010.34406
1549563813016,1010.34406
1549563813057,1010.34406
1549563813094,1010.3414
1549563813131,1010.3414
1549563813172,1010.3414
1549563813211,1010.3414
1549563813247,1010.34766
1549563813285,1010.34766
1549563813323,1010.34766
1549563813360,1010.34766
1549563813402,1010.3469
1549563813439,1010.3469
1549563813478,1010.3469
1549563813517,1010.3433
1549563813556,1010.3433
1549563813610,1010.3433
1549563813632,1010.3433
1549563813671,1010.34467
1549563813710,1010.34467
1549563813748,1010.34467
1549563813785,1010.34467
1549563813829,1010.33875
1549563813862,1010.33875
1549563813900,1010.33875
1549563813940,1010.33875
1549563813979,1010.34186
1549563814017,1010.34186
1549563814056,1010.34186
1549563814096,1010.3429
1549563814132,1010.3429
1549563814172,1010.3429
1549563814208,1010.3429
1549563814245,1010.3402
1549563814284,1010.3402
1549563814323,1010.3402
1549563814367,1010.3402
1549563814400,1010.3453
1549563814438,1010.3453
1549563814478,1010.3453
1549563814519,1010.34607
1549563814556,1010.34607
1549563814594,1010.34607
1549563814631,1010.34607
1549563814671,1010.3509
1549563814709,1010.3509
1549563814746,1010.3509
1549563814787,1010.3509
1549563814824,1010.3447
1549563814866,1010.3447
1549563814899,1010.3447
1549563814938,1010.3447
1549563814977,1010.34753
1549563815017,1010.34753
1549563815054,1010.34753
1549563815094,1010.3466
1549563815133,1010.3466
1549563815169,1010.3466
1549563815220,1010.3466
1549563815245,1010.3439
1549563815286,1010.3439
1549563815324,1010.3439
1549563815364,1010.3439
1549563815401,1010.34644
1549563815440,1010.34644
1549563815480,1010.34644
1549563815517,1010.34644
1549563815559,1010.3481
1549563815593,1010.3481
1549563815632,1010.3481
1549563815670,1010.3489
1549563815707,1010.3489
1549563815747,1010.3489
1549563815784,1010.3489
1549563815822,1010.35114
1549563815861,1010.35114
1549563815901,1010.35114
1549563815938,1010.35114
1549563815978,1010.34467
1549563816020,1010.34467
1549563816055,1010.34467
1549563816092,1010.3455
1549563816131,1010.3455
1549563816169,1010.3455
1549563816208,1010.3455
1549563816247,1010.34106
1549563816288,1010.34106
1549563816322,1010.34106
1549563816361,1010.34106
1549563816403,1010.33954
1549563816438,1010.33954
1549563816477,1010.33954
1549563816520,1010.33954
1549563816554,1010.3508
1549563816630,1010.3508
1549563816636,1010.3508
1549563816667,1010.3531
1549563816706,1010.3531
1549563816764,1010.3531
1549563816785,1010.3531
1549563816824,1010.35333
1549563816861,1010.35333
1549563816906,1010.35333
1549563816939,1010.35333
1549563816975,1010.3559
1549563817013,1010.3559
1549563817055,1010.3559
1549563817096,1010.35474
1549563817135,1010.35474
1549563817169,1010.35474
1549563817208,1010.35474
1549563817244,1010.34247
1549563817283,1010.34247
1549563817322,1010.34247
1549563817374,1010.34247
1549563817406,1010.3393
1549563817444,1010.3393
1549563817478,1010.3393
1549563817516,1010.3393
1549563817552,1010.3486
1549563817590,1010.3486
1549563817635,1010.3486
1549563817671,1010.354
1549563817706,1010.354
1549563817745,1010.354
1549563817785,1010.354
1549563817824,1010.3505
1549563817860,1010.3505
1549563817908,1010.3505
1549563817948,1010.3505
1549563817979,1010.3598
1549563818016,1010.3598
1549563818056,1010.3598
1549563818090,1010.3598
1549563818128,1010.3598
1549563818167,1010.3598
1549563818209,1010.3598
1549563818246,1010.3633
1549563818284,1010.3633
1549563818323,1010.3633
1549563818361,1010.3633
1549563818400,1010.3598
1549563818439,1010.3598
1549563818477,1010.3598
1549563818515,1010.3598
1549563818554,1010.3615
1549563818591,1010.3615
1549563818630,1010.3615
1549563818675,1010.36505
1549563818706,1010.36505
1549563818745,1010.36505
1549563818784,1010.36505
1549563818823,1010.36505
1549563818860,1010.36505
1549563818900,1010.36505
1549563818941,1010.36505
1549563818977,1010.36676
1549563819015,1010.36676
1549563819055,1010.36676
1549563819092,1010.36676
1549563819130,1010.36505
1549563819168,1010.36505
1549563819207,1010.36505
1549563819245,1010.3662
1549563819302,1010.3662
1549563819321,1010.3662
1549563819360,1010.3662
1549563819402,1010.3645
1549563819439,1010.3645
1549563819476,1010.3645
1549563819516,1010.3645
1549563819552,1010.3662
1549563819591,1010.3662
1549563819630,1010.3662
1549563819667,1010.368
1549563819707,1010.368
1549563819748,1010.368
1549563819783,1010.368
1549563819825,1010.3625
1549563819861,1010.3625
1549563819900,1010.3625
1549563819939,1010.3625
1549563819975,1010.3608
1549563820015,1010.3608
1549563820054,1010.3608
1549563820092,1010.3608
1549563820131,1010.35846
1549563820168,1010.35846
1549563820206,1010.35846
1549563820248,1010.36017
1549563820284,1010.36017
1549563820321,1010.36017
1549563820361,1010.36017
1549563820400,1010.3524
1549563820437,1010.3524
1549563820475,1010.3524
1549563820515,1010.3524
1549563820552,1010.3487
1549563820590,1010.3487
1549563820630,1010.3487
1549563820668,1010.3487
1549563820710,1010.3487
1549563820746,1010.3487
1549563820783,1010.3487
1549563820822,1010.35333
1549563820863,1010.35333
1549563820899,1010.35333
1549563820937,1010.35333
1549563820975,1010.3619
1549563821016,1010.3619
1549563821053,1010.3619
1549563821091,1010.3619
1549563821129,1010.36884
1549563821168,1010.36884
1549563821221,1010.36884
1549563821245,1010.36456
1549563821283,1010.36456
1549563821322,1010.36456
1549563821360,1010.36456
1549563821399,1010.35876
1549563821438,1010.35876
1549563821476,1010.35876
1549563821515,1010.35876
1549563821553,1010.362
1549563821591,1010.362
1549563821628,1010.362
1549563821666,1010.362
1549563821706,1010.3602
1549563821744,1010.3602
1549563821783,1010.3602
1549563821822,1010.3562
1549563821860,1010.3562
1549563821898,1010.3562
1549563821944,1010.3562
1549563821975,1010.35944
1549563822015,1010.35944
1549563822058,1010.35944
1549563822090,1010.35944
1549563822128,1010.35864
1549563822168,1010.35864
1549563822207,1010.35864
1549563822246,1010.3564
1549563822283,1010.3564
1549563822322,1010.3564
1549563822359,1010.3564
1549563822418,1010.3544
1549563822440,1010.3544
1549563822477,1010.3544
1549563822512,1010.3544
1549563822552,1010.35236
1549563822603,1010.35236
1549563822630,1010.35236
1549563822667,1010.35236
1549563822707,1010.3553
1549563822744,1010.3553
1549563822783,1010.3553
1549563822824,1010.35706
1549563822864,1010.35706
1549563822897,1010.35706
1549563822938,1010.35706
1549563822990,1010.3493
1549563823014,1010.3493
1549563823054,1010.3493
1549563823090,1010.3493
1549563823131,1010.3577
1549563823167,1010.3577
1549563823206,1010.3577
1549563823244,1010.3584
1549563823284,1010.3584
1549563823321,1010.3584
1549563823360,1010.3584
1549563823398,1010.3613
1549563823436,1010.3613
1549563823475,1010.3613
1549563823513,1010.3613
1549563823555,1010.3611
1549563823591,1010.3611
1549563823628,1010.3611
1549563823667,1010.3611
1549563823706,1010.3593
1549563823746,1010.3593
1549563823784,1010.3593
1549563823822,1010.3623
1549563823860,1010.3623
1549563823925,1010.3623
1549563823937,1010.3623
1549563823974,1010.3615
1549563824014,1010.3615
1549563824051,1010.3615
1549563824091,1010.3615
1549563824129,1010.3577
1549563824167,1010.3577
1549563824206,1010.3577
1549563824245,1010.3572
1549563824284,1010.3572
1549563824320,1010.3572
1549563824359,1010.3572
1549563824398,1010.3547
1549563824436,1010.3547
1549563824483,1010.3547
1549563824512,1010.3547
1549563824551,1010.3547
1549563824589,1010.3547
1549563824631,1010.3547
1549563824667,1010.3547
1549563824706,1010.34686
1549563824746,1010.34686
1549563824783,1010.34686
1549563824821,1010.35034
1549563824860,1010.35034
1549563824899,1010.35034
1549563824938,1010.35034
1549563824975,1010.3414
1549563825012,1010.3414
1549563825053,1010.3414
1549563825090,1010.3414
1549563825129,1010.3426
1549563825189,1010.3426
1549563825205,1010.3426
1549563825246,1010.3426
1549563825282,1010.34406
1549563825320,1010.34406
1549563825359,1010.34406
1549563825398,1010.3453
1549563825437,1010.3453
1549563825477,1010.3453
1549563825514,1010.3453
1549563825551,1010.347
1549563825591,1010.347
1549563825629,1010.347
1549563825666,1010.347
1549563825707,1010.3453
1549563825743,1010.3453
1549563825782,1010.3453
1549563825821,1010.34875
1549563825860,1010.34875
1549563825899,1010.34875
1549563825936,1010.34875
1549563825980,1010.34674
1549563826014,1010.34674
1549563826058,1010.34674
1549563826089,1010.34674
1549563826127,1010.3433
1549563826168,1010.3433
1549563826207,1010.3433
1549563826244,1010.3433
1549563826283,1010.3427
1549563826322,1010.3427
1549563826363,1010.3427
1549563826399,1010.3485
1549563826438,1010.3485
1549563826473,1010.3485
1549563826514,1010.3485
1549563826551,1010.3427
1549563826589,1010.3427
1549563826627,1010.3427
1549563826666,1010.3427
1549563826704,1010.3375
1549563826744,1010.3375
1549563826782,1010.3375
1549563826830,1010.34625
1549563826861,1010.34625
1549563826897,1010.34625
1549563826934,1010.34625
1549563826973,1010.35144
1549563827013,1010.35144
1549563827051,1010.35144
1549563827097,1010.35144
1549563827128,1010.35144
1549563827165,1010.35144
1549563827206,1010.35144
1549563827244,1010.35144
1549563827296,1010.34973
1549563827320,1010.34973
1549563827359,1010.34973
1549563827397,1010.3445
1549563827437,1010.3445
1549563827477,1010.3445
1549563827513,1010.3445
1549563827551,1010.33923
1549563827589,1010.33923
1549563827634,1010.33923
1549563827667,1010.33923
1549563827703,1010.33575
1549563827744,1010.33575
1549563827782,1010.33575
1549563827822,1010.33575
1549563827861,1010.3323
1549563827897,1010.3323
1549563827938,1010.3323
1549563827976,1010.3305
1549563828012,1010.3305
1549563828052,1010.3305
1549563828091,1010.3305
1549563828129,1010.33374
1549563828167,1010.33374
1549563828204,1010.33374
1549563828244,1010.33374
1549563828280,1010.33374
1549563828321,1010.33374
1549563828359,1010.33374
1549563828405,1010.3372
1549563828435,1010.3372
1549563828474,1010.3372
1549563828513,1010.3372
1549563828553,1010.3372
1549563828589,1010.3372
1549563828632,1010.3372
1549563828666,1010.3372
1549563828705,1010.34424
1549563828743,1010.34424
1549563828781,1010.34424
1549563828821,1010.34424
1549563828859,1010.33844
1549563828897,1010.33844
1549563828936,1010.33844
1549563828973,1010.3419
1549563829013,1010.3419
1549563829059,1010.3419
1549563829092,1010.3419
1549563829131,1010.3454
1549563829166,1010.3454
1549563829206,1010.3454
1549563829244,1010.3454
1549563829282,1010.34515
1549563829320,1010.34515
1549563829360,1010.34515
1549563829397,1010.3469
1549563829436,1010.3469
1549563829474,1010.3469
1549563829513,1010.3469
1549563829549,1010.3446
1549563829589,1010.3446
1549563829628,1010.3446
1549563829667,1010.3446
1549563829706,1010.3392
1549563829744,1010.3392
1549563829781,1010.3392
1549563829820,1010.3392
1549563829858,1010.3392
1549563829898,1010.3392
1549563829935,1010.3392
1549563829975,1010.33685
1549563830012,1010.33685
1549563830052,1010.33685
1549563830089,1010.33685
1549563830128,1010.3331
1549563830165,1010.3331
1549563830204,1010.3331
1549563830242,1010.3331
1549563830286,1010.3349
1549563830320,1010.3349
1549563830359,1010.3349
1549563830397,1010.3349
1549563830434,1010.32904
1549563830474,1010.32904
1549563830519,1010.32904
1549563830550,1010.3271
1549563830587,1010.3271
1549563830631,1010.3271
1549563830674,1010.3271
1549563830706,1010.33405
1549563830749,1010.33405
1549563830781,1010.33405
1549563830819,1010.33405
1549563830863,1010.337
1549563830897,1010.337
1549563830936,1010.337
1549563830976,1010.33527
1549563831013,1010.33527
1549563831050,1010.33527
1549563831088,1010.33527
1549563831127,1010.3298
1549563831166,1010.3298
1549563831206,1010.3298
1549563831243,1010.3298
1549563831281,1010.324
1549563831321,1010.324
1549563831358,1010.324
1549563831396,1010.324
1549563831435,1010.3255
1549563831480,1010.3255
1549563831510,1010.3255
1549563831551,1010.3237
1549563831588,1010.3237
1549563831627,1010.3237
1549563831665,1010.3237
1549563831707,1010.3232
1549563831746,1010.3232
1549563831781,1010.3232
1549563831818,1010.3232
1549563831858,1010.3319
1549563831895,1010.3319
1549563831934,1010.3319
1549563831971,1010.33344
1549563832011,1010.33344
1549563832052,1010.33344
1549563832089,1010.33344
1549563832127,1010.33984
1549563832166,1010.33984
1549563832204,1010.33984
1549563832241,1010.33984
1549563832285,1010.3396
1549563832319,1010.3396
1549563832358,1010.3396
1549563832397,1010.3396
1549563832434,1010.346
1549563832473,1010.346
1549563832514,1010.346
1549563832550,1010.34576
1549563832589,1010.34576
1549563832630,1010.34576
1549563832667,1010.34576
1549563832706,1010.34344
1549563832742,1010.34344
1549563832781,1010.34344
1549563832820,1010.34344
1549563832867,1010.33795
1549563832898,1010.33795
1549563832936,1010.33795
1549563832973,1010.33795
1549563833013,1010.3339
1549563833050,1010.3339
1549563833089,1010.3339
1549563833128,1010.33545
1549563833165,1010.33545
1549563833206,1010.33545
1549563833243,1010.33545
1549563833280,1010.3459
1549563833320,1010.3459
1549563833370,1010.3459
1549563833396,1010.3459
1549563833435,1010.34393
1549563833474,1010.34393
1549563833519,1010.34393
1549563833548,1010.34564
1549563833587,1010.34564
1549563833626,1010.34564
1549563833664,1010.34564
1549563833703,1010.3416
1549563833742,1010.3416
1549563833779,1010.3416
1549563833820,1010.3416
1549563833856,1010.3396
1549563833894,1010.3396
1549563833934,1010.3396
1549563833971,1010.3396
1549563834009,1010.32837
1549563834049,1010.32837
1549563834088,1010.32837
1549563834128,1010.3388
1549563834165,1010.3388
1549563834205,1010.3388
1549563834242,1010.3388
1549563834284,1010.3348
1549563834318,1010.3348
1549563834360,1010.3348
1549563834397,1010.3348
1549563834435,1010.33307
1549563834474,1010.33307
1549563834517,1010.33307
1549563834551,1010.3328
1549563834587,1010.3328
1549563834626,1010.3328
1549563834669,1010.3328
1549563834706,1010.334
1549563834742,1010.334
1549563834781,1010.334
1549563834818,1010.334
1549563834856,1010.33746
1549563834898,1010.33746
1549563834934,1010.33746
1549563834973,1010.33746
1549563835017,1010.332
1549563835068,1010.332
1549563835086,1010.332
1549563835128,1010.32794
1549563835171,1010.32794
1549563835202,1010.32794
1549563835245,1010.32794
1549563835284,1010.3312
1549563835318,1010.3312
1549563835358,1010.3312
1549563835396,1010.3312
1549563835435,1010.32947
1549563835473,1010.32947
1549563835512,1010.32947
1549563835549,1010.32367
1549563835588,1010.32367
1549563835628,1010.32367
1549563835665,1010.32367
1549563835704,1010.3269
1549563835742,1010.3269
1549563835780,1010.3269
1549563835838,1010.3269
1549563835859,1010.3269
1549563835895,1010.3269
1549563835933,1010.3269
1549563835973,1010.3269
1549563836019,1010.3304
1549563836048,1010.3304
1549563836096,1010.3304
1549563836127,1010.33563
1549563836167,1010.33563
1549563836201,1010.33563
1549563836242,1010.33563
1549563836284,1010.33386
1549563836318,1010.33386
1549563836361,1010.33386
1549563836394,1010.33386
1549563836436,1010.32806
1549563836472,1010.32806
1549563836510,1010.32806
1549563836550,1010.32806
1549563836589,1010.3287
1549563836627,1010.3287
1549563836666,1010.3287
1549563836704,1010.32513
1549563836741,1010.32513
1549563836779,1010.32513
1549563836822,1010.32513
1549563836868,1010.31213
1549563836895,1010.31213
1549563836933,1010.31213
1549563836975,1010.31213
1549563837011,1010.3116
1549563837048,1010.3116
1549563837087,1010.3116
1549563837126,1010.3176
1549563837163,1010.3176
1549563837203,1010.3176
1549563837241,1010.3176
1549563837279,1010.3194
1549563837320,1010.3194
1549563837357,1010.3194
1549563837395,1010.3194
1549563837433,1010.32715
1549563837471,1010.32715
1549563837510,1010.32715
1549563837548,1010.32715
1549563837588,1010.3202
1549563837627,1010.3202
1549563837665,1010.3202
1549563837703,1010.32245
1549563837742,1010.32245
1549563837779,1010.32245
1549563837817,1010.32245
1549563837855,1010.3227
1549563837894,1010.3227
1549563837934,1010.3227
1549563837972,1010.3227
1549563838010,1010.31226
1549563838048,1010.31226
1549563838088,1010.31226
1549563838125,1010.3128
1549563838165,1010.3128
1549563838202,1010.3128
1549563838240,1010.3128
1549563838280,1010.3163
1549563838317,1010.3163
1549563838356,1010.3163
1549563838405,1010.3163
1549563838434,1010.32526
1549563838471,1010.32526
1549563838510,1010.32526
1549563838549,1010.32526
1549563838588,1010.338
1549563838627,1010.338
1549563838665,1010.338
1549563838702,1010.3435
1549563838740,1010.3435
1549563838779,1010.3435
1549563838817,1010.3435
1549563838856,1010.34174
1549563838906,1010.34174
1549563838935,1010.34174
1549563838971,1010.34174
1549563839010,1010.31964
1549563839049,1010.31964
1549563839092,1010.31964
1549563839127,1010.3249
1549563839167,1010.3249
1549563839202,1010.3249
1549563839240,1010.3249
1549563839280,1010.33014
1549563839318,1010.33014
1549563839360,1010.33014
1549563839393,1010.33014
1549563839432,1010.3231
1549563839472,1010.3231
1549563839510,1010.3231
1549563839549,1010.3231
1549563839586,1010.3807
1549563839627,1010.3807
1549563839663,1010.3807
1549563839702,1010.4208
1549563839743,1010.4208
1549563839779,1010.4208
1549563839822,1010.4208
1549563839856,1010.4507
1549563839894,1010.4507
1549563839933,1010.4507
1549563839974,1010.4507
1549563840012,1010.4629
1549563840057,1010.4629
1549563840088,1010.4629
1549563840126,1010.4629
1549563840164,1010.4437
1549563840204,1010.4437
1549563840251,1010.4437
1549563840285,1010.39813
1549563840316,1010.39813
1549563840385,1010.39813
1549563840392,1010.39813
1549563840431,1010.21
1549563840472,1010.21
1549563840508,1010.21
1549563840547,1010.21
1549563840585,1010.1435
1549563840625,1010.1435
1549563840661,1010.1435
1549563840699,1010.16266
1549563841076,1010.16266
1549563841076,1010.16266
1549563841076,1010.16266
1549563841076,1010.1801
1549563841076,1010.1801
1549563841076,1010.1801
1549563841077,1010.1801
1549563841077,1010.1993
1549563841077,1010.1993
1549563841084,1010.1993
1549563841122,1010.1993
1549563841164,1010.21094
1549563841199,1010.21094
1549563841240,1010.21094
1549563841278,1010.2237
1549563841322,1010.2237
1549563841354,1010.2237
1549563841394,1010.2237
1549563841434,1010.23016
1549563841474,1010.23016
1549563841513,1010.23016
1549563841548,1010.23016
1549563841588,1010.2424
1549563841667,1010.2424
1549563841667,1010.2424
1549563841700,1010.2493
1549563841742,1010.2493
1549563841791,1010.2493
1549563841816,1010.2493
1549563841855,1010.2473
1549563841896,1010.2473
1549563841930,1010.2473
1549563841999,1010.2473
1549563842012,1010.25604
1549563842058,1010.25604
1549563842147,1010.25604
1549563842148,1010.25604
1549563842162,1010.2752
1549563842202,1010.2752
1549563842238,1010.2752
1549563842287,1010.284
1549563842316,1010.284
1549563842355,1010.284
1549563842400,1010.284
1549563842430,1010.2834
1549563842469,1010.2834
1549563842506,1010.2834
1549563842545,1010.2834
1549563842583,1010.2867
1549563842622,1010.2867
1549563842660,1010.2867
1549563842701,1010.2867
1549563842738,1010.28436
1549563842776,1010.28436
1549563842815,1010.28436
1549563842853,1010.28784
1549563842893,1010.28784
1549563842935,1010.28784
1549563842976,1010.28784
1549563843007,1010.2806
1549563843046,1010.2806
1549563843093,1010.2806
1549563843123,1010.2806
1549563843162,1010.2876
1549563843202,1010.2876
1549563843239,1010.2876
1549563843278,1010.2923
1549563843314,1010.2923
1549563843353,1010.2923
1549563843394,1010.2923
1549563843431,1010.2903
1549563843472,1010.2903
1549563843508,1010.2903
1549563843547,1010.2903
1549563843585,1010.281
1549563843624,1010.281
1549563843662,1010.281
1549563843700,1010.281
1549563843739,1010.281
1549563843779,1010.281
1549563843814,1010.281
1549563843854,1010.28973
1549563843891,1010.28973
1549563843932,1010.28973
1549563843968,1010.28973
1549563844008,1010.28796
1549563844048,1010.28796
1549563844084,1010.28796
1549563844126,1010.28796
1549563844162,1010.2862
1549563844201,1010.2862
1549563844237,1010.2862
1549563844278,1010.28076
1549563844315,1010.28076
1549563844355,1010.28076
1549563844397,1010.28076
1549563844437,1010.286
1549563844470,1010.286
1549563844506,1010.286
1549563844545,1010.286
1549563844585,1010.2837
1549563844622,1010.2837
1549563844665,1010.2837
1549563844706,1010.2837
1549563844738,1010.2922
1549563844776,1010.2922
1549563844816,1010.2922
1549563844854,1010.29565
1549563844891,1010.29565
1549563844932,1010.29565
1549563844968,1010.29565
1549563845013,1010.2864
1549563845046,1010.2864
1549563845092,1010.2864
1549563845124,1010.2864
1549563845160,1010.2774
1549563845201,1010.2774
1549563845242,1010.2774
1549563845275,1010.2774
1549563845329,1010.28265
1549563845353,1010.28265
1549563845390,1010.28265
1549563845432,1010.29083
1549563845468,1010.29083
1549563845506,1010.29083
1549563845545,1010.29083
1549563845584,1010.2716
1549563845646,1010.2716
1549563845680,1010.2716
1549563845726,1010.2716
1549563845803,1010.27136
1549563845804,1010.27136
1549563845831,1010.27136
1549563845852,1010.2784
1549563845890,1010.2784
1549563845931,1010.2784
1549563845967,1010.2784
1549563846011,1010.2801
1549563846045,1010.2801
1549563846083,1010.2801
1549563846122,1010.2801
1549563846160,1010.28534
1549563846199,1010.28534
1549563846237,1010.28534
1549563846275,1010.28534
1549563846316,1010.28656
1549563846353,1010.28656
1549563846391,1010.28656
1549563846429,1010.2828
1549563846468,1010.2828
1549563846506,1010.2828
1549563846545,1010.2828
1549563846583,1010.28455
1549563846623,1010.28455
1549563846661,1010.28455
1549563846698,1010.28455
1549563846738,1010.2793
1549563846775,1010.2793
1549563846813,1010.2793
1549563846852,1010.27
1549563846891,1010.27
1549563846932,1010.27
1549563846968,1010.27
1549563847007,1010.26825
1549563847048,1010.26825
1549563847102,1010.26825
1549563847123,1010.26825
1549563847160,1010.27
1549563847200,1010.27
1549563847239,1010.27
1549563847276,1010.27
1549563847315,1010.2648
1549563847353,1010.2648
1549563847393,1010.2648
1549563847431,1010.27
1549563847471,1010.27
1549563847509,1010.27
1549563847545,1010.27
1549563847592,1010.26825
1549563847622,1010.26825
1549563847660,1010.26825
1549563847701,1010.26825
1549563847739,1010.26306
1549563847781,1010.26306
1549563847816,1010.26306
1549563847868,1010.26306
1549563847891,1010.27057
1549563847928,1010.27057
