1549564145779,1009.2814
1549564145779,1009.2814
1549564145817,1009.2814
1549564145856,1009.2983
1549564145894,1009.2983
1549564145935,1009.2983
1549564145972,1009.29803
1549564146014,1009.29803
1549564146049,1009.29803
1549564146090,1009.29803
1549564146127,1009.1623
1549564146165,1009.1623
1549564146207,1009.1623
1549564146241,1009.1623
1549564146281,1009.1563
1549564146318,1009.1563
1549564146357,1009.1563
1549564146397,1009.1563
1549564146435,1009.17175
1549564146472,1009.17175
1549564146533,1009.17175
1549564146548,1009.19446
1549564146588,1009.19446
1549564146631,1009.19446
1549564146665,1009.19446
1549564146706,1009.159
1549564146745,1009.159
1549564146782,1009.159
1549564146821,1009.159
1549564146857,1009.1727
1549564146898,1009.1727
1549564146935,1009.1727
1549564146975,1009.1727
1549564147028,1009.20013
1549564147050,1009.20013
1549564147088,1009.20013
1549564147125,1009.1929
1549564147165,1009.1929
1549564147203,1009.1929
1549564147242,1009.1929
1549564147281,1009.2046
1549564147319,1009.2046
1549564147356,1009.2046
1549564147397,1009.2046
1549564147439,1009.2183
1549564147472,1009.2183
1549564147516,1009.2183
1549564147551,1009.2218
1549564147588,1009.2218
1549564147624,1009.2218
1549564147722,1009.2218
1549564147722,1009.24567
1549564147743,1009.24567
1549564147784,1009.24567
1549564147818,1009.24567
1549564147858,1009.24316
1549564147899,1009.24316
1549564147935,1009.24316
1549564147971,1009.24316
1549564148009,1009.25366
1549564148051,1009.25366
1549564148088,1009.25366
1549564148136,1009.2709
1549564148165,1009.2709
1549564148203,1009.2709
1549564148241,1009.2709
1549564148280,1009.2901
1549564148319,1009.2901
1549564148356,1009.2901
1549564148395,1009.2901
1549564148435,1009.2831
1549564148475,1009.2831
1549564148512,1009.2831
1549564148549,1009.2831
1549564148587,1009.27203
1549564148626,1009.27203
1549564148665,1009.27203
1549564148705,1009.2895
1549564148741,1009.2895
1549564148780,1009.2895
1549564148818,1009.2895
1549564148856,1009.2806
1549564148897,1009.2806
1549564148935,1009.2806
1549564148971,1009.2806
1549564149011,1009.27356
1549564149050,1009.27356
1549564149087,1009.27356
1549564149127,1009.287
1549564149167,1009.287
1549564149210,1009.287
1549564149244,1009.287
1549564149280,1009.2902
1549564149318,1009.2902
1549564149357,1009.2902
1549564149393,1009.2902
1549564149433,1009.2967
1549564149473,1009.2967
1549564149512,1009.2967
1549564149547,1009.2967
1549564149589,1009.28796
1549564149624,1009.28796
1549564149677,1009.28796
1549564149701,1009.3182
1549564149752,1009.3182
1549564149778,1009.3182
1549564149817,1009.3182
1549564149855,1009.3112
1549564149896,1009.3112
1549564149932,1009.3112
1549564149975,1009.3112
1549564150011,1009.32166
1549564150047,1009.32166
1549564150087,1009.32166
1549564150128,1009.3304
1549564150168,1009.3304
1549564150202,1009.3304
1549564150241,1009.3304
1549564150280,1009.3461
1549564150319,1009.3461
1549564150355,1009.3461
1549564150394,1009.3461
1549564150433,1009.3653
1549564150471,1009.3653
1549564150509,1009.3653
1549564150548,1009.3653
1549564150586,1009.3543
1549564150625,1009.3543
1549564150667,1009.3543
1549564150704,1009.356
1549564150739,1009.356
1549564150778,1009.356
1549564150817,1009.356
1549564150855,1009.38275
1549564150897,1009.38275
1549564150934,1009.38275
1549564150971,1009.38275
1549564151010,1009.37177
1549564151047,1009.37177
1549564151086,1009.37177
1549564151125,1009.37177
1549564151164,1009.377
1549564151202,1009.377
1549564151242,1009.377
1549564151283,1009.38226
1549564151323,1009.38226
1549564151355,1009.38226
1549564151394,1009.38226
1549564151435,1009.3898
1549564151472,1009.3898
1549564151509,1009.3898
1549564151551,1009.3898
1549564151586,1009.38104
1549564151628,1009.38104
1549564151664,1009.38104
1549564151727,1009.38745
1549564151752,1009.38745
1549564151777,1009.38745
1549564151816,1009.38745
1549564151857,1009.3962
1549564151895,1009.3962
1549564151933,1009.3962
1549564151971,1009.3962
1549564152014,1009.41016
1549564152048,1009.41016
1549564152085,1009.41016
1549564152125,1009.41016
1549564152163,1009.38226
1549564152202,1009.38226
1549564152240,1009.38226
1549564152279,1009.38226
1549564152317,1009.38226
1549564152355,1009.38226
1549564152396,1009.38226
1549564152435,1009.382
1549564152474,1009.382
1549564152512,1009.382
1549564152549,1009.382
1549564152586,1009.4134
1549564152626,1009.4134
1549564152664,1009.4134
1549564152701,1009.4466
1549564152741,1009.4466
1549564152782,1009.4466
1549564152818,1009.4466
1549564152857,1009.4181
1549564152895,1009.4181
1549564152940,1009.4181
1549564152973,1009.4181
1549564153009,1009.43884
1549564153047,1009.43884
1549564153086,1009.43884
1549564153127,1009.43884
1549564153165,1009.43884
1549564153204,1009.43884
1549564153249,1009.43884
1549564153280,1009.48364
1549564153317,1009.48364
1549564153356,1009.48364
1549564153394,1009.48364
1549564153432,1009.454
1549564153472,1009.454
1549564153513,1009.454
1549564153547,1009.454
1549564153587,1009.4782
1549564153624,1009.4782
1549564153663,1009.4782
1549564153774,1009.4782
1549564153775,1009.4782
1549564153778,1009.4782
1549564153816,1009.4782
1549564153864,1009.5318
1549564153893,1009.5318
1549564153932,1009.5318
1549564153972,1009.5318
1549564154009,1009.50385
1549564154049,1009.50385
1549564154086,1009.50385
1549564154127,1009.50385
1549564154165,1009.5176
1549564154200,1009.5176
1549564154242,1009.5176
1549564154277,1009.5298
1549564154317,1009.5298
1549564154355,1009.5298
1549564154395,1009.5298
1549564154440,1009.5806
1549564154474,1009.5806
1549564154509,1009.5806
1549564154549,1009.5806
1549564154585,1009.5682
1549564154626,1009.5682
1549564154664,1009.5682
1549564154702,1009.5682
1549564154741,1009.5851
1549564154781,1009.5851
1549564154816,1009.5851
1549564154854,1009.5849
1549564154895,1009.5849
1549564154934,1009.5849
1549564154971,1009.5849
1549564155009,1009.63727
1549564155047,1009.63727
1549564155093,1009.63727
1549564155122,1009.63727
1549564155162,1009.63025
1549564155200,1009.63025
1549564155241,1009.63025
1549564155279,1009.64716
1549564155317,1009.64716
1549564155355,1009.64716
1549564155393,1009.64716
1549564155434,1009.64166
1549564155477,1009.64166
1549564155510,1009.64166
1549564155547,1009.64166
1549564155586,1009.6656
1549564155631,1009.6656
1549564155663,1009.6656
1549564155705,1009.6656
1549564155740,1009.6723
1549564155780,1009.6723
1549564155816,1009.6723
1549564155855,1009.6584
1549564155895,1009.6584
1549564155937,1009.6584
1549564155970,1009.6584
1549564156010,1009.663
1549564156047,1009.663
1549564156087,1009.663
1549564156126,1009.663
1549564156164,1009.67676
1549564156201,1009.67676
1549564156242,1009.67676
1549564156278,1009.67676
1549564156321,1009.71344
1549564156356,1009.71344
1549564156396,1009.71344
1549564156432,1009.6989
1549564156470,1009.6989
1549564156510,1009.6989
1549564156547,1009.6989
1549564156588,1009.69696
1549564156625,1009.69696
1549564156663,1009.69696
1549564156701,1009.69696
1549564156739,1009.7261
1549564156777,1009.7261
1549564156815,1009.7261
1549564156855,1009.7084
1549564156894,1009.7084
1549564156932,1009.7084
1549564156970,1009.7084
1549564157008,1009.70135
1549564157047,1009.70135
1549564157087,1009.70135
1549564157127,1009.70135
1549564157165,1009.7081
1549564157212,1009.7081
1549564157247,1009.7081
1549564157277,1009.7081
1549564157315,1009.7004
1549564157355,1009.7004
1549564157396,1009.7004
1549564157434,1009.73474
1549564157473,1009.73474
1549564157509,1009.73474
1549564157552,1009.73474
1549564157585,1009.70483
1549564157624,1009.70483
1549564157664,1009.70483
1549564157702,1009.70483
1549564157740,1009.73566
1549564157778,1009.73566
1549564157818,1009.73566
1549564157855,1009.74945
1549564157894,1009.74945
1549564157933,1009.74945
1549564157972,1009.74945
1549564158008,1009.77155
1549564158049,1009.77155
1549564158090,1009.77155
1549564158122,1009.77155
1549564158162,1009.77655
1549564158201,1009.77655
1549564158240,1009.77655
1549564158279,1009.77655
1549564158318,1009.7568
1549564158358,1009.7568
1549564158395,1009.7568
1549564158431,1009.795
1549564158468,1009.795
1549564158509,1009.795
1549564158548,1009.795
1549564158585,1009.8014
1549564158625,1009.8014
1549564158664,1009.8014
1549564158701,1009.8014
1549564158738,1009.7785
1549564158777,1009.7785
1549564158819,1009.7785
1549564158856,1009.7785
1549564158904,1009.7954
1549564158932,1009.7954
1549564158969,1009.7954
1549564159008,1009.84576
1549564159058,1009.84576
1549564159086,1009.84576
1549564159124,1009.84576
1549564159161,1009.83356
1549564159200,1009.83356
1549564159238,1009.83356
1549564159284,1009.83356
1549564159315,1009.83826
1549564159353,1009.83826
1549564159396,1009.83826
1549564159429,1009.85394
1549564159469,1009.85394
1549564159509,1009.85394
1549564159547,1009.85394
1549564159587,1009.8444
1549564159622,1009.8444
1549564159660,1009.8444
1549564159700,1009.8444
1549564159741,1009.839
1549564159778,1009.839
1549564159816,1009.839
1549564159855,1009.839
1549564159894,1009.8477
1549564159934,1009.8477
1549564159969,1009.8477
1549564160008,1009.87335
1549564160047,1009.87335
1549564160084,1009.87335
1549564160122,1009.87335
1549564160162,1009.8419
1549564160201,1009.8419
1549564160238,1009.8419
1549564160277,1009.8419
1549564160318,1009.82715
1549564160359,1009.82715
1549564160394,1009.82715
1549564160431,1009.8392
1549564160468,1009.8392
1549564160507,1009.8392
1549564160544,1009.8392
1549564160583,1009.87177
1549564160625,1009.87177
1549564160661,1009.87177
1549564160701,1009.87177
1549564160745,1009.8593
1549564160777,1009.8593
1549564160820,1009.8593
1549564160857,1009.8593
1549564160895,1009.8488
1549564160935,1009.8488
1549564160970,1009.8488
1549564161009,1009.8471
1549564161050,1009.8471
1549564161084,1009.8471
1549564161123,1009.8471
1549564161164,1009.8814
1549564161198,1009.8814
1549564161238,1009.8814
1549564161278,1009.8814
1549564161318,1009.84106
1549564161354,1009.84106
1549564161391,1009.84106
1549564161432,1009.84106
1549564161470,1009.8283
1549564161509,1009.8283
1549564161546,1009.8283
1549564161584,1009.83154
1549564161630,1009.83154
1549564161663,1009.83154
1549564161701,1009.83154
1549564161737,1009.85425
1549564161777,1009.85425
1549564161826,1009.85425
1549564161854,1009.85425
1549564161893,1009.863
1549564161931,1009.863
1549564161969,1009.863
1549564162008,1009.8403
1549564162048,1009.8403
1549564162085,1009.8403
1549564162123,1009.8403
1549564162160,1009.83624
1549564162201,1009.83624
1549564162236,1009.83624
1549564162276,1009.83624
1549564162316,1009.8519
1549564162359,1009.8519
1549564162392,1009.8519
1549564162431,1009.8519
1549564162470,1009.81006
1549564162509,1009.81006
1549564162549,1009.81006
1549564162583,1009.8083
1549564162623,1009.8083
1549564162662,1009.8083
1549564162702,1009.8083
1549564162737,1009.8116
1549564162778,1009.8116
1549564162816,1009.8116
1549564162853,1009.8116
1549564162892,1009.81506
1549564162930,1009.81506
1549564162969,1009.81506
1549564163007,1009.81506
1549564163045,1009.81506
1549564163085,1009.81506
1549564163123,1009.81506
1549564163160,1009.8133
1549564163200,1009.8133
1549564163238,1009.8133
1549564163276,1009.8133
1549564163315,1009.85516
1549564163354,1009.85516
1549564163394,1009.85516
1549564163432,1009.85516
1549564163471,1009.82025
1549564163506,1009.82025
1549564163545,1009.82025
1549564163588,1009.80054
1549564163623,1009.80054
1549564163661,1009.80054
1549564163706,1009.80054
1549564163738,1009.80756
1549564163776,1009.80756
1549564163817,1009.80756
1549564163854,1009.80756
1549564163890,1009.81024
1549564163931,1009.81024
1549564163969,1009.81024
1549564164008,1009.81024
1549564164049,1009.805
1549564164083,1009.805
1549564164124,1009.805
1549564164162,1009.805
1549564164199,1009.805
1549564164238,1009.805
1549564164277,1009.805
1549564164318,1009.80304
1549564164357,1009.80304
1549564164391,1009.80304
1549564164434,1009.80304
1549564164470,1009.8024
1549564164506,1009.8024
1549564164550,1009.8024
1549564164583,1009.7902
1549564164621,1009.7902
1549564164659,1009.7902
1549564164698,1009.7902
1549564164738,1009.78125
1549564164777,1009.78125
1549564164815,1009.78125
1549564164856,1009.78125
1549564164892,1009.7902
1549564164933,1009.7902
1549564164973,1009.7902
1549564165008,1009.7902
1549564165045,1009.7952
1549564165082,1009.7952
1549564165123,1009.7952
1549564165162,1009.79895
1549564165199,1009.79895
1549564165238,1009.79895
1549564165278,1009.79895
1549564165315,1009.7947
1549564165353,1009.7947
1549564165392,1009.7947
1549564165431,1009.7947
1549564165472,1009.7999
1549564165509,1009.7999
1549564165547,1009.7999
1549564165583,1009.7999
1549564165622,1009.8069
1549564165661,1009.8069
1549564165699,1009.8069
1549564165737,1009.80865
1549564165776,1009.80865
1549564165819,1009.80865
1549564165853,1009.80865
1549564165893,1009.8052
1549564165932,1009.8052
1549564165969,1009.8052
1549564166009,1009.8052
1549564166045,1009.8069
1549564166082,1009.8069
1549564166120,1009.8069
1549564166164,1009.7877
1549564166200,1009.7877
1549564166237,1009.7877
1549564166277,1009.7877
1549564166317,1009.7857
1549564166358,1009.7857
1549564166391,1009.7857
1549564166429,1009.7857
1549564166469,1009.77875
1549564166508,1009.77875
1549564166545,1009.77875
1549564166583,1009.77875
1549564166639,1009.80145
1549564166659,1009.80145
1549564166699,1009.80145
1549564166737,1009.8189
1549564166775,1009.8189
1549564166816,1009.8189
1549564166852,1009.8189
1549564166890,1009.81366
1549564166928,1009.81366
1549564166968,1009.81366
1549564167008,1009.81366
1549564167046,1009.81036
1549564167082,1009.81036
1549564167121,1009.81036
1549564167164,1009.81366
1549564167200,1009.81366
1549564167239,1009.81366
1549564167277,1009.81366
1549564167320,1009.81366
1549564167362,1009.81366
1549564167391,1009.81366
1549564167430,1009.81366
1549564167469,1009.8174
1549564167512,1009.8174
1549564167550,1009.8174
1549564167583,1009.8174
1549564167621,1009.8139
1549564167661,1009.8139
1549564167699,1009.8139
1549564167738,1009.8206
1549564167775,1009.8206
1549564167816,1009.8206
1549564167854,1009.8206
1549564167894,1009.8418
1549564167928,1009.8418
1549564167967,1009.8418
1549564168007,1009.8418
1549564168051,1009.83307
1549564168089,1009.83307
1549564168122,1009.83307
1549564168160,1009.83307
1549564168200,1009.82416
1549564168237,1009.82416
1549564168274,1009.82416
1549564168315,1009.82587
1549564168354,1009.82587
1549564168391,1009.82587
1549564168432,1009.82587
1549564168467,1009.84454
1549564168506,1009.84454
1549564168546,1009.84454
1549564168584,1009.84454
1549564168622,1009.83405
1549564168660,1009.83405
1549564168699,1009.83405
1549564168740,1009.83234
1549564168779,1009.83234
1549564168814,1009.83234
1549564168853,1009.83234
1549564168892,1009.88293
1549564168928,1009.88293
1549564168967,1009.88293
1549564169007,1009.88293
1549564169046,1009.8777
1549564169082,1009.8777
1549564169121,1009.8777
1549564169160,1009.8777
1549564169201,1009.866
1549564169238,1009.866
1549564169282,1009.866
1549564169315,1009.868
1549564169353,1009.868
1549564169390,1009.868
1549564169429,1009.868
1549564169468,1009.88873
1549564169506,1009.88873
1549564169544,1009.88873
1549564169585,1009.88873
1549564169620,1009.8852
1549564169665,1009.8852
1549564169702,1009.8852
1549564169738,1009.9044
1549564169775,1009.9044
1549564169816,1009.9044
1549564169850,1009.9044
1549564169889,1009.9079
1549564169936,1009.9079
1549564169968,1009.9079
1549564170007,1009.9079
1549564170043,1009.9064
1549564170084,1009.9064
1549564170120,1009.9064
1549564170161,1009.9064
1549564170199,1009.9116
1549564170260,1009.9116
1549564170277,1009.9116
1549564170315,1009.9151
1549564170351,1009.9151
1549564170394,1009.9151
1549564170448,1009.9151
1549564170465,1009.9134
1549564170505,1009.9134
1549564170542,1009.9134
1549564170581,1009.9134
1549564170622,1009.9134
1549564170660,1009.9134
1549564170697,1009.9134
1549564170736,1009.9134
1549564170780,1009.89764
1549564170813,1009.89764
1549564170851,1009.89764
1549564170892,1009.91394
1549564170929,1009.91394
1549564170968,1009.91394
1549564171006,1009.91394
1549564171044,1009.91046
1549564171081,1009.91046
1549564171125,1009.91046
1549564171160,1009.91046
1549564171198,1009.9209
1549564171238,1009.9209
1549564171277,1009.9209
1549564171313,1009.9122
1549564171354,1009.9122
1549564171389,1009.9122
1549564171428,1009.9122
1549564171468,1009.9017
1549564171506,1009.9017
1549564171544,1009.9017
1549564171587,1009.9017
1549564171622,1009.9159
1549564171661,1009.9159
1549564171700,1009.9159
1549564171741,1009.9159
1549564171774,1009.9194
1549564171815,1009.9194
1549564171851,1009.9194
1549564171889,1009.9159
1549564171928,1009.9159
1549564171972,1009.9159
1549564172004,1009.9159
1549564172049,1009.9426
1549564172087,1009.9426
1549564172120,1009.9426
1549564172162,1009.9426
1549564172199,1009.9182
1549564172236,1009.9182
1549564172275,1009.9182
1549564172315,1009.92865
1549564172351,1009.92865
1549564172390,1009.92865
1549564172440,1009.92865
1549564172468,1009.9234
1549564172506,1009.9234
1549564172542,1009.9234
1549564172588,1009.9234
1549564172623,1009.9272
1549564172661,1009.9272
1549564172699,1009.9272
1549564172734,1009.9272
1549564172775,1009.9516
1549564172835,1009.9516
1549564172853,1009.9516
1549564172892,1009.9551
1549564172927,1009.9551
1549564172965,1009.9551
1549564173005,1009.9551
1549564173043,1009.9434
1549564173084,1009.9434
1549564173119,1009.9434
1549564173160,1009.9434
1549564173197,1009.95215
1549564173238,1009.95215
1549564173274,1009.95215
1549564173314,1009.95215
1549564173356,1009.9347
1549564173389,1009.9347
1549564173427,1009.9347
1549564173466,1009.9539
1549564173505,1009.9539
1549564173543,1009.9539
1549564173581,1009.9539
1549564173619,1009.9382
1549564173660,1009.9382
1549564173696,1009.9382
1549564173736,1009.9382
1549564173774,1009.94714
1549564173813,1009.94714
1549564173852,1009.94714
1549564173896,1009.9786
1549564173927,1009.9786
1549564173969,1009.9786
1549564174006,1009.9786
1549564174043,1009.9656
1549564174082,1009.9656
1549564174120,1009.9656
1549564174157,1009.9656
1549564174202,1009.96533
1549564174237,1009.96533
1549564174273,1009.96533
1549564174313,1009.96533
1549564174352,1009.9578
1549564174391,1009.9578
1549564174429,1009.9578
1549564174467,1009.95233
1549564174505,1009.95233
1549564174545,1009.95233
1549564174584,1009.95233
1549564174619,1009.957
1549564174658,1009.957
1549564174699,1009.957
1549564174735,1009.957
1549564174774,1009.95154
1549564174814,1009.95154
1549564174851,1009.95154
1549564174898,1009.951
1549564174928,1009.951
1549564174965,1009.951
1549564175005,1009.951
1549564175044,1009.9649
1549564175089,1009.9649
1549564175121,1009.9649
1549564175161,1009.9649
1549564175201,1009.9699
1549564175235,1009.9699
1549564175277,1009.9699
1549564175312,1009.9699
1549564175351,1009.9624
1549564175391,1009.9624
1549564175428,1009.9624
1549564175468,1009.9642
1549564175505,1009.9642
1549564175550,1009.9642
1549564175582,1009.9642
1549564175621,1009.99884
1549564175658,1009.99884
1549564175706,1009.99884
1549564175734,1009.99884
1549564175773,1009.98663
1549564175813,1009.98663
1549564175853,1009.98663
1549564175889,1009.98663
1549564175932,1009.9869
1549564175966,1009.9869
1549564176005,1009.9869
1549564176043,1009.98834
1549564176081,1009.98834
1549564176120,1009.98834
1549564176157,1009.98834
1549564176197,1010.00757
1549564176235,1010.00757
1549564176272,1010.00757
1549564176313,1010.00757
1549564176349,1010.00934
1549564176391,1010.00934
1549564176428,1010.00934
1549564176467,1010.0188
1549564176506,1010.0188
1549564176545,1010.0188
1549564176586,1010.0188
1549564176622,1010.04
1549564176656,1010.04
1549564176699,1010.04
1549564176734,1010.04
1549564176773,1010.0545
1549564176812,1010.0545
1549564176852,1010.0545
1549564176890,1010.0545
1549564176928,1010.05475
1549564176968,1010.05475
1549564177004,1010.05475
1549564177044,1010.0582
1549564177084,1010.0582
1549564177128,1010.0582
1549564177158,1010.0582
1549564177201,1010.07745
1549564177233,1010.07745
1549564177274,1010.07745
1549564177312,1010.07745
1549564177353,1010.07196
1549564177390,1010.07196
1549564177429,1010.07196
1549564177467,1010.0667
1549564177504,1010.0667
1549564177545,1010.0667
1549564177590,1010.0667
1549564177620,1010.09467
1549564177655,1010.09467
1549564177702,1010.09467
1549564177733,1010.09467
1549564177774,1010.09467
1549564177812,1010.09467
1549564177860,1010.09467
1549564177887,1010.09467
1549564177927,1010.0941
1549564177966,1010.0941
1549564178005,1010.0941
1549564178044,1010.1131
1549564178084,1010.1131
1549564178119,1010.1131
1549564178160,1010.1131
1549564178195,1010.127
1549564178235,1010.127
1549564178274,1010.127
1549564178310,1010.127
1549564178352,1010.1288
1549564178388,1010.1288
1549564178427,1010.1288
1549564178468,1010.1288
1549564178505,1010.116
1549564178543,1010.116
1549564178580,1010.116
1549564178618,1010.1439
1549564178658,1010.1439
1549564178695,1010.1439
1549564178734,1010.1439
1549564178773,1010.1542
1549564178815,1010.1542
1549564178851,1010.1542
1549564178888,1010.1542
1549564178933,1010.1431
1549564178966,1010.1431
1549564179002,1010.1431
1549564179042,1010.16235
1549564179081,1010.16235
1549564179120,1010.16235
1549564179157,1010.16235
1549564179195,1010.18304
1549564179234,1010.18304
1549564179272,1010.18304
1549564179312,1010.18304
1549564179349,1010.1685
1549564179390,1010.1685
1549564179426,1010.1685
1549564179466,1010.1685
1549564179505,1010.1807
1549564179542,1010.1807
1549564179581,1010.1807
1549564179622,1010.19293
1549564179656,1010.19293
1549564179696,1010.19293
1549564179737,1010.19293
1549564179772,1010.177
1549564179812,1010.177
1549564179852,1010.177
1549564179888,1010.177
1549564179926,1010.182
1549564179972,1010.182
1549564180004,1010.182
1549564180042,1010.18317
1549564180080,1010.18317
1549564180118,1010.18317
1549564180157,1010.18317
1549564180196,1010.17596
1549564180235,1010.17596
1549564180273,1010.17596
1549564180309,1010.17596
1549564180349,1010.1882
1549564180390,1010.1882
1549564180430,1010.1882
1549564180467,1010.1882
1549564180502,1010.1894
1549564180540,1010.1894
1549564180580,1010.1894
1549564180617,1010.1877
1549564180658,1010.1877
1549564180697,1010.1877
1549564180734,1010.1877
1549564180776,1010.1839
1549564180811,1010.1839
1549564180850,1010.1839
1549564180888,1010.1839
1549564180927,1010.2049
1549564180966,1010.2049
1549564181004,1010.2049
1549564181041,1010.2049
1549564181081,1010.2043
1549564181123,1010.2043
1549564181156,1010.2043
1549564181199,1010.20233
1549564181234,1010.20233
1549564181273,1010.20233
1549564181312,1010.20233
1549564181350,1010.19653
1549564181387,1010.19653
1549564181428,1010.19653
1549564181466,1010.19653
1549564181504,1010.19806
1549564181546,1010.19806
1549564181590,1010.19806
1549564181619,1010.19574
1549564181655,1010.19574
1549564181696,1010.19574
1549564181734,1010.19574
1549564181773,1010.19574
1549564181812,1010.19574
1549564181849,1010.19574
1549564181888,1010.19574
1549564181931,1010.2025
1549564181964,1010.2025
1549564182008,1010.2025
1549564182047,1010.2025
1549564182079,1010.2072
1549564182119,1010.2072
1549564182159,1010.2072
1549564182200,1010.2159
1549564182236,1010.2159
1549564182271,1010.2159
1549564182313,1010.2159
1549564182348,1010.2174
1549564182389,1010.2174
1549564182426,1010.2174
1549564182469,1010.2174
1549564182501,1010.2453
1549564182540,1010.2453
1549564182580,1010.2453
1549564182620,1010.24884
1549564182657,1010.24884
1549564182695,1010.24884
1549564182735,1010.24884
1549564182772,1010.2401
1549564182812,1010.2401
1549564182848,1010.2401
1549564182888,1010.2401
1549564182927,1010.2518
1549564182964,1010.2518
1549564183002,1010.2518
1549564183042,1010.2518
1549564183078,1010.257
1549564183118,1010.257
1549564183156,1010.257
1549564183195,1010.2358
1549564183234,1010.2358
1549564183274,1010.2358
1549564183311,1010.2358
1549564183352,1010.2463
1549564183388,1010.2463
1549564183426,1010.2463
1549564183463,1010.2463
1549564183502,1010.2777
1549564183540,1010.2777
1549564183580,1010.2777
1549564183620,1010.2777
1549564183655,1010.28815
1549564183697,1010.28815
1549564183735,1010.28815
1549564183772,1010.2812
1549564183809,1010.2812
1549564183849,1010.2812
1549564183890,1010.2812
1549564183925,1010.2789
1549564183966,1010.2789
1549564184001,1010.2789
1549564184040,1010.2789
1549564184079,1010.3225
1549564184123,1010.3225
1549564184155,1010.3225
1549564184194,1010.3161
1549564184231,1010.3161
1549564184299,1010.3161
1549564184309,1010.3161
1549564184348,1010.3039
1549564184385,1010.3039
1549564184424,1010.3039
1549564184462,1010.3039
1549564184509,1010.3074
1549564184539,1010.3074
1549564184578,1010.3074
1549564184617,1010.3074
1549564184656,1010.32855
1549564184798,1010.32855
1549564184798,1010.32855
1549564184800,1010.3303
1549564184824,1010.3303
1549564184881,1010.3303
1549564184899,1010.3303
1549564184924,1010.33203
1549564184963,1010.33203
1549564185003,1010.33203
1549564185041,1010.33203
1549564185084,1010.3251
1549564185138,1010.3251
1549564185156,1010.3251
1549564185197,1010.3443
1549564185230,1010.3443
1549564185273,1010.3443
1549564185348,1010.3443
1549564185349,1010.33905
1549564185397,1010.33905
1549564185428,1010.33905
1549564185461,1010.33905
1549564185501,1010.3448
1549564185540,1010.3448
1549564185578,1010.3448
1549564185621,1010.3448
1549564185658,1010.3338
1549564185696,1010.3338
1549564185735,1010.3338
1549564185777,1010.346
1549564185808,1010.346
1549564185850,1010.346
1549564185891,1010.346
1549564185929,1010.4071
1549564185966,1010.4071
1549564186005,1010.4071
1549564186038,1010.4071
1549564186077,1010.7789
1549564186116,1010.7789
1549564186159,1010.7789
1549564186197,1010.7789
1549564186232,1010.46466
1549564186278,1010.46466
1549564186311,1010.46466
1549564186347,1010.3757
1549564186385,1010.3757
1549564186424,1010.3757
1549564186466,1010.3757
1549564186507,1010.3757
1549564186542,1010.3757
1549564186577,1010.3757
1549564186620,1010.3757
1549564186655,1010.46466
1549564186698,1010.46466
1549564186734,1010.46466
1549564186769,1010.58685
1549564186809,1010.58685
1549564186846,1010.58685
1549564186885,1010.58685
1549564186930,1010.4784
1549564186963,1010.4784
1549564187004,1010.4784
1549564187040,1010.4784
1549564187079,1010.4034
1549564187115,1010.4034
1549564187156,1010.4034
1549564187192,1010.4034
1549564187231,1010.43475
1549564187272,1010.43475
1549564187309,1010.43475
1549564187349,1010.3984
1549564187387,1010.3984
1549564187446,1010.3984
1549564187461,1010.3984
1549564187500,1010.23956
1549564187539,1010.23956
1549564187578,1010.23956
1549564187618,1010.23956
1549564187655,1010.1994
1549564187702,1010.1994
1549564187731,1010.1994
1549564187775,1010.2535
1549564187808,1010.2535
1549564187847,1010.2535
1549564187885,1010.2535
1549564187926,1010.2378
1549564187961,1010.2378
1549564188003,1010.2378
1549564188040,1010.2378
1549564188080,1010.2483
1549564188116,1010.2483
1549564188155,1010.2483
1549564188196,1010.2483
1549564188233,1010.2541
1549564188268,1010.2541
1549564188307,1010.2541
1549564188352,1010.25055
1549564188408,1010.25055
1549564188436,1010.25055
1549564188466,1010.25055
1549564188499,1010.2508
1549564188537,1010.2508
1549564188576,1010.2508
1549564188659,1010.2508
1549564188667,1010.2648
1549564188713,1010.2648
1549564188745,1010.2648
1549564188771,1010.2648
1549564188807,1010.2962
1549564188845,1010.2962
1549564188886,1010.2962
1549564188928,1010.33514
1549564188963,1010.33514
1549564188999,1010.33514
1549564189038,1010.33514
1549564189076,1010.3264
1549564189114,1010.3264
1549564189152,1010.3264
1549564189191,1010.3264
1549564189232,1010.3299
1549564189268,1010.3299
1549564189307,1010.3299
1549564189348,1010.3503
1549564189386,1010.3503
1549564189429,1010.3503
1549564189460,1010.3503
1549564189502,1010.37354
1549564189538,1010.37354
1549564189577,1010.37354
1549564189617,1010.37354
1549564189660,1010.3511
1549564189691,1010.3511
1549564189732,1010.3511
1549564189770,1010.3511
1549564189816,1010.3685
1549564189846,1010.3685
1549564189884,1010.3685
1549564189924,1010.4087
1549564189961,1010.4087
1549564190001,1010.4087
1549564190039,1010.4087
1549564190077,1010.3441
1549564190114,1010.3441
1549564190158,1010.3441
1549564190196,1010.3441
1549564190232,1010.31323
1549564190272,1010.31323
1549564190311,1010.31323
1549564190347,1010.28357
1549564190385,1010.28357
1549564190424,1010.28357
1549564190462,1010.28357
1549564190500,1010.2731
1549564190547,1010.2731
1549564190577,1010.2731
1549564190617,1010.2731
1549564190654,1010.28534
