1518028759249,1010.2356
1518028759250,1010.2356
1518028759290,1010.2356
1518028759328,1010.3394
1518028759365,1010.3394
1518028759404,1010.3394
1518028759444,1010.3394
1518028759480,1010.3394
1518028759520,1010.3747
1518028759560,1010.3747
1518028759598,1010.3747
1518028759635,1010.3747
1518028759673,1010.4214
1518028759713,1010.4214
1518028759750,1010.4214
1518028759790,1010.4214
1518028759831,1010.50287
1518028759869,1010.50287
1518028759909,1010.50287
1518028759942,1010.50287
1518028759981,1010.49365
1518028760019,1010.49365
1518028760058,1010.49365
1518028760095,1010.49365
1518028760134,1010.5219
1518028760174,1010.5219
1518028760213,1010.5219
1518028760252,1010.5219
1518028760291,1010.5384
1518028760329,1010.5384
1518028760367,1010.5384
1518028760406,1010.5384
1518028760444,1010.5384
1518028760481,1010.5676
1518028760520,1010.5676
1518028760558,1010.5676
1518028760597,1010.5676
1518028760636,1010.5533
1518028760676,1010.5533
1518028760712,1010.5533
1518028760757,1010.5533
1518028760790,1010.57745
1518028760828,1010.57745
1518028760865,1010.57745
1518028760906,1010.57745
1518028760944,1010.5654
1518028760984,1010.5654
1518028761019,1010.5654
1518028761075,1010.5654
1518028761096,1010.5789
1518028761154,1010.5789
1518028761173,1010.5789
1518028761211,1010.5789
1518028761252,1010.5772
1518028761289,1010.5772
1518028761328,1010.5772
1518028761378,1010.5772
1518028761405,1010.5772
1518028761442,1010.5755
1518028761481,1010.5755
1518028761523,1010.5755
1518028761557,1010.5755
1518028761595,1010.5856
1518028761641,1010.5856
1518028761675,1010.5856
1518028761714,1010.5856
1518028761751,1010.5788
1518028761789,1010.5788
1518028761829,1010.5788
1518028761867,1010.5788
1518028761905,1010.60034
1518028761943,1010.60034
1518028761982,1010.60034
1518028762020,1010.60034
1518028762059,1010.57764
1518028762097,1010.57764
1518028762137,1010.57764
1518028762175,1010.57764
1518028762213,1010.57764
1518028762253,1010.6089
1518028762290,1010.6089
1518028762327,1010.6089
1518028762365,1010.6089
1518028762404,1010.58923
1518028762443,1010.58923
1518028762480,1010.58923
1518028762521,1010.58923
1518028762558,1010.607
1518028762596,1010.607
1518028762644,1010.607
1518028762672,1010.607
1518028762716,1010.589
1518028762749,1010.589
1518028762788,1010.589
1518028762828,1010.589
1518028762866,1010.60095
1518028762908,1010.60095
1518028762943,1010.60095
1518028762981,1010.60095
1518028763018,1010.5856
1518028763057,1010.5856
1518028763109,1010.5856
1518028763146,1010.5856
1518028763172,1010.5856
1518028763212,1010.5882
1518028763249,1010.5882
1518028763291,1010.5882
1518028763327,1010.5882
1518028763366,1010.57355
1518028763403,1010.57355
1518028763442,1010.57355
1518028763481,1010.57355
1518028763518,1010.5677
1518028763557,1010.5677
1518028763597,1010.5677
1518028763634,1010.5677
1518028763673,1010.5804
1518028763712,1010.5804
1518028763750,1010.5804
1518028763788,1010.5804
1518028763829,1010.57086
1518028763868,1010.57086
1518028763905,1010.57086
1518028763942,1010.57086
1518028763980,1010.59705
1518028764019,1010.59705
1518028764058,1010.59705
1518028764096,1010.59705
1518028764136,1010.59705
1518028764173,1010.5766
1518028764215,1010.5766
1518028764251,1010.5766
1518028764287,1010.5766
1518028764326,1010.6004
1518028764364,1010.6004
1518028764404,1010.6004
1518028764441,1010.6004
1518028764481,1010.57227
1518028764519,1010.57227
1518028764558,1010.57227
1518028764596,1010.57227
1518028764636,1010.5884
1518028764673,1010.5884
1518028764712,1010.5884
1518028764749,1010.5884
1518028764789,1010.5848
1518028764826,1010.5848
1518028764866,1010.5848
1518028764903,1010.5848
1518028764942,1010.59076
1518028764981,1010.59076
1518028765029,1010.59076
1518028765057,1010.59076
1518028765131,1010.59076
1518028765155,1010.6209
1518028765197,1010.6209
1518028765221,1010.6209
1518028765248,1010.6209
1518028765291,1010.6218
1518028765327,1010.6218
1518028765364,1010.6218
1518028765405,1010.6218
1518028765442,1010.6697
1518028765480,1010.6697
1518028765527,1010.6697
1518028765556,1010.6697
1518028765594,1010.6368
1518028765634,1010.6368
1518028765672,1010.6368
1518028765712,1010.6368
1518028765749,1010.6552
1518028765790,1010.6552
1518028765826,1010.6552
1518028765866,1010.6552
1518028765903,1010.63245
1518028765944,1010.63245
1518028765980,1010.63245
1518028766019,1010.63245
1518028766060,1010.63245
1518028766094,1010.6714
1518028766132,1010.6714
1518028766171,1010.6714
1518028766210,1010.6714
1518028766249,1010.6483
1518028766288,1010.6483
1518028766326,1010.6483
1518028766367,1010.6483
1518028766404,1010.6661
1518028766447,1010.6661
1518028766480,1010.6661
1518028766519,1010.6661
1518028766557,1010.6811
1518028766595,1010.6811
1518028766633,1010.6811
1518028766678,1010.6811
1518028766715,1010.6803
1518028766750,1010.6803
1518028766789,1010.6803
1518028766827,1010.6803
1518028766865,1010.6803
1518028766902,1010.72644
1518028766942,1010.72644
1518028766981,1010.72644
1518028767019,1010.72644
1518028767060,1010.7071
1518028767094,1010.7071
1518028767163,1010.7071
1518028767172,1010.7071
1518028767210,1010.7147
1518028767249,1010.7147
1518028767287,1010.7147
1518028767325,1010.7147
1518028767367,1010.695
1518028767402,1010.695
1518028767440,1010.695
1518028767478,1010.695
1518028767519,1010.7128
1518028767556,1010.7128
1518028767594,1010.7128
1518028767637,1010.7128
1518028767672,1010.6873
1518028767710,1010.6873
1518028767750,1010.6873
1518028767789,1010.6873
1518028767829,1010.6873
1518028767865,1010.72455
1518028767903,1010.72455
1518028767943,1010.72455
1518028767982,1010.72455
1518028768020,1010.68365
1518028768059,1010.68365
1518028768097,1010.68365
1518028768133,1010.68365
1518028768172,1010.6973
1518028768213,1010.6973
1518028768251,1010.6973
1518028768287,1010.6973
1518028768325,1010.6911
1518028768365,1010.6911
1518028768405,1010.6911
1518028768441,1010.6911
1518028768480,1010.6971
1518028768517,1010.6971
1518028768556,1010.6971
1518028768595,1010.6971
1518028768633,1010.72327
1518028768672,1010.72327
1518028768711,1010.72327
1518028768749,1010.72327
1518028768788,1010.72327
1518028768827,1010.7323
1518028768866,1010.7323
1518028768903,1010.7323
1518028768941,1010.7323
1518028768980,1010.75006
1518028769017,1010.75006
1518028769055,1010.75006
1518028769096,1010.75006
1518028769133,1010.75323
1518028769173,1010.75323
1518028769212,1010.75323
1518028769248,1010.75323
1518028769288,1010.7768
1518028769325,1010.7768
1518028769365,1010.7768
1518028769402,1010.7768
1518028769441,1010.77673
1518028769482,1010.77673
1518028769519,1010.77673
1518028769556,1010.77673
1518028769594,1010.7919
1518028769633,1010.7919
1518028769673,1010.7919
1518028769711,1010.7919
1518028769751,1010.7919
1518028769790,1010.78644
1518028769825,1010.78644
1518028769865,1010.78644
1518028769903,1010.78644
1518028769939,1010.79407
1518028769980,1010.79407
1518028770019,1010.79407
1518028770055,1010.79407
1518028770096,1010.78986
1518028770134,1010.78986
1518028770172,1010.78986
1518028770211,1010.78986
1518028770249,1010.78613
1518028770288,1010.78613
1518028770326,1010.78613
1518028770365,1010.78613
1518028770402,1010.8106
1518028770441,1010.8106
1518028770480,1010.8106
1518028770520,1010.8106
1518028770557,1010.8106
1518028770594,1010.8099
1518028770633,1010.8099
1518028770676,1010.8099
1518028770711,1010.8099
1518028770749,1010.832
1518028770789,1010.832
1518028770826,1010.832
1518028770864,1010.832
1518028770904,1010.81433
1518028770940,1010.81433
1518028770980,1010.81433
1518028771022,1010.81433
1518028771057,1010.81934
1518028771094,1010.81934
1518028771132,1010.81934
1518028771185,1010.81934
1518028771212,1010.82324
1518028771248,1010.82324
1518028771287,1010.82324
1518028771327,1010.82324
1518028771365,1010.8275
1518028771403,1010.8275
1518028771440,1010.8275
1518028771479,1010.8275
1518028771520,1010.8275
1518028771555,1010.85876
1518028771593,1010.85876
1518028771633,1010.85876
1518028771672,1010.85876
1518028771710,1010.85425
1518028771749,1010.85425
1518028771788,1010.85425
1518028771826,1010.85425
1518028771865,1010.85925
1518028771903,1010.85925
1518028771942,1010.85925
1518028771990,1010.85925
1518028772025,1010.85065
1518028772055,1010.85065
1518028772094,1010.85065
1518028772132,1010.85065
1518028772171,1010.86237
1518028772211,1010.86237
1518028772250,1010.86237
1518028772287,1010.86237
1518028772328,1010.8582
1518028772364,1010.8582
1518028772401,1010.8582
1518028772442,1010.8582
1518028772479,1010.8582
1518028772519,1010.8655
1518028772555,1010.8655
1518028772594,1010.8655
1518028772633,1010.8655
1518028772671,1010.87555
1518028772710,1010.87555
1518028772747,1010.87555
1518028772789,1010.87555
1518028772825,1010.8764
1518028772869,1010.8764
1518028772908,1010.8764
1518028772939,1010.8764
1518028772981,1010.9017
1518028773017,1010.9017
1518028773055,1010.9017
1518028773094,1010.9017
1518028773135,1010.9005
1518028773171,1010.9005
1518028773215,1010.9005
1518028773248,1010.9005
1518028773285,1010.90625
1518028773324,1010.90625
1518028773364,1010.90625
1518028773404,1010.90625
1518028773441,1010.90625
1518028773481,1010.8641
1518028773518,1010.8641
1518028773555,1010.8641
1518028773593,1010.8641
1518028773633,1010.8707
1518028773672,1010.8707
1518028773711,1010.8707
1518028773747,1010.8707
1518028773788,1010.8858
1518028773826,1010.8858
1518028773866,1010.8858
1518028773902,1010.8858
1518028773941,1010.8931
1518028773979,1010.8931
1518028774020,1010.8931
1518028774055,1010.8931
1518028774099,1010.92773
1518028774132,1010.92773
1518028774171,1010.92773
1518028774209,1010.92773
1518028774252,1010.92773
1518028774288,1010.9013
1518028774326,1010.9013
1518028774368,1010.9013
1518028774401,1010.9013
1518028774442,1010.91473
1518028774481,1010.91473
1518028774516,1010.91473
1518028774555,1010.91473
1518028774594,1010.9012
1518028774633,1010.9012
1518028774670,1010.9012
1518028774709,1010.9012
1518028774750,1010.9004
1518028774785,1010.9004
1518028774825,1010.9004
1518028774866,1010.9004
1518028774902,1010.8949
1518028774942,1010.8949
1518028774979,1010.8949
1518028775016,1010.8949
1518028775056,1010.89825
1518028775094,1010.89825
1518028775133,1010.89825
1518028775173,1010.89825
1518028775209,1010.89825
1518028775246,1010.90735
1518028775286,1010.90735
1518028775326,1010.90735
1518028775364,1010.90735
1518028775403,1010.8945
1518028775441,1010.8945
1518028775481,1010.8945
1518028775516,1010.8945
1518028775560,1010.91394
1518028775592,1010.91394
1518028775631,1010.91394
1518028775672,1010.91394
1518028775709,1010.9081
1518028775748,1010.9081
1518028775787,1010.9081
1518028775825,1010.9081
1518028775863,1010.9195
1518028775903,1010.9195
1518028775940,1010.9195
1518028775979,1010.9195
1518028776016,1010.9151
1518028776054,1010.9151
1518028776095,1010.9151
1518028776133,1010.9151
1518028776174,1010.9151
1518028776209,1010.9278
1518028776247,1010.9278
1518028776285,1010.9278
1518028776324,1010.9278
1518028776364,1010.92676
1518028776401,1010.92676
1518028776439,1010.92676
1518028776482,1010.92676
1518028776517,1010.9233
1518028776557,1010.9233
1518028776593,1010.9233
1518028776632,1010.9233
1518028776674,1010.9317
1518028776711,1010.9317
1518028776748,1010.9317
1518028776786,1010.9317
1518028776823,1010.92114
1518028776862,1010.92114
1518028776900,1010.92114
1518028776940,1010.92114
1518028776978,1010.9372
1518028777016,1010.9372
1518028777055,1010.9372
1518028777092,1010.9372
1518028777131,1010.9372
1518028777170,1010.92194
1518028777211,1010.92194
1518028777248,1010.92194
1518028777287,1010.92194
1518028777326,1010.9438
1518028777363,1010.9438
1518028777401,1010.9438
1518028777439,1010.9438
1518028777477,1010.93756
1518028777515,1010.93756
1518028777558,1010.93756
1518028777592,1010.93756
1518028777643,1010.946
1518028777669,1010.946
1518028777708,1010.946
1518028777749,1010.946
1518028777785,1010.9779
1518028777824,1010.9779
1518028777862,1010.9779
1518028777901,1010.9779
1518028777940,1010.9779
1518028777982,1010.961
1518028778016,1010.961
1518028778059,1010.961
1518028778094,1010.961
1518028778132,1010.97235
1518028778170,1010.97235
1518028778208,1010.97235
1518028778247,1010.97235
1518028778287,1010.97394
1518028778325,1010.97394
1518028778366,1010.97394
1518028778401,1010.97394
1518028778438,1010.9891
1518028778479,1010.9891
1518028778515,1010.9891
1518028778554,1010.9891
1518028778593,1010.96875
1518028778632,1010.96875
1518028778670,1010.96875
1518028778708,1010.96875
1518028778746,1010.98126
1518028778786,1010.98126
1518028778823,1010.98126
1518028778861,1010.98126
1518028778900,1010.98126
1518028778942,1010.9778
1518028778976,1010.9778
1518028779017,1010.9778
1518028779057,1010.9778
1518028779093,1010.99115
1518028779131,1010.99115
1518028779169,1010.99115
1518028779208,1010.99115
1518028779250,1011.0059
1518028779286,1011.0059
1518028779324,1011.0059
1518028779363,1011.0059
1518028779400,1010.9941
1518028779438,1010.9941
1518028779476,1010.9941
1518028779516,1010.9941
1518028779555,1011.026
1518028779591,1011.026
1518028779632,1011.026
1518028779669,1011.026
1518028779711,1011.01245
1518028779747,1011.01245
1518028779785,1011.01245
1518028779825,1011.01245
1518028779862,1011.01245
1518028779900,1011.01404
1518028779937,1011.01404
1518028779976,1011.01404
1518028780026,1011.01404
1518028780055,1010.98834
1518028780093,1010.98834
1518028780130,1010.98834
1518028780169,1010.98834
1518028780208,1011.0085
1518028780247,1011.0085
1518028780285,1011.0085
1518028780324,1011.0085
1518028780363,1010.99567
1518028780402,1010.99567
1518028780437,1010.99567
1518028780478,1010.99567
1518028780515,1011.0076
1518028780560,1011.0076
1518028780593,1011.0076
1518028780634,1011.0076
1518028780669,1011.0076
1518028780709,1010.9948
1518028780746,1010.9948
1518028780784,1010.9948
1518028780823,1010.9948
1518028780861,1011.00555
1518028780907,1011.00555
1518028780940,1011.00555
1518028780979,1011.00555
1518028781014,1010.99835
1518028781058,1010.99835
1518028781091,1010.99835
1518028781130,1010.99835
1518028781172,1011.0068
1518028781207,1011.0068
1518028781247,1011.0068
1518028781286,1011.0068
1518028781323,1011.01
1518028781364,1011.01
1518028781401,1011.01
1518028781441,1011.01
1518028781477,1011.0096
1518028781516,1011.0096
1518028781554,1011.0096
1518028781594,1011.0096
1518028781631,1011.0096
1518028781668,1011.03143
1518028781708,1011.03143
1518028781746,1011.03143
1518028781783,1011.03143
1518028781824,1011.02765
1518028781861,1011.02765
1518028781900,1011.02765
1518028781941,1011.02765
1518028781976,1011.03937
1518028782018,1011.03937
1518028782057,1011.03937
1518028782091,1011.03937
1518028782131,1011.0291
1518028782169,1011.0291
1518028782208,1011.0291
1518028782247,1011.0291
1518028782283,1011.03076
1518028782325,1011.03076
1518028782361,1011.03076
1518028782404,1011.03076
1518028782442,1011.03815
1518028782476,1011.03815
1518028782515,1011.03815
1518028782557,1011.03815
1518028782593,1011.03815
1518028782630,1011.0354
1518028782669,1011.0354
1518028782707,1011.0354
1518028782746,1011.0354
1518028782784,1011.0471
1518028782823,1011.0471
1518028782862,1011.0471
1518028782899,1011.0471
1518028782938,1011.0268
1518028782975,1011.0268
1518028783014,1011.0268
1518028783060,1011.0268
1518028783091,1011.029
1518028783129,1011.029
1518028783167,1011.029
1518028783207,1011.029
1518028783247,1011.01886
1518028783285,1011.01886
1518028783322,1011.01886
1518028783363,1011.01886
1518028783400,1011.01776
1518028783439,1011.01776
1518028783480,1011.01776
1518028783515,1011.01776
1518028783553,1011.01776
1518028783592,1011.00757
1518028783629,1011.00757
1518028783667,1011.00757
1518028783707,1011.00757
1518028783745,1011.02435
1518028783784,1011.02435
1518028783822,1011.02435
1518028783861,1011.02435
1518028783899,1011.0357
1518028783938,1011.0357
1518028783977,1011.0357
1518028784017,1011.0357
1518028784057,1011.033
1518028784090,1011.033
1518028784134,1011.033
1518028784169,1011.033
1518028784208,1011.04803
1518028784246,1011.04803
1518028784284,1011.04803
1518028784323,1011.04803
1518028784359,1011.04803
1518028784401,1011.0504
1518028784438,1011.0504
1518028784475,1011.0504
1518028784515,1011.0504
1518028784552,1011.05536
1518028784590,1011.05536
1518028784630,1011.05536
1518028784669,1011.05536
1518028784707,1011.05597
1518028784748,1011.05597
1518028784784,1011.05597
1518028784824,1011.05597
1518028784862,1011.0694
1518028784899,1011.0694
1518028784936,1011.0694
1518028784977,1011.0694
1518028785014,1011.071
1518028785053,1011.071
1518028785091,1011.071
1518028785129,1011.071
1518028785169,1011.06824
1518028785207,1011.06824
1518028785245,1011.06824
1518028785287,1011.06824
1518028785324,1011.06824
1518028785362,1011.05035
1518028785401,1011.05035
1518028785438,1011.05035
1518028785476,1011.05035
1518028785514,1011.056
1518028785552,1011.056
1518028785591,1011.056
1518028785629,1011.056
1518028785669,1011.03876
1518028785712,1011.03876
1518028785746,1011.03876
1518028785784,1011.03876
1518028785822,1011.05286
1518028785861,1011.05286
1518028785897,1011.05286
1518028785937,1011.05286
1518028785978,1011.04944
1518028786016,1011.04944
1518028786053,1011.04944
1518028786090,1011.04944
1518028786130,1011.0618
1518028786168,1011.0618
1518028786208,1011.0618
1518028786245,1011.0618
1518028786285,1011.0618
1518028786322,1011.0567
1518028786366,1011.0567
1518028786400,1011.0567
1518028786436,1011.0567
1518028786475,1011.0566
1518028786513,1011.0566
1518028786554,1011.0566
1518028786592,1011.0566
1518028786629,1011.04205
1518028786667,1011.04205
1518028786706,1011.04205
1518028786744,1011.04205
1518028786783,1011.0352
1518028786821,1011.0352
1518028786859,1011.0352
1518028786897,1011.0352
1518028786937,1011.0385
1518028786975,1011.0385
1518028787015,1011.0385
1518028787054,1011.0385
1518028787096,1011.0385
1518028787131,1011.029
1518028787166,1011.029
1518028787207,1011.029
1518028787244,1011.029
1518028787286,1011.0286
1518028787323,1011.0286
1518028787362,1011.0286
1518028787399,1011.0286
1518028787437,1011.0369
1518028787475,1011.0369
1518028787513,1011.0369
1518028787555,1011.0369
1518028787595,1011.04694
1518028787629,1011.04694
1518028787667,1011.04694
1518028787708,1011.04694
1518028787743,1011.04083
1518028787783,1011.04083
1518028787821,1011.04083
1518028787859,1011.04083
1518028787897,1011.03564
1518028787939,1011.03564
1518028787974,1011.03564
1518028788015,1011.03564
1518028788053,1011.03564
1518028788101,1011.02716
1518028788128,1011.02716
1518028788171,1011.02716
1518028788207,1011.02716
1518028788246,1011.0351
1518028788284,1011.0351
1518028788320,1011.0351
1518028788358,1011.0351
1518028788398,1011.02057
1518028788439,1011.02057
1518028788474,1011.02057
1518028788512,1011.02057
1518028788553,1011.0633
1518028788592,1011.0633
1518028788628,1011.0633
1518028788667,1011.0633
1518028788706,1011.05145
1518028788743,1011.05145
1518028788782,1011.05145
1518028788822,1011.05145
1518028788880,1011.0766
1518028788899,1011.0766
1518028788936,1011.0766
1518028788975,1011.0766
1518028789015,1011.0766
1518028789055,1011.0688
1518028789089,1011.0688
1518028789128,1011.0688
1518028789167,1011.0688
1518028789204,1011.09656
1518028789243,1011.09656
1518028789284,1011.09656
1518028789320,1011.09656
1518028789360,1011.0742
1518028789398,1011.0742
1518028789436,1011.0742
1518028789475,1011.0742
1518028789515,1011.10046
1518028789553,1011.10046
1518028789589,1011.10046
1518028789630,1011.10046
1518028789668,1011.10004
1518028789707,1011.10004
1518028789744,1011.10004
1518028789783,1011.10004
1518028789827,1011.10004
1518028789862,1011.1141
1518028789897,1011.1141
1518028789935,1011.1141
1518028789974,1011.1141
1518028790013,1011.0911
1518028790051,1011.0911
1518028790091,1011.0911
1518028790128,1011.0911
1518028790166,1011.1187
1518028790206,1011.1187
1518028790244,1011.1187
1518028790283,1011.1187
1518028790320,1011.11017
1518028790359,1011.11017
1518028790401,1011.11017
1518028790434,1011.11017
1518028790473,1011.131
1518028790513,1011.131
1518028790553,1011.131
1518028790591,1011.131
1518028790627,1011.11066
1518028790668,1011.11066
1518028790705,1011.11066
1518028790744,1011.11066
1518028790782,1011.11066
1518028790820,1011.11566
1518028790859,1011.11566
1518028790898,1011.11566
1518028790937,1011.11566
1518028790974,1011.10034
1518028791014,1011.10034
1518028791051,1011.10034
1518028791093,1011.10034
1518028791128,1011.11847
1518028791166,1011.11847
1518028791204,1011.11847
1518028791244,1011.11847
1518028791283,1011.1254
1518028791320,1011.1254
1518028791358,1011.1254
1518028791398,1011.1254
1518028791436,1011.127
1518028791477,1011.127
1518028791512,1011.127
1518028791552,1011.127
1518028791600,1011.127
1518028791627,1011.14545
1518028791665,1011.14545
1518028791704,1011.14545
1518028791744,1011.14545
1518028791783,1011.1343
1518028791821,1011.1343
1518028791862,1011.1343
1518028791897,1011.1343
1518028791936,1011.15936
1518028791978,1011.15936
1518028792016,1011.15936
1518028792052,1011.15936
1518028792089,1011.1475
1518028792127,1011.1475
1518028792168,1011.1475
1518028792205,1011.1475
1518028792244,1011.18744
1518028792281,1011.18744
1518028792320,1011.18744
1518028792359,1011.18744
1518028792404,1011.14594
1518028792436,1011.14594
1518028792476,1011.14594
1518028792511,1011.14594
1518028792551,1011.14594
1518028792589,1011.16437
1518028792627,1011.16437
1518028792666,1011.16437
1518028792706,1011.16437
1518028792744,1011.1448
1518028792782,1011.1448
1518028792821,1011.1448
1518028792860,1011.1448
1518028792896,1011.15906
1518028792938,1011.15906
1518028792973,1011.15906
1518028793012,1011.15906
1518028793051,1011.1503
1518028793093,1011.1503
1518028793127,1011.1503
1518028793167,1011.1503
1518028793206,1011.1475
1518028793244,1011.1475
1518028793283,1011.1475
1518028793321,1011.1475
1518028793358,1011.16
1518028793398,1011.16
1518028793435,1011.16
1518028793475,1011.16
1518028793513,1011.16
1518028793551,1011.14374
1518028793591,1011.14374
1518028793626,1011.14374
1518028793666,1011.14374
1518028793705,1011.15106
1518028793741,1011.15106
1518028793782,1011.15106
1518028793819,1011.15106
1518028793857,1011.1425
1518028793897,1011.1425
1518028793934,1011.1425
1518028793973,1011.1425
1518028794014,1011.1431
1518028794052,1011.1431
1518028794088,1011.1431
1518028794126,1011.1431
1518028794166,1011.15216
1518028794204,1011.15216
1518028794242,1011.15216
1518028794285,1011.15216
1518028794320,1011.15216
1518028794358,1011.14606
1518028794395,1011.14606
1518028794434,1011.14606
1518028794473,1011.14606
1518028794511,1011.1375
1518028794549,1011.1375
1518028794590,1011.1375
1518028794626,1011.1375
1518028794664,1011.14484
1518028794703,1011.14484
1518028794741,1011.14484
1518028794779,1011.14484
1518028794821,1011.13293
1518028794858,1011.13293
1518028794897,1011.13293
1518028794936,1011.13293
1518028795015,1011.1453
1518028795016,1011.1453
1518028795063,1011.1453
1518028795090,1011.1453
1518028795133,1011.1341
1518028795165,1011.1341
1518028795205,1011.1341
1518028795241,1011.1341
1518028795280,1011.1341
1518028795321,1011.1539
1518028795542,1011.1539
1518028795542,1011.1539
1518028795542,1011.1539
1518028795542,1011.1504
1518028795542,1011.1504
1518028795549,1011.1504
1518028795610,1011.1504
1518028795807,1011.1797
1518028795807,1011.1797
1518028795819,1011.1797
1518028795856,1011.1797
1518028795895,1011.15735
1518028795934,1011.15735
1518028795972,1011.15735
1518028796009,1011.15735
1518028796050,1011.17474
1518028796086,1011.17474
1518028796126,1011.17474
1518028796174,1011.17474
1518028796203,1011.1353
1518028796242,1011.1353
1518028796279,1011.1353
1518028796319,1011.1353
1518028796356,1011.1534
1518028796397,1011.1534
1518028796442,1011.1534
1518028796473,1011.1534
1518028796520,1011.1801
1518028796548,1011.1801
1518028796588,1011.1801
1518028796628,1011.1801
1518028796665,1011.1801
1518028796704,1011.1791
1518028796740,1011.1791
1518028796779,1011.1791
1518028796820,1011.1791
1518028796858,1011.2513
1518028796900,1011.2513
1518028796934,1011.2513
1518028796971,1011.2513
1518028797010,1011.2266
1518028797049,1011.2266
1518028797091,1011.2266
1518028797126,1011.2266
1518028797168,1011.2575
1518028797203,1011.2575
1518028797242,1011.2575
1518028797281,1011.2575
1518028797317,1011.2321
1518028797355,1011.2321
1518028797395,1011.2321
1518028797439,1011.2321
1518028797471,1011.2321
1518028797510,1011.2361
1518028797548,1011.2361
1518028797590,1011.2361
1518028797627,1011.2361
1518028797664,1011.1896
1518028797701,1011.1896
1518028797740,1011.1896
1518028797783,1011.1896
1518028797843,1011.20624
1518028797856,1011.20624
1518028797894,1011.20624
1518028797933,1011.20624
1518028797972,1011.2035
1518028798010,1011.2035
1518028798049,1011.2035
1518028798087,1011.2035
1518028798133,1011.20636
1518028798167,1011.20636
1518028798207,1011.20636
1518028798246,1011.20636
1518028798282,1011.25336
1518028798322,1011.25336
1518028798358,1011.25336
1518028798398,1011.25336
1518028798437,1011.25336
1518028798473,1011.23376
1518028798518,1011.23376
1518028798551,1011.23376
1518028798589,1011.23376
1518028798627,1011.2639
1518028798665,1011.2639
1518028798703,1011.2639
1518028798743,1011.2639
1518028798781,1011.26373
1518028798824,1011.26373
1518028798858,1011.26373
1518028798896,1011.26373
1518028798935,1011.2694
1518028798974,1011.2694
1518028799014,1011.2694
1518028799060,1011.2694
1518028799109,1011.24475
1518028799126,1011.24475
1518028799164,1011.24475
1518028799212,1011.24475
1518028799249,1011.2487
1518028799281,1011.2487
1518028799318,1011.2487
1518028799358,1011.2487
1518028799399,1011.2487
1518028799436,1011.24927
1518028799478,1011.24927
1518028799511,1011.24927
1518028799551,1011.24927
1518028799587,1011.25323
1518028799626,1011.25323
1518028799666,1011.25323
1518028799719,1011.25323
1518028799742,1011.27496
1518028799779,1011.27496
1518028799819,1011.27496
1518028799857,1011.27496
1518028799897,1011.2698
1518028799938,1011.2698
1518028799974,1011.2698
1518028800014,1011.2698
1518028800048,1011.28046
1518028800087,1011.28046
1518028800149,1011.28046
1518028800163,1011.28046
1518028800202,1011.28046
1518028800241,1011.2665
1518028800283,1011.2665
1518028800360,1011.2665
1518028800361,1011.2665
1518028800396,1011.2731
1518028800435,1011.2731
1518028800475,1011.2731
1518028800511,1011.2731
1518028800553,1011.26526
1518028800589,1011.26526
1518028800627,1011.26526
1518028800665,1011.26526
1518028800704,1011.2752
1518028800742,1011.2752
1518028800779,1011.2752
1518028800818,1011.2752
1518028800855,1011.3009
1518028800895,1011.3009
1518028800932,1011.3009
1518028800971,1011.3009
1518028801010,1011.2914
1518028801048,1011.2914
1518028801087,1011.2914
1518028801125,1011.2914
1518028801165,1011.2914
1518028801202,1011.30774
1518028801240,1011.30774
1518028801280,1011.30774
1518028801318,1011.30774
1518028801372,1011.30084
1518028801400,1011.30084
1518028801434,1011.30084
1518028801473,1011.30084
1518028801511,1011.3115
1518028801549,1011.3115
1518028801589,1011.3115
1518028801628,1011.3115
1518028801666,1011.3013
1518028801704,1011.3013
1518028801742,1011.3013
1518028801780,1011.3013
1518028801819,1011.3112
1518028801875,1011.3112
1518028801896,1011.3112
1518028801935,1011.3112
1518028801976,1011.3112
1518028802011,1011.29596
1518028802052,1011.29596
1518028802090,1011.29596
1518028802126,1011.29596
1518028802168,1011.2888
1518028802205,1011.2888
1518028802242,1011.2888
1518028802279,1011.2888
1518028802319,1011.2894
1518028802356,1011.2894
1518028802397,1011.2894
1518028802434,1011.2894
1518028802490,1011.29333
1518028802512,1011.29333
1518028802549,1011.29333
1518028802588,1011.29333
1518028802625,1011.3218
1518028802665,1011.3218
1518028802707,1011.3218
1518028802742,1011.3218
1518028802782,1011.3045
1518028802821,1011.3045
1518028802859,1011.3045
1518028802898,1011.3045
1518028802953,1011.3045
1518028802977,1011.3138
1518028803012,1011.3138
1518028803048,1011.3138
1518028803087,1011.3138
1518028803127,1011.28577
1518028803167,1011.28577
1518028803203,1011.28577
1518028803242,1011.28577
1518028803278,1011.29535
1518028803319,1011.29535
1518028803357,1011.29535
1518028803396,1011.29535
1518028803434,1011.2909
1518028803471,1011.2909
1518028803512,1011.2909
1518028803548,1011.2909
1518028803588,1011.29486
1518028803626,1011.29486
1518028803666,1011.29486
1518028803708,1011.29486
1518028803742,1011.3653
1518028803782,1011.3653
1518028803829,1011.3653
1518028803860,1011.3653
1518028803899,1011.3653
1518028803933,1011.3373
1518028803973,1011.3373
1518028804010,1011.3373
1518028804051,1011.3373
1518028804089,1011.3563
1518028804126,1011.3563
1518028804164,1011.3563
1518028804201,1011.3563
1518028804246,1011.31824
1518028804280,1011.31824
1518028804320,1011.31824
1518028804355,1011.31824
1518028804395,1011.3281
1518028804436,1011.3281
1518028804471,1011.3281
1518028804511,1011.3281
1518028804548,1011.3119
1518028804587,1011.3119
1518028804628,1011.3119
1518028804667,1011.3119
1518028804708,1011.3119
1518028804744,1011.3571
1518028804779,1011.3571
1518028804817,1011.3571
1518028804856,1011.3571
1518028804895,1011.325
1518028804934,1011.325
1518028804972,1011.325
1518028805008,1011.325
1518028805050,1011.3515
1518028805086,1011.3515
1518028805128,1011.3515
1518028805166,1011.3515
1518028805205,1011.31946
1518028805240,1011.31946
1518028805278,1011.31946
1518028805320,1011.31946
1518028805356,1011.32336
1518028805397,1011.32336
1518028805433,1011.32336
1518028805472,1011.32336
1518028805510,1011.2993
1518028805551,1011.2993
1518028805590,1011.2993
1518028805627,1011.2993
1518028805665,1011.2993
1518028805704,1011.30756
1518028805743,1011.30756
1518028805781,1011.30756
1518028805819,1011.30756
1518028805856,1011.30145
1518028805895,1011.30145
1518028805942,1011.30145
1518028805972,1011.30145
1518028806011,1011.2952
1518028806049,1011.2952
1518028806088,1011.2952
1518028806128,1011.2952
1518028806164,1011.32605
1518028806203,1011.32605
1518028806240,1011.32605
1518028806282,1011.32605
1518028806320,1011.3158
1518028806359,1011.3158
1518028806397,1011.3158
1518028806434,1011.3158
1518028806473,1011.3158
1518028806512,1011.34326
1518028806548,1011.34326
1518028806588,1011.34326
1518028806627,1011.34326
1518028806668,1011.33203
1518028806702,1011.33203
1518028806742,1011.33203
1518028806780,1011.33203
1518028806818,1011.3554
1518028806857,1011.3554
1518028806896,1011.3554
1518028806935,1011.3554
1518028806971,1011.3274
1518028807012,1011.3274
1518028807050,1011.3274
1518028807086,1011.3274
1518028807125,1011.3397
1518028807164,1011.3397
1518028807203,1011.3397
1518028807240,1011.3397
1518028807280,1011.3278
1518028807317,1011.3278
1518028807356,1011.3278
1518028807394,1011.3278
1518028807435,1011.3278
1518028807472,1011.33435
1518028807510,1011.33435
1518028807552,1011.33435
1518028807586,1011.33435
1518028807638,1011.3332
1518028807663,1011.3332
1518028807700,1011.3332
1518028807745,1011.3332
1518028807779,1011.32196
1518028807818,1011.32196
1518028807859,1011.32196
1518028807895,1011.32196
1518028807934,1011.34674
1518028807972,1011.34674
1518028808009,1011.34674
1518028808049,1011.34674
1518028808086,1011.3288
1518028808126,1011.3288
1518028808164,1011.3288
1518028808202,1011.3288
1518028808242,1011.3288
1518028808289,1011.3377
1518028808325,1011.3377
1518028808355,1011.3377
1518028808394,1011.3377
1518028808435,1011.31305
1518028808470,1011.31305
1518028808509,1011.31305
1518028808548,1011.31305
1518028808585,1011.3381
1518028808626,1011.3381
1518028808667,1011.3381
1518028808712,1011.3381
1518028808739,1011.3269
1518028808777,1011.3269
1518028808819,1011.3269
1518028808856,1011.3269
1518028808896,1011.34424
1518028808931,1011.34424
1518028808971,1011.34424
1518028809008,1011.34424
1518028809046,1011.34235
1518028809088,1011.34235
1518028809125,1011.34235
1518028809163,1011.34235
1518028809201,1011.34235
1518028809240,1011.3379
1518028809278,1011.3379
1518028809317,1011.3379
1518028809356,1011.3379
1518028809395,1011.3485
1518028809433,1011.3485
1518028809470,1011.3485
1518028809509,1011.3485
1518028809547,1011.33563
1518028809587,1011.33563
1518028809624,1011.33563
1518028809662,1011.33563
1518028809703,1011.3707
1518028809740,1011.3707
1518028809779,1011.3707
1518028809819,1011.3707
1518028809854,1011.33936
1518028809896,1011.33936
1518028809934,1011.33936
1518028809973,1011.33936
1518028810011,1011.33936
1518028810049,1011.3711
1518028810085,1011.3711
1518028810125,1011.3711
1518028810165,1011.3711
1518028810206,1011.3397
1518028810239,1011.3397
1518028810290,1011.3397
1518028810315,1011.3397
1518028810354,1011.33356
1518028810393,1011.33356
1518028810434,1011.33356
1518028810472,1011.33356
1518028810509,1011.3136
1518028810549,1011.3136
1518028810587,1011.3136
1518028810624,1011.3136
1518028810664,1011.3117
1518028810704,1011.3117
1518028810742,1011.3117
1518028810780,1011.3117
1518028810818,1011.3072
1518028810856,1011.3072
1518028810895,1011.3072
1518028810932,1011.3072
1518028810971,1011.3072
1518028811008,1011.3085
1518028811049,1011.3085
1518028811088,1011.3085
1518028811126,1011.3085
1518028811166,1011.34357
1518028811201,1011.34357
1518028811241,1011.34357
1518028811277,1011.34357
1518028811317,1011.3256
1518028811355,1011.3256
1518028811393,1011.3256
1518028811433,1011.3256
1518028811473,1011.3463
1518028811508,1011.3463
1518028811547,1011.3463
1518028811586,1011.3463
1518028811625,1011.3267
1518028811663,1011.3267
1518028811704,1011.3267
1518028811741,1011.3267
1518028811779,1011.3267
1518028811818,1011.3692
1518028811854,1011.3692
1518028811902,1011.3692
1518028811932,1011.3692
1518028811974,1011.3345
1518028812008,1011.3345
1518028812050,1011.3345
1518028812086,1011.3345
1518028812125,1011.36523
1518028812162,1011.36523
1518028812201,1011.36523
1518028812241,1011.36523
1518028812278,1011.3423
1518028812316,1011.3423
1518028812354,1011.3423
1518028812394,1011.3423
1518028812434,1011.35724
1518028812473,1011.35724
1518028812510,1011.35724
1518028812546,1011.35724
1518028812585,1011.3359
1518028812626,1011.3359
1518028812660,1011.3359
1518028812704,1011.3359
1518028812738,1011.3359
1518028812779,1011.3465
1518028812818,1011.3465
1518028812865,1011.3465
1518028812892,1011.3465
1518028812935,1011.3336
1518028812973,1011.3336
1518028813009,1011.3336
1518028813046,1011.3336
1518028813085,1011.3341
1518028813129,1011.3341
1518028813161,1011.3341
1518028813201,1011.3341
1518028813238,1011.338
1518028813278,1011.338
1518028813317,1011.338
1518028813353,1011.338
1518028813393,1011.33246
1518028813435,1011.33246
1518028813471,1011.33246
1518028813508,1011.33246
1518028813550,1011.33246
1518028813585,1011.3582
1518028813624,1011.3582
1518028813661,1011.3582
1518028813700,1011.3582
1518028813740,1011.34357
1518028813782,1011.34357
1518028813816,1011.34357
1518028813853,1011.34357
1518028813900,1011.3492
1518028813949,1011.3492
1518028813976,1011.3492
1518028814008,1011.3492
1518028814045,1011.3221
1518028814085,1011.3221
1518028814125,1011.3221
1518028814163,1011.3221
1518028814222,1011.3327
1518028814240,1011.3327
1518028814276,1011.3327
1518028814315,1011.3327
1518028814354,1011.3309
1518028814393,1011.3309
1518028814431,1011.3309
1518028814471,1011.3309
1518028814507,1011.3309
1518028814546,1011.33734
1518028814585,1011.33734
1518028814623,1011.33734
1518028814663,1011.33734
1518028814699,1011.3405
1518028814741,1011.3405
1518028814779,1011.3405
1518028814815,1011.3405
1518028814854,1011.3427
1518028814894,1011.3427
1518028814935,1011.3427
1518028814971,1011.3427
1518028815008,1011.35736
1518028815045,1011.35736
1518028815085,1011.35736
1518028815127,1011.35736
1518028815161,1011.3689
1518028815200,1011.3689
1518028815239,1011.3689
1518028815279,1011.3689
1518028815316,1011.3689
1518028815353,1011.37177
1518028815392,1011.37177
1518028815431,1011.37177
1518028815469,1011.37177
1518028815506,1011.37494
1518028815546,1011.37494
1518028815585,1011.37494
1518028815624,1011.37494
1518028815663,1011.4017
1518028815701,1011.4017
1518028815740,1011.4017
1518028815777,1011.4017
1518028815816,1011.39716
1518028815854,1011.39716
1518028815892,1011.39716
1518028815930,1011.39716
1518028815969,1011.39264
1518028816008,1011.39264
1518028816046,1011.39264
1518028816087,1011.39264
1518028816124,1011.3797
1518028816160,1011.3797
1518028816199,1011.3797
1518028816239,1011.3797
1518028816277,1011.3797
1518028816321,1011.3946
1518028816359,1011.3946
1518028816393,1011.3946
1518028816431,1011.3946
1518028816471,1011.3951
1518028816507,1011.3951
1518028816545,1011.3951
1518028816584,1011.3951
1518028816628,1011.3956
1518028816662,1011.3956
1518028816701,1011.3956
1518028816739,1011.3956
1518028816777,1011.4146
1518028816819,1011.4146
1518028816853,1011.4146
1518028816892,1011.4146
1518028816930,1011.39496
1518028816969,1011.39496
1518028817009,1011.39496
1518028817044,1011.39496
1518028817083,1011.39496
1518028817124,1011.4207
1518028817161,1011.4207
1518028817201,1011.4207
1518028817241,1011.4207
1518028817280,1011.4171
1518028817314,1011.4171
1518028817355,1011.4171
1518028817393,1011.4171
1518028817433,1011.4167
1518028817471,1011.4167
1518028817514,1011.4167
1518028817546,1011.4167
1518028817584,1011.4064
1518028817622,1011.4064
1518028817660,1011.4064
1518028817701,1011.4064
1518028817739,1011.4237
1518028817777,1011.4237
1518028817816,1011.4237
1518028817853,1011.4237
1518028817893,1011.42926
1518028817932,1011.42926
1518028817987,1011.42926
1518028818012,1011.42926
1518028818046,1011.42926
1518028818084,1011.4341
1518028818125,1011.4341
1518028818164,1011.4341
1518028818197,1011.4341
1518028818240,1011.44867
1518028818277,1011.44867
1518028818315,1011.44867
1518028818355,1011.44867
1518028818392,1011.429
1518028818433,1011.429
1518028818474,1011.429
1518028818509,1011.429
1518028818546,1011.4463
1518028818585,1011.4463
1518028818624,1011.4463
1518028818662,1011.4463
1518028818699,1011.44104
1518028818737,1011.44104
1518028818778,1011.44104
1518028818816,1011.44104
1518028818857,1011.44104
1518028818890,1011.4509
1518028818930,1011.4509
1518028818971,1011.4509
1518028819008,1011.4509
1518028819045,1011.4447
1518028819087,1011.4447
1518028819126,1011.4447
1518028819163,1011.4447
1518028819198,1011.4479
1518028819239,1011.4479
1518028819277,1011.4479
1518028819316,1011.4479
1518028819354,1011.445
1518028819393,1011.445
1518028819429,1011.445
1518028819477,1011.445
1518028819507,1011.4431
1518028819546,1011.4431
1518028819583,1011.4431
1518028819624,1011.4431
1518028819661,1011.4427
1518028819699,1011.4427
1518028819738,1011.4427
1518028819776,1011.4427
1518028819815,1011.4427
1518028819856,1011.44147
1518028819890,1011.44147
1518028819933,1011.44147
1518028819968,1011.44147
1518028820008,1011.4554
1518028820045,1011.4554
1518028820083,1011.4554
1518028820122,1011.4554
1518028820160,1011.4465
1518028820199,1011.4465
1518028820257,1011.4465
1518028820283,1011.4465
1518028820314,1011.44025
1518028820356,1011.44025
1518028820390,1011.44025
1518028820429,1011.44025
1518028820469,1011.4331
1518028820507,1011.4331
1518028820545,1011.4331
1518028820599,1011.4331
1518028820624,1011.4331
1518028820661,1011.4453
1518028820698,1011.4453
1518028820737,1011.4453
1518028820775,1011.4453
1518028820815,1011.44586
1518028820852,1011.44586
1518028820891,1011.44586
1518028820936,1011.44586
1518028820968,1011.4379
1518028821008,1011.4379
1518028821053,1011.4379
1518028821084,1011.4379
1518028821122,1011.42834
1518028821162,1011.42834
1518028821200,1011.42834
1518028821236,1011.42834
1518028821275,1011.4221
1518028821314,1011.4221
1518028821353,1011.4221
1518028821393,1011.4221
1518028821430,1011.4294
1518028821471,1011.4294
1518028821505,1011.4294
1518028821548,1011.4294
1518028821583,1011.4294
1518028821623,1011.4416
1518028821661,1011.4416
1518028821699,1011.4416
1518028821741,1011.4416
1518028821779,1011.4505
1518028821813,1011.4505
1518028821852,1011.4505
1518028821891,1011.4505
1518028821929,1011.45935
1518028821966,1011.45935
1518028822005,1011.45935
1518028822043,1011.45935
1518028822084,1011.4565
1518028822122,1011.4565
1518028822161,1011.4565
1518028822200,1011.4565
1518028822237,1011.4771
1518028822279,1011.4771
1518028822315,1011.4771
1518028822371,1011.4771
1518028822396,1011.4771
1518028822429,1011.4803
1518028822467,1011.4803
1518028822504,1011.4803
1518028822544,1011.4803
1518028822591,1011.46564
1518028822622,1011.46564
1518028822662,1011.46564
1518028822700,1011.46564
1518028822736,1011.47046
1518028822776,1011.47046
1518028822815,1011.47046
1518028822852,1011.47046
1518028822896,1011.4793
1518028822928,1011.4793
1518028822966,1011.4793
1518028823006,1011.4793
1518028823043,1011.4688
1518028823087,1011.4688
1518028823123,1011.4688
1518028823160,1011.4688
1518028823200,1011.4769
1518028823237,1011.4769
1518028823275,1011.4769
1518028823317,1011.4769
1518028823354,1011.4769
1518028823392,1011.46234
1518028823430,1011.46234
1518028823468,1011.46234
1518028823504,1011.46234
1518028823545,1011.4571
1518028823584,1011.4571
1518028823625,1011.4571
1518028823659,1011.4571
1518028823698,1011.4559
1518028823737,1011.4559
1518028823776,1011.4559
1518028823814,1011.4559
1518028823853,1011.4554
1518028823893,1011.4554
1518028823928,1011.4554
1518028823967,1011.4554
1518028824005,1011.43744
1518028824045,1011.43744
1518028824083,1011.43744
1518028824124,1011.43744
1518028824159,1011.43744
1518028824197,1011.4557
1518028824236,1011.4557
1518028824281,1011.4557
1518028824315,1011.4557
1518028824359,1011.4528
1518028824389,1011.4528
1518028824429,1011.4528
1518028824466,1011.4528
1518028824506,1011.4499
1518028824544,1011.4499
1518028824582,1011.4499
1518028824621,1011.4499
1518028824659,1011.45776
1518028824721,1011.45776
1518028824745,1011.45776
1518028824773,1011.45776
1518028824816,1011.4599
1518028824850,1011.4599
1518028824888,1011.4599
1518028824928,1011.4599
1518028824977,1011.46747
1518028825005,1011.46747
1518028825043,1011.46747
1518028825083,1011.46747
1518028825122,1011.46747
1518028825161,1011.4552
1518028825200,1011.4552
1518028825236,1011.4552
1518028825275,1011.4552
1518028825312,1011.45905
1518028825351,1011.45905
1518028825391,1011.45905
1518028825428,1011.45905
1518028825467,1011.4511
1518028825506,1011.4511
1518028825543,1011.4511
1518028825583,1011.4511
1518028825622,1011.46
1518028825658,1011.46
1518028825700,1011.46
1518028825734,1011.46
1518028825775,1011.4511
1518028825812,1011.4511
1518028825853,1011.4511
1518028825892,1011.4511
1518028825928,1011.4511
1518028825967,1011.45325
1518028826006,1011.45325
1518028826043,1011.45325
1518028826082,1011.45325
1518028826123,1011.4638
1518028826160,1011.4638
1518028826196,1011.4638
1518028826236,1011.4638
1518028826277,1011.44916
1518028826315,1011.44916
1518028826350,1011.44916
1518028826392,1011.44916
1518028826430,1011.458
1518028826467,1011.458
1518028826505,1011.458
1518028826544,1011.458
1518028826582,1011.4578
1518028826622,1011.4578
1518028826659,1011.4578
1518028826700,1011.4578
1518028826736,1011.4578
1518028826774,1011.4523
1518028826813,1011.4523
1518028826852,1011.4523
1518028826893,1011.4523
1518028826930,1011.436
1518028826982,1011.436
1518028827010,1011.436
1518028827047,1011.436
1518028827081,1011.4398
1518028827120,1011.4398
1518028827158,1011.4398
1518028827196,1011.4398
1518028827236,1011.4436
1518028827273,1011.4436
1518028827312,1011.4436
1518028827352,1011.4436
1518028827390,1011.4491
1518028827430,1011.4491
1518028827484,1011.4491
1518028827505,1011.4491
1518028827544,1011.4489
1518028827582,1011.4489
1518028827620,1011.4489
1518028827660,1011.4489
1518028827697,1011.4489
1518028827736,1011.43024
1518028827775,1011.43024
1518028827811,1011.43024
1518028827853,1011.43024
1518028827888,1011.43976
1518028827928,1011.43976
1518028827968,1011.43976
1518028828007,1011.43976
1518028828045,1011.4292
1518028828083,1011.4292
1518028828120,1011.4292
1518028828159,1011.4292
1518028828197,1011.42865
1518028828288,1011.42865
1518028828288,1011.42865
1518028828312,1011.42865
1518028828349,1011.4325
1518028828387,1011.4325
1518028828428,1011.4325
1518028828464,1011.4325
1518028828511,1011.4325
1518028828544,1011.4179
1518028828580,1011.4179
1518028828618,1011.4179
1518028828659,1011.4179
1518028828695,1011.43774
1518028828734,1011.43774
1518028828773,1011.43774
1518028828811,1011.43774
1518028828849,1011.42816
1518028828888,1011.42816
1518028828926,1011.42816
1518028828964,1011.42816
1518028829003,1011.4253
1518028829041,1011.4253
1518028829081,1011.4253
1518028829119,1011.4253
1518028829156,1011.4241
1518028829196,1011.4241
1518028829233,1011.4241
1518028829272,1011.4241
1518028829310,1011.4195
1518028829350,1011.4195
1518028829388,1011.4195
1518028829426,1011.4195
1518028829465,1011.4195
1518028829503,1011.4223
1518028829542,1011.4223
1518028829580,1011.4223
1518028829620,1011.4223
1518028829657,1011.3984
1518028829694,1011.3984
1518028829734,1011.3984
1518028829772,1011.3984
1518028829812,1011.41223
1518028829849,1011.41223
1518028829888,1011.41223
1518028829926,1011.41223
1518028829965,1011.4066
1518028830003,1011.4066
1518028830041,1011.4066
1518028830080,1011.4066
1518028830118,1011.41547
1518028830157,1011.41547
1518028830195,1011.41547
1518028830233,1011.41547
1518028830272,1011.41547
1518028830310,1011.3941
1518028830350,1011.3941
1518028830386,1011.3941
1518028830426,1011.3941
1518028830466,1011.41974
1518028830504,1011.41974
1518028830543,1011.41974
1518028830579,1011.41974
1518028830620,1011.4068
1518028830665,1011.4068
1518028830698,1011.4068
1518028830734,1011.4068
1518028830773,1011.4156
1518028830812,1011.4156
1518028830849,1011.4156
1518028830891,1011.4156
1518028830928,1011.3946
1518028830966,1011.3946
1518028831005,1011.3946
1518028831046,1011.3946
1518028831091,1011.3946
1518028831123,1011.37994
1518028831158,1011.37994
1518028831196,1011.37994
1518028831236,1011.37994
1518028831273,1011.37274
1518028831313,1011.37274
1518028831350,1011.37274
1518028831390,1011.37274
1518028831428,1011.3993
1518028831467,1011.3993
1518028831508,1011.3993
1518028831544,1011.3993
1518028831582,1011.4014
1518028831618,1011.4014
1518028831657,1011.4014
1518028831698,1011.4014
1518028831736,1011.4035
1518028831776,1011.4035
1518028831824,1011.4035
1518028831853,1011.4035
1518028831888,1011.39825
1518028831928,1011.39825
1518028831967,1011.39825
1518028832004,1011.39825
1518028832045,1011.39825
1518028832081,1011.40875
1518028832120,1011.40875
1518028832160,1011.40875
1518028832194,1011.40875
1518028832236,1011.41925
1518028832272,1011.41925
1518028832313,1011.41925
1518028832352,1011.41925
1518028832389,1011.409
1518028832429,1011.409
1518028832465,1011.409
1518028832503,1011.409
1518028832544,1011.41876
1518028832582,1011.41876
1518028832618,1011.41876
1518028832658,1011.41876
1518028832696,1011.3931
1518028832736,1011.3931
1518028832774,1011.3931
1518028832811,1011.3931
1518028832852,1011.3931
1518028832888,1011.41534
1518028832928,1011.41534
1518028832967,1011.41534
1518028833004,1011.41534
1518028833045,1011.39905
1518028833082,1011.39905
1518028833120,1011.39905
1518028833158,1011.39905
1518028833198,1011.4012
1518028833235,1011.4012
1518028833272,1011.4012
1518028833309,1011.4012
1518028833349,1011.3748
1518028833388,1011.3748
1518028833429,1011.3748
1518028833465,1011.3748
1518028833503,1011.4004
1518028833543,1011.4004
1518028833582,1011.4004
1518028833620,1011.4004
1518028833657,1011.3824
1518028833695,1011.3824
1518028833734,1011.3824
1518028833774,1011.3824
1518028833810,1011.3824
1518028833851,1011.36847
1518028833891,1011.36847
1518028833929,1011.36847
1518028833964,1011.36847
1518028834004,1011.3682
1518028834043,1011.3682
1518028834082,1011.3682
1518028834120,1011.3682
1518028834158,1011.3821
1518028834197,1011.3821
1518028834235,1011.3821
1518028834272,1011.3821
1518028834312,1011.3935
1518028834350,1011.3935
1518028834388,1011.3935
1518028834425,1011.3935
1518028834464,1011.37384
1518028834502,1011.37384
1518028834541,1011.37384
1518028834583,1011.37384
1518028834618,1011.37384
1518028834659,1011.38367
1518028834696,1011.38367
1518028834734,1011.38367
1518028834772,1011.38367
1518028834811,1011.3814
1518028834849,1011.3814
1518028834886,1011.3814
1518028834930,1011.3814
1518028834964,1011.3996
1518028835006,1011.3996
1518028835044,1011.3996
1518028835083,1011.3996
1518028835123,1011.36554
1518028835157,1011.36554
1518028835196,1011.36554
1518028835233,1011.36554
1518028835272,1011.35425
1518028835310,1011.35425
1518028835353,1011.35425
1518028835387,1011.35425
1518028835427,1011.35425
1518028835464,1011.353
1518028835504,1011.353
1518028835544,1011.353
1518028835581,1011.353
1518028835624,1011.3645
1518028835657,1011.3645
1518028835696,1011.3645
1518028835733,1011.3645
1518028835778,1011.36993
1518028835816,1011.36993
1518028835847,1011.36993
1518028835888,1011.36993
1518028835927,1011.3597
1518028835965,1011.3597
1518028836004,1011.3597
1518028836040,1011.3597
1518028836080,1011.3701
1518028836117,1011.3701
1518028836155,1011.3701
1518028836195,1011.3701
1518028836233,1011.37054
1518028836274,1011.37054
1518028836312,1011.37054
1518028836349,1011.37054
1518028836389,1011.37054
1518028836429,1011.39307
1518028836465,1011.39307
1518028836503,1011.39307
1518028836542,1011.39307
1518028836581,1011.3801
1518028836621,1011.3801
1518028836657,1011.3801
1518028836695,1011.3801
1518028836733,1011.3671
1518028836785,1011.3671
1518028836811,1011.3671
1518028836849,1011.3671
1518028836888,1011.35583
1518028836927,1011.35583
1518028836967,1011.35583
1518028837013,1011.35583
1518028837040,1011.36633
1518028837080,1011.36633
1518028837117,1011.36633
1518028837158,1011.36633
1518028837196,1011.36633
1518028837233,1011.3735
1518028837273,1011.3735
1518028837310,1011.3735
1518028837352,1011.3735
1518028837388,1011.3699
1518028837425,1011.3699
1518028837463,1011.3699
1518028837504,1011.3699
1518028837542,1011.38873
1518028837580,1011.38873
1518028837618,1011.38873
1518028837658,1011.38873
1518028837699,1011.37976
1518028837741,1011.37976
1518028837772,1011.37976
1518028837819,1011.37976
1518028837846,1011.3862
1518028837888,1011.3862
1518028837925,1011.3862
1518028837964,1011.3862
1518028838005,1011.3862
1518028838042,1011.3438
1518028838078,1011.3438
1518028838118,1011.3438
1518028838157,1011.3438
1518028838195,1011.36365
1518028838233,1011.36365
1518028838272,1011.36365
1518028838316,1011.36365
1518028838349,1011.35065
1518028838391,1011.35065
1518028838425,1011.35065
1518028838467,1011.35065
1518028838504,1011.36115
1518028838542,1011.36115
1518028838580,1011.36115
1518028838627,1011.36115
1518028838659,1011.3682
1518028838695,1011.3682
1518028838732,1011.3682
1518028838773,1011.3682
1518028838809,1011.37036
1518028838849,1011.37036
1518028838887,1011.37036
1518028838926,1011.37036
1518028838966,1011.37036
1518028839005,1011.3658
1518028839042,1011.3658
1518028839081,1011.3658
1518028839117,1011.3658
1518028839158,1011.3568
1518028839195,1011.3568
1518028839234,1011.3568
1518028839272,1011.3568
1518028839310,1011.36224
1518028839349,1011.36224
1518028839386,1011.36224
1518028839426,1011.36224
1518028839464,1011.35095
1518028839502,1011.35095
1518028839544,1011.35095
1518028839579,1011.35095
1518028839619,1011.3581
1518028839656,1011.3581
1518028839695,1011.3581
1518028839732,1011.3581
1518028839772,1011.3581
1518028839813,1011.3494
1518028839848,1011.3494
1518028839888,1011.3494
1518028839927,1011.3494
1518028839965,1011.36127
1518028840004,1011.36127
1518028840044,1011.36127
1518028840077,1011.36127
1518028840118,1011.3593
1518028840155,1011.3593
1518028840193,1011.3593
1518028840233,1011.3593
1518028840272,1011.3597
1518028840308,1011.3597
1518028840349,1011.3597
1518028840389,1011.3597
1518028840426,1011.34607
1518028840464,1011.34607
1518028840503,1011.34607
1518028840561,1011.34607
1518028840578,1011.34607
1518028840618,1011.3642
1518028840654,1011.3642
1518028840692,1011.3642
1518028840734,1011.3642
1518028840772,1011.36127
1518028840811,1011.36127
1518028840847,1011.36127
1518028840885,1011.36127
1518028840924,1011.3784
1518028840962,1011.3784
1518028841004,1011.3784
1518028841042,1011.3784
1518028841080,1011.3571
1518028841118,1011.3571
1518028841156,1011.3571
1518028841197,1011.3571
1518028841231,1011.36755
1518028841275,1011.36755
1518028841310,1011.36755
1518028841348,1011.36755
1518028841386,1011.34784
1518028841424,1011.34784
1518028841464,1011.34784
1518028841502,1011.34784
1518028841541,1011.34784
1518028841579,1011.3861
1518028841618,1011.3861
1518028841655,1011.3861
1518028841695,1011.3861
1518028841731,1011.3614
1518028841769,1011.3614
1518028841814,1011.3614
1518028841847,1011.3614
1518028841897,1011.37854
1518028841927,1011.37854
1518028841964,1011.37854
1518028842001,1011.37854
1518028842043,1011.3612
1518028842079,1011.3612
1518028842118,1011.3612
1518028842158,1011.3612
1518028842194,1011.39343
1518028842232,1011.39343
1518028842273,1011.39343
1518028842311,1011.39343
1518028842349,1011.39343
1518028842385,1011.3754
1518028842427,1011.3754
1518028842463,1011.3754
1518028842502,1011.3754
1518028842540,1011.36914
1518028842578,1011.36914
1518028842617,1011.36914
1518028842659,1011.36914
1518028842693,1011.3906
1518028842732,1011.3906
1518028842771,1011.3906
1518028842809,1011.3906
1518028842848,1011.39105
1518028842886,1011.39105
1518028842926,1011.39105
1518028842964,1011.39105
1518028843003,1011.40485
1518028843041,1011.40485
1518028843078,1011.40485
1518028843115,1011.40485
1518028843155,1011.40485
1518028843193,1011.3701
1518028843231,1011.3701
1518028843273,1011.3701
1518028843309,1011.3701
1518028843346,1011.38153
1518028843387,1011.38153
1518028843425,1011.38153
1518028843464,1011.38153
1518028843502,1011.3863
1518028843541,1011.3863
1518028843578,1011.3863
1518028843625,1011.3863
1518028843656,1011.38434
1518028843692,1011.38434
1518028843731,1011.38434
1518028843770,1011.38434
1518028843809,1011.3724
1518028843847,1011.3724
1518028843887,1011.3724
1518028843928,1011.3724
1518028843965,1011.37775
1518028844002,1011.37775
1518028844039,1011.37775
1518028844077,1011.37775
1518028844116,1011.37775
1518028844155,1011.38824
1518028844194,1011.38824
1518028844233,1011.38824
1518028844269,1011.38824
1518028844308,1011.3836
1518028844347,1011.3836
1518028844385,1011.3836
1518028844426,1011.3836
1518028844463,1011.36896
1518028844500,1011.36896
1518028844541,1011.36896
1518028844580,1011.36896
1518028844633,1011.3566
1518028844659,1011.3566
1518028844694,1011.3566
1518028844731,1011.3566
1518028844772,1011.38983
1518028844807,1011.38983
1518028844848,1011.38983
1518028844884,1011.38983
1518028844924,1011.38983
1518028844964,1011.3768
1518028844999,1011.3768
1518028845041,1011.3768
1518028845079,1011.3768
1518028845116,1011.3765
1518028845172,1011.3765
1518028845196,1011.3765
1518028845232,1011.3765
1518028845269,1011.3662
1518028845309,1011.3662
1518028845348,1011.3662
1518028845385,1011.3662
1518028845425,1011.38336
1518028845466,1011.38336
1518028845505,1011.38336
1518028845543,1011.38336
1518028845578,1011.377
1518028845615,1011.377
1518028845671,1011.377
1518028845692,1011.377
1518028845732,1011.377
1518028845772,1011.3925
1518028845811,1011.3925
1518028845848,1011.3925
1518028845883,1011.3925
1518028845924,1011.3845
1518028845963,1011.3845
1518028846001,1011.3845
1518028846039,1011.3845
1518028846077,1011.384
1518028846136,1011.384
1518028846155,1011.384
1518028846192,1011.384
1518028846229,1011.37695
1518028846270,1011.37695
1518028846310,1011.37695
1518028846345,1011.37695
1518028846385,1011.3851
1518028846423,1011.3851
1518028846464,1011.3851
1518028846499,1011.3851
1518028846537,1011.347
1518028846578,1011.347
1518028846616,1011.347
1518028846654,1011.347
1518028846692,1011.347
1518028846731,1011.338
1518028846775,1011.338
1518028846808,1011.338
1518028846847,1011.338
1518028846901,1011.3334
1518028846927,1011.3334
1518028846969,1011.3334
1518028847000,1011.3334
1518028847037,1011.3364
1518028847081,1011.3364
1518028847116,1011.3364
1518028847155,1011.3364
1518028847193,1011.3502
1518028847230,1011.3502
1518028847271,1011.3502
1518028847310,1011.3502
1518028847346,1011.3372
1518028847384,1011.3372
1518028847424,1011.3372
1518028847465,1011.3372
1518028847502,1011.3372
1518028847537,1011.3637
1518028847578,1011.3637
1518028847617,1011.3637
1518028847654,1011.3637
1518028847694,1011.3614
1518028847733,1011.3614
1518028847769,1011.3614
1518028847809,1011.3614
1518028847847,1011.3668
1518028847898,1011.3668
1518028847923,1011.3668
1518028847960,1011.3668
1518028848001,1011.3515
1518028848040,1011.3515
1518028848077,1011.3515
1518028848116,1011.3515
1518028848155,1011.36224
1518028848192,1011.36224
1518028848231,1011.36224
1518028848269,1011.36224
1518028848315,1011.36224
1518028848344,1011.3636
1518028848383,1011.3636
1518028848421,1011.3636
1518028848461,1011.3636
1518028848501,1011.36395
1518028848538,1011.36395
1518028848581,1011.36395
1518028848618,1011.36395
1518028848656,1011.351
1518028848692,1011.351
1518028848730,1011.351
1518028848769,1011.351
1518028848810,1011.3537
1518028848845,1011.3537
1518028848885,1011.3537
1518028848925,1011.3537
1518028848962,1011.36346
1518028848999,1011.36346
1518028849036,1011.36346
1518028849091,1011.36346
1518028849116,1011.36346
1518028849153,1011.3488
1518028849200,1011.3488
1518028849231,1011.3488
1518028849268,1011.3488
1518028849308,1011.4455
1518028849345,1011.4455
1518028849383,1011.4455
1518028849423,1011.4455
1518028849462,1011.38165
1518028849499,1011.38165
1518028849537,1011.38165
1518028849581,1011.38165
1518028849616,1011.3897
1518028849656,1011.3897
1518028849697,1011.3897
1518028849731,1011.3897
1518028849768,1011.3667
1518028849809,1011.3667
1518028849846,1011.3667
1518028849884,1011.3667
1518028849923,1011.35535
1518028849961,1011.35535
1518028850003,1011.35535
1518028850040,1011.35535
1518028850076,1011.35535
1518028850117,1011.31964
1518028850153,1011.31964
1518028850191,1011.31964
1518028850229,1011.31964
1518028850268,1011.34607
1518028850307,1011.34607
1518028850345,1011.34607
1518028850383,1011.34607
1518028850426,1011.3565
1518028850461,1011.3565
1518028850499,1011.3565
1518028850537,1011.3565
1518028850576,1011.3569
1518028850614,1011.3569
1518028850655,1011.3569
1518028850692,1011.3569
1518028850731,1011.37494
1518028850770,1011.37494
1518028850806,1011.37494
1518028850846,1011.37494
1518028850885,1011.37494
1518028850921,1011.3696
1518028850962,1011.3696
1518028851000,1011.3696
1518028851037,1011.3696
1518028851076,1011.39813
1518028851115,1011.39813
1518028851153,1011.39813
1518028851192,1011.39813
1518028851230,1011.3644
1518028851268,1011.3644
1518028851308,1011.3644
1518028851347,1011.3644
1518028851387,1011.44
1518028851424,1011.44
1518028851461,1011.44
1518028851499,1011.44
1518028851537,1011.3879
1518028851578,1011.3879
1518028851614,1011.3879
1518028851653,1011.3879
1518028851713,1011.3879
1518028851738,1011.3966
1518028851767,1011.3966
1518028851808,1011.3966
1518028851846,1011.3966
1518028851885,1011.3669
1518028851922,1011.3669
1518028851960,1011.3669
1518028852000,1011.3669
1518028852038,1011.38464
1518028852075,1011.38464
1518028852123,1011.38464
1518028852152,1011.38464
1518028852192,1011.3442
1518028852229,1011.3442
1518028852268,1011.3442
1518028852308,1011.3442
1518028852344,1011.34796
1518028852384,1011.34796
1518028852421,1011.34796
1518028852460,1011.34796
1518028852500,1011.3794
1518028852539,1011.3794
1518028852578,1011.3794
1518028852615,1011.3794
1518028852653,1011.3794
1518028852690,1011.3691
1518028852730,1011.3691
1518028852770,1011.3691
1518028852805,1011.3691
1518028852847,1011.37714
1518028852882,1011.37714
1518028852924,1011.37714
1518028852959,1011.37714
1518028853000,1011.3815
1518028853038,1011.3815
1518028853077,1011.3815
1518028853114,1011.3815
1518028853153,1011.38617
1518028853194,1011.38617
1518028853231,1011.38617
1518028853269,1011.38617
1518028853309,1011.3675
1518028853344,1011.3675
1518028853383,1011.3675
1518028853425,1011.3675
1518028853460,1011.3675
1518028853499,1011.4023
1518028853537,1011.4023
1518028853576,1011.4023
1518028853614,1011.4023
1518028853654,1011.36255
1518028853692,1011.36255
1518028853732,1011.36255
1518028853770,1011.36255
1518028853807,1011.3833
1518028853844,1011.3833
1518028853883,1011.3833
1518028853922,1011.3833
1518028853961,1011.3559
1518028854000,1011.3559
1518028854037,1011.3559
1518028854078,1011.3559
1518028854121,1011.363
1518028854157,1011.363
1518028854191,1011.363
1518028854230,1011.363
1518028854270,1011.363
1518028854304,1011.34595
1518028854345,1011.34595
1518028854383,1011.34595
1518028854422,1011.34595
1518028854460,1011.359
1518028854499,1011.359
1518028854537,1011.359
1518028854576,1011.359
1518028854614,1011.3647
1518028854668,1011.3647
1518028854693,1011.3647
1518028854728,1011.3647
1518028854766,1011.3658
1518028854806,1011.3658
1518028854843,1011.3658
1518028854881,1011.3658
1518028854921,1011.37714
1518028854960,1011.37714
1518028854996,1011.37714
1518028855035,1011.37714
1518028855074,1011.37714
1518028855112,1011.36346
1518028855151,1011.36346
1518028855189,1011.36346
1518028855229,1011.36346
1518028855304,1011.38824
1518028855305,1011.38824
1518028855354,1011.38824
1518028855380,1011.38824
1518028855418,1011.36017
1518028855460,1011.36017
1518028855496,1011.36017
1518028855537,1011.36017
1518028855574,1011.38055
1518028855613,1011.38055
1518028855652,1011.38055
1518028855691,1011.38055
1518028855732,1011.3769
1518028855768,1011.3769
1518028855804,1011.3769
1518028855842,1011.3769
1518028855883,1011.4107
1518028855922,1011.4107
1518028855960,1011.4107
1518028855998,1011.4107
1518028856039,1011.4107
1518028856074,1011.3676
1518028856113,1011.3676
1518028856152,1011.3676
1518028856191,1011.3676
1518028856230,1011.40875
1518028856266,1011.40875
1518028856305,1011.40875
1518028856345,1011.40875
1518028856382,1011.36334
1518028856426,1011.36334
1518028856459,1011.36334
1518028856498,1011.36334
1518028856535,1011.37805
1518028856575,1011.37805
1518028856616,1011.37805
1518028856652,1011.37805
1518028856689,1011.366
1518028856730,1011.366
1518028856767,1011.366
1518028856805,1011.366
1518028856844,1011.366
1518028856884,1011.37744
1518028856922,1011.37744
1518028856960,1011.37744
1518028856998,1011.37744
1518028857038,1011.36176
1518028857073,1011.36176
1518028857113,1011.36176
1518028857153,1011.36176
1518028857192,1011.3564
1518028857230,1011.3564
1518028857267,1011.3564
1518028857306,1011.3564
1518028857347,1011.36115
1518028857383,1011.36115
1518028857420,1011.36115
1518028857458,1011.36115
1518028857497,1011.35077
1518028857536,1011.35077
1518028857574,1011.35077
1518028857614,1011.35077
1518028857652,1011.35077
1518028857691,1011.3655
1518028857729,1011.3655
1518028857768,1011.3655
1518028857806,1011.3655
1518028857844,1011.35016
1518028857882,1011.35016
1518028857923,1011.35016
1518028857966,1011.35016
1518028857998,1011.37286
1518028858038,1011.37286
1518028858076,1011.37286
1518028858128,1011.37286
1518028858154,1011.3569
1518028858191,1011.3569
1518028858231,1011.3569
1518028858266,1011.3569
1518028858307,1011.394
1518028858344,1011.394
1518028858382,1011.394
1518028858419,1011.394
1518028858460,1011.394
1518028858498,1011.3562
1518028858536,1011.3562
1518028858586,1011.3562
1518028858612,1011.3562
1518028858651,1011.38226
1518028858692,1011.38226
1518028858729,1011.38226
1518028858766,1011.38226
1518028858805,1011.3663
1518028858843,1011.3663
1518028858882,1011.3663
1518028858920,1011.3663
1518028858959,1011.371
1518028858998,1011.371
1518028859036,1011.371
1518028859074,1011.371
1518028859112,1011.3757
1518028859152,1011.3757
1518028859193,1011.3757
1518028859230,1011.3757
1518028859267,1011.3757
1518028859307,1011.37335
1518028859346,1011.37335
1518028859381,1011.37335
1518028859419,1011.37335
1518028859458,1011.36566
1518028859497,1011.36566
1518028859538,1011.36566
1518028859576,1011.36566
1518028859612,1011.352
1518028859654,1011.352
1518028859692,1011.352
1518028859728,1011.352
1518028859765,1011.3433
1518028859804,1011.3433
1518028859844,1011.3433
1518028859881,1011.3433
1518028859922,1011.33594
1518028859959,1011.33594
1518028859997,1011.33594
1518028860045,1011.33594
1518028860073,1011.36066
1518028860125,1011.36066
1518028860149,1011.36066
1518028860188,1011.36066
1518028860226,1011.36066
1518028860265,1011.3537
1518028860338,1011.3537
1518028860341,1011.3537
1518028860381,1011.3537
1518028860421,1011.37506
1518028860457,1011.37506
1518028860497,1011.37506
1518028860535,1011.37506
1518028860574,1011.35535
1518028860614,1011.35535
1518028860662,1011.35535
1518028860690,1011.35535
1518028860726,1011.38446
1518028860767,1011.38446
1518028860806,1011.38446
1518028860844,1011.38446
1518028860881,1011.35236
1518028860921,1011.35236
1518028860958,1011.35236
1518028860997,1011.35236
1518028861039,1011.35236
1518028861075,1011.38043
1518028861113,1011.38043
1518028861151,1011.38043
1518028861196,1011.38043
1518028861228,1011.34735
1518028861266,1011.34735
1518028861307,1011.34735
1518028861343,1011.34735
1518028861382,1011.3337
1518028861422,1011.3337
1518028861461,1011.3337
1518028861497,1011.3337
1518028861534,1011.3527
1518028861574,1011.3527
1518028861613,1011.3527
1518028861658,1011.3527
1518028861689,1011.3424
1518028861726,1011.3424
1518028861766,1011.3424
1518028861804,1011.3424
1518028861843,1011.3424
1518028861883,1011.3528
1518028861919,1011.3528
1518028861958,1011.3528
1518028861996,1011.3528
1518028862035,1011.3237
1518028862073,1011.3237
1518028862112,1011.3237
1518028862150,1011.3237
1518028862189,1011.3578
1518028862228,1011.3578
1518028862264,1011.3578
1518028862304,1011.3578
1518028862347,1011.32574
1518028862382,1011.32574
1518028862421,1011.32574
1518028862461,1011.32574
1518028862498,1011.3471
1518028862536,1011.3471
1518028862574,1011.3471
1518028862612,1011.3471
1518028862650,1011.3471
1518028862688,1011.31305
1518028862728,1011.31305
1518028862767,1011.31305
1518028862804,1011.31305
1518028862841,1011.3127
1518028862881,1011.3127
1518028862920,1011.3127
1518028862961,1011.3127
1518028862997,1011.3134
1518028863036,1011.3134
1518028863074,1011.3134
1518028863114,1011.3134
1518028863149,1011.32477
1518028863191,1011.32477
1518028863229,1011.32477
1518028863267,1011.32477
1518028863309,1011.3267
1518028863343,1011.3267
1518028863382,1011.3267
1518028863419,1011.3267
1518028863457,1011.3291
1518028863495,1011.3291
1518028863560,1011.3291
1518028863572,1011.3291
1518028863612,1011.3291
1518028863660,1011.34283
1518028863688,1011.34283
1518028863727,1011.34283
1518028863766,1011.34283
1518028863804,1011.3341
1518028863843,1011.3341
1518028863880,1011.3341
1518028863919,1011.3341
1518028863959,1011.3421
1518028863996,1011.3421
1518028864034,1011.3421
1518028864073,1011.3421
1518028864112,1011.32275
1518028864151,1011.32275
1518028864190,1011.32275
1518028864228,1011.32275
1518028864265,1011.3515
1518028864302,1011.3515
1518028864343,1011.3515
1518028864382,1011.3515
1518028864421,1011.3515
1518028864459,1011.3358
1518028864496,1011.3358
1518028864535,1011.3358
1518028864573,1011.3358
1518028864613,1011.3438
1518028864651,1011.3438
1518028864689,1011.3438
1518028864727,1011.3438
1518028864765,1011.3241
1518028864804,1011.3241
1518028864842,1011.3241
1518028864881,1011.3241
1518028864920,1011.32043
1518028864956,1011.32043
1518028864996,1011.32043
1518028865034,1011.32043
1518028865073,1011.30774
1518028865111,1011.30774
1518028865150,1011.30774
1518028865191,1011.30774
1518028865224,1011.30774
1518028865265,1011.3114
1518028865312,1011.3114
1518028865340,1011.3114
1518028865382,1011.3114
1518028865418,1011.3138
1518028865467,1011.3138
1518028865495,1011.3138
1518028865536,1011.3138
1518028865573,1011.2934
1518028865613,1011.2934
1518028865650,1011.2934
1518028865703,1011.2934
1518028865726,1011.2847
1518028865763,1011.2847
1518028865805,1011.2847
1518028865840,1011.2847
1518028865880,1011.28
1518028865922,1011.28
1518028865958,1011.28
1518028865996,1011.28
1518028866039,1011.28
1518028866073,1011.3121
1518028866111,1011.3121
1518028866151,1011.3121
1518028866187,1011.3121
1518028866227,1011.2817
1518028866267,1011.2817
1518028866303,1011.2817
1518028866341,1011.2817
1518028866381,1011.3264
1518028866418,1011.3264
1518028866459,1011.3264
1518028866496,1011.3264
1518028866535,1011.3087
1518028866571,1011.3087
1518028866610,1011.3087
1518028866647,1011.3087
1518028866690,1011.3014
1518028866726,1011.3014
1518028866765,1011.3014
1518028866807,1011.3014
1518028866847,1011.3014
1518028866880,1011.27435
1518028866917,1011.27435
1518028866957,1011.27435
1518028866997,1011.27435
1518028867036,1011.2917
1518028867074,1011.2917
1518028867113,1011.2917
1518028867151,1011.2917
1518028867191,1011.2837
1518028867228,1011.2837
1518028867267,1011.2837
1518028867308,1011.2837
1518028867343,1011.3067
1518028867383,1011.3067
1518028867419,1011.3067
1518028867456,1011.3067
1518028867498,1011.278
1518028867536,1011.278
1518028867576,1011.278
1518028867615,1011.278
1518028867651,1011.27435
1518028867688,1011.27435
1518028867727,1011.27435
1518028867765,1011.27435
1518028867805,1011.27435
1518028867842,1011.27563
1518028867883,1011.27563
1518028867919,1011.27563
1518028867957,1011.27563
1518028867998,1011.28766
1518028868037,1011.28766
1518028868073,1011.28766
1518028868111,1011.28766
1518028868151,1011.2867
1518028868188,1011.2867
1518028868228,1011.2867
1518028868263,1011.2867
1518028868302,1011.2696
1518028868341,1011.2696
1518028868383,1011.2696
1518028868418,1011.2696
1518028868457,1011.28064
1518028868496,1011.28064
1518028868534,1011.28064
1518028868572,1011.28064
1518028868628,1011.28064
1518028868647,1011.2763
1518028868686,1011.2763
1518028868725,1011.2763
1518028868765,1011.2763
1518028868801,1011.2893
1518028868844,1011.2893
1518028868883,1011.2893
1518028868931,1011.2893
1518028868955,1011.2796
1518028868995,1011.2796
1518028869035,1011.2796
1518028869071,1011.2796
1518028869113,1011.30865
1518028869147,1011.30865
1518028869188,1011.30865
1518028869225,1011.30865
1518028869265,1011.2993
1518028869304,1011.2993
1518028869342,1011.2993
1518028869379,1011.2993
1518028869418,1011.2993
1518028869459,1011.30194
1518028869494,1011.30194
1518028869535,1011.30194
1518028869573,1011.30194
1518028869611,1011.2776
1518028869650,1011.2776
1518028869689,1011.2776
1518028869726,1011.2776
1518028869763,1011.2739
1518028869801,1011.2739
1518028869842,1011.2739
1518028869879,1011.2739
1518028869918,1011.2645
1518028869956,1011.2645
1518028869996,1011.2645
1518028870037,1011.2645
1518028870072,1011.26556
1518028870113,1011.26556
1518028870149,1011.26556
1518028870188,1011.26556
1518028870225,1011.26556
1518028870263,1011.2595
1518028870301,1011.2595
1518028870341,1011.2595
1518028870381,1011.2595
1518028870418,1011.2602
1518028870458,1011.2602
1518028870496,1011.2602
1518028870533,1011.2602
1518028870573,1011.26385
1518028870609,1011.26385
1518028870651,1011.26385
1518028870687,1011.26385
1518028870727,1011.2755
1518028870762,1011.2755
1518028870804,1011.2755
1518028870843,1011.2755
1518028870881,1011.2842
1518028870917,1011.2842
1518028870956,1011.2842
1518028870995,1011.2842
1518028871032,1011.2842
1518028871072,1011.27216
1518028871115,1011.27216
1518028871151,1011.27216
1518028871189,1011.27216
1518028871224,1011.27783
1518028871267,1011.27783
1518028871306,1011.27783
1518028871341,1011.27783
1518028871378,1011.26044
1518028871420,1011.26044
1518028871457,1011.26044
1518028871496,1011.26044
1518028871533,1011.2511
1518028871571,1011.2511
1518028871619,1011.2511
1518028871649,1011.2511
1518028871691,1011.22906
1518028871723,1011.22906
1518028871762,1011.22906
1518028871806,1011.22906
1518028871852,1011.24774
1518028871880,1011.24774
1518028871917,1011.24774
1518028871954,1011.24774
1518028872004,1011.24774
1518028872031,1011.2391
1518028872070,1011.2391
1518028872110,1011.2391
1518028872148,1011.2391
1518028872186,1011.2414
1518028872224,1011.2414
1518028872265,1011.2414
1518028872304,1011.2414
1518028872339,1011.21765
1518028872378,1011.21765
1518028872417,1011.21765
1518028872454,1011.21765
1518028872495,1011.2087
1518028872533,1011.2087
1518028872572,1011.2087
1518028872609,1011.2087
1518028872647,1011.211
1518028872686,1011.211
1518028872724,1011.211
1518028872775,1011.211
1518028872801,1011.211
1518028872840,1011.20496
1518028872878,1011.20496
1518028872917,1011.20496
1518028872955,1011.20496
1518028872996,1011.2086
1518028873033,1011.2086
1518028873070,1011.2086
1518028873110,1011.2086
1518028873150,1011.1949
1518028873185,1011.1949
1518028873228,1011.1949
1518028873262,1011.1949
1518028873302,1011.21893
1518028873342,1011.21893
1518028873378,1011.21893
1518028873418,1011.21893
1518028873456,1011.20856
1518028873499,1011.20856
1518028873537,1011.20856
1518028873570,1011.20856
1518028873608,1011.20856
1518028873648,1011.21924
1518028873688,1011.21924
1518028873723,1011.21924
1518028873763,1011.21924
1518028873802,1011.1852
1518028873839,1011.1852
1518028873881,1011.1852
1518028873920,1011.1852
1518028873954,1011.1915
1518028873995,1011.1915
1518028874034,1011.1915
1518028874073,1011.1915
1518028874112,1011.1868
1518028874149,1011.1868
1518028874185,1011.1868
1518028874228,1011.1868
1518028874264,1011.19147
1518028874304,1011.19147
1518028874338,1011.19147
1518028874379,1011.19147
1518028874419,1011.19147
1518028874455,1011.1771
1518028874507,1011.1771
1518028874533,1011.1771
1518028874573,1011.1771
1518028874619,1011.1757
1518028874647,1011.1757
1518028874687,1011.1757
1518028874723,1011.1757
1518028874767,1011.16473
1518028874802,1011.16473
1518028874842,1011.16473
1518028874879,1011.16473
1518028874918,1011.1611
1518028874954,1011.1611
1518028874995,1011.1611
1518028875033,1011.1611
1518028875070,1011.16473
1518028875113,1011.16473
1518028875151,1011.16473
1518028875186,1011.16473
1518028875225,1011.16473
1518028875263,1011.171
1518028875303,1011.171
1518028875340,1011.171
1518028875379,1011.171
1518028875424,1011.179
1518028875457,1011.179
1518028875494,1011.179
1518028875543,1011.179
1518028875571,1011.18134
1518028875609,1011.18134
1518028875647,1011.18134
1518028875686,1011.18134
1518028875724,1011.1933
1518028875764,1011.1933
1518028875800,1011.1933
1518028875843,1011.1933
1518028875880,1011.1806
1518028875916,1011.1806
1518028875953,1011.1806
1518028875994,1011.1806
1518028876032,1011.1806
1518028876070,1011.18024
1518028876110,1011.18024
1518028876148,1011.18024
1518028876200,1011.18024
1518028876222,1011.1879
1518028876264,1011.1879
1518028876304,1011.1879
1518028876340,1011.1879
1518028876377,1011.1996
1518028876415,1011.1996
1518028876454,1011.1996
1518028876494,1011.1996
1518028876536,1011.1949
1518028876570,1011.1949
1518028876608,1011.1949
1518028876646,1011.1949
1518028876686,1011.1929
1518028876724,1011.1929
1518028876763,1011.1929
1518028876801,1011.1929
1518028876841,1011.2075
1518028876877,1011.2075
1518028876917,1011.2075
1518028876954,1011.2075
1518028876992,1011.2075
1518028877034,1011.2132
1518028877075,1011.2132
1518028877109,1011.2132
1518028877146,1011.2132
1518028877184,1011.20184
1518028877223,1011.20184
1518028877262,1011.20184
1518028877302,1011.20184
1518028877338,1011.2008
1518028877377,1011.2008
1518028877420,1011.2008
1518028877455,1011.2008
1518028877494,1011.21545
1518028877532,1011.21545
1518028877570,1011.21545
1518028877608,1011.21545
1518028877647,1011.21075
1518028877685,1011.21075
1518028877723,1011.21075
1518028877772,1011.21075
1518028877804,1011.21075
1518028877842,1011.1871
1518028877878,1011.1871
1518028877915,1011.1871
1518028877956,1011.1871
1518028877993,1011.16833
1518028878030,1011.16833
1518028878070,1011.16833
1518028878109,1011.16833
1518028878149,1011.18866
1518028878184,1011.18866
1518028878226,1011.18866
1518028878261,1011.18866
1518028878299,1011.18933
1518028878340,1011.18933
1518028878377,1011.18933
1518028878415,1011.18933
1518028878457,1011.204
1518028878496,1011.204
1518028878532,1011.204
1518028878570,1011.204
1518028878609,1011.204
1518028878646,1011.19196
1518028878684,1011.19196
1518028878726,1011.19196
1518028878762,1011.19196
1518028878808,1011.1989
1518028878839,1011.1989
1518028878877,1011.1989
1518028878921,1011.1989
1518028878953,1011.19354
1518028878997,1011.19354
1518028879031,1011.19354
1518028879071,1011.19354
1518028879109,1011.18317
1518028879146,1011.18317
1518028879187,1011.18317
1518028879225,1011.18317
1518028879263,1011.1561
1518028879299,1011.1561
1518028879338,1011.1561
1518028879378,1011.1561
1518028879417,1011.1561
1518028879454,1011.15076
1518028879493,1011.15076
1518028879531,1011.15076
1518028879569,1011.15076
1518028879609,1011.16174
1518028879646,1011.16174
1518028879683,1011.16174
1518028879726,1011.16174
1518028879764,1011.1564
1518028879801,1011.1564
1518028879840,1011.1564
1518028879875,1011.1564
1518028879918,1011.151
1518028879954,1011.151
1518028879991,1011.151
1518028880036,1011.151
1518028880068,1011.1406
1518028880107,1011.1406
1518028880144,1011.1406
1518028880185,1011.1406
1518028880222,1011.1406
1518028880263,1011.16064
1518028880304,1011.16064
1518028880340,1011.16064
1518028880381,1011.16064
1518028880415,1011.1569
1518028880457,1011.1569
1518028880495,1011.1569
1518028880531,1011.1569
1518028880568,1011.1549
1518028880607,1011.1549
1518028880645,1011.1549
1518028880690,1011.1549
1518028880724,1011.16455
1518028880761,1011.16455
1518028880801,1011.16455
1518028880842,1011.16455
1518028880876,1011.16656
1518028880915,1011.16656
1518028880952,1011.16656
1518028880992,1011.16656
1518028881031,1011.16656
1518028881069,1011.1778
1518028881107,1011.1778
1518028881146,1011.1778
1518028881184,1011.1778
1518028881222,1011.17847
1518028881261,1011.17847
1518028881297,1011.17847
1518028881338,1011.17847
1518028881379,1011.1631
1518028881413,1011.1631
1518028881452,1011.1631
1518028881490,1011.1631
1518028881531,1011.1507
1518028881568,1011.1507
1518028881606,1011.1507
1518028881645,1011.1507
1518028881685,1011.1714
1518028881725,1011.1714
1518028881762,1011.1714
1518028881800,1011.1714
1518028881839,1011.1714
1518028881877,1011.172
1518028881916,1011.172
1518028881954,1011.172
1518028881992,1011.172
1518028882033,1011.1613
1518028882068,1011.1613
1518028882109,1011.1613
1518028882146,1011.1613
1518028882183,1011.1603
1518028882221,1011.1603
1518028882260,1011.1603
1518028882299,1011.1603
1518028882340,1011.1576
1518028882379,1011.1576
1518028882417,1011.1576
1518028882456,1011.1576
1518028882494,1011.13885
1518028882532,1011.13885
1518028882567,1011.13885
1518028882608,1011.13885
1518028882646,1011.1348
1518028882685,1011.1348
1518028882725,1011.1348
1518028882760,1011.1348
1518028882799,1011.1348
1518028882837,1011.12885
1518028882876,1011.12885
1518028882915,1011.12885
1518028882954,1011.12885
1518028882992,1011.1361
1518028883028,1011.1361
1518028883069,1011.1361
1518028883107,1011.1361
1518028883149,1011.1448
1518028883183,1011.1448
1518028883225,1011.1448
1518028883260,1011.1448
1518028883300,1011.14105
1518028883340,1011.14105
1518028883377,1011.14105
1518028883415,1011.14105
1518028883453,1011.14734
1518028883491,1011.14734
1518028883531,1011.14734
1518028883579,1011.14734
1518028883606,1011.14734
1518028883654,1011.13696
1518028883683,1011.13696
1518028883723,1011.13696
1518028883760,1011.13696
1518028883800,1011.1523
1518028883842,1011.1523
1518028883875,1011.1523
1518028883914,1011.1523
1518028883953,1011.14624
1518028883990,1011.14624
1518028884029,1011.14624
1518028884067,1011.14624
1518028884107,1011.16425
1518028884144,1011.16425
1518028884182,1011.16425
1518028884222,1011.16425
1518028884259,1011.1552
1518028884300,1011.1552
1518028884339,1011.1552
1518028884376,1011.1552
1518028884416,1011.1552
1518028884453,1011.15247
1518028884495,1011.15247
1518028884530,1011.15247
1518028884567,1011.15247
1518028884605,1011.1398
1518028884645,1011.1398
1518028884686,1011.1398
1518028884722,1011.1398
1518028884764,1011.1374
1518028884798,1011.1374
1518028884837,1011.1374
1518028884877,1011.1374
1518028884915,1011.1164
1518028884963,1011.1164
1518028884992,1011.1164
1518028885037,1011.1164
1518028885066,1011.111
1518028885108,1011.111
1518028885148,1011.111
1518028885182,1011.111
1518028885221,1011.111
1518028885260,1011.1023
1518028885297,1011.1023
1518028885335,1011.1023
1518028885373,1011.1023
1518028885413,1011.1049
1518028885451,1011.1049
1518028885495,1011.1049
1518028885527,1011.1049
1518028885566,1011.09955
1518028885604,1011.09955
1518028885644,1011.09955
1518028885682,1011.09955
1518028885721,1011.09686
1518028885759,1011.09686
1518028885798,1011.09686
1518028885838,1011.09686
1518028885875,1011.1004
1518028885914,1011.1004
1518028885954,1011.1004
1518028885992,1011.1004
1518028886030,1011.1004
1518028886068,1011.1124
1518028886108,1011.1124
1518028886144,1011.1124
1518028886184,1011.1124
1518028886222,1011.11035
1518028886259,1011.11035
1518028886299,1011.11035
1518028886335,1011.11035
1518028886376,1011.11
1518028886413,1011.11
1518028886452,1011.11
1518028886491,1011.11
1518028886531,1011.10297
1518028886567,1011.10297
1518028886608,1011.10297
1518028886648,1011.10297
1518028886684,1011.0986
1518028886723,1011.0986
1518028886760,1011.0986
1518028886799,1011.0986
1518028886837,1011.0986
1518028886878,1011.1055
1518028886920,1011.1055
1518028886951,1011.1055
1518028886992,1011.1055
1518028887030,1011.1035
1518028887070,1011.1035
1518028887108,1011.1035
1518028887145,1011.1035
1518028887182,1011.09314
1518028887220,1011.09314
1518028887260,1011.09314
1518028887299,1011.09314
1518028887339,1011.0801
1518028887375,1011.0801
1518028887412,1011.0801
1518028887457,1011.0801
1518028887489,1011.08405
1518028887531,1011.08405
1518028887568,1011.08405
1518028887607,1011.08405
1518028887643,1011.08405
1518028887683,1011.093
1518028887721,1011.093
1518028887759,1011.093
1518028887798,1011.093
1518028887837,1011.07166
1518028887876,1011.07166
1518028887913,1011.07166
1518028887952,1011.07166
1518028887993,1011.0873
1518028888030,1011.0873
1518028888068,1011.0873
1518028888106,1011.0873
1518028888144,1011.0926
1518028888183,1011.0926
1518028888223,1011.0926
1518028888259,1011.0926
1518028888299,1011.09717
1518028888338,1011.09717
1518028888384,1011.09717
1518028888414,1011.09717
1518028888452,1011.09717
1518028888491,1011.0895
1518028888528,1011.0895
1518028888566,1011.0895
1518028888605,1011.0895
1518028888644,1011.09076
1518028888685,1011.09076
1518028888722,1011.09076
1518028888758,1011.09076
1518028888797,1011.09
1518028888834,1011.09
1518028888874,1011.09
1518028888914,1011.09
1518028888952,1011.10065
1518028888991,1011.10065
1518028889030,1011.10065
1518028889067,1011.10065
1518028889108,1011.0903
1518028889144,1011.0903
1518028889184,1011.0903
1518028889246,1011.0903
1518028889281,1011.0922
1518028889299,1011.0922
1518028889334,1011.0922
1518028889372,1011.0922
1518028889413,1011.0922
1518028889451,1011.0692
1518028889490,1011.0692
1518028889532,1011.0692
1518028889569,1011.0692
1518028889605,1011.0522
1518028889643,1011.0522
1518028889682,1011.0522
1518028889722,1011.0522
1518028889761,1011.0461
1518028889798,1011.0461
1518028889837,1011.0461
1518028889874,1011.0461
1518028889914,1011.0297
1518028889951,1011.0297
1518028889992,1011.0297
1518028890029,1011.0297
1518028890067,1011.0267
1518028890105,1011.0267
1518028890149,1011.0267
1518028890182,1011.0267
1518028890221,1011.0267
1518028890259,1011.034
1518028890298,1011.034
1518028890335,1011.034
1518028890374,1011.034
1518028890412,1011.0303
1518028890452,1011.0303
1518028890492,1011.0303
1518028890532,1011.0303
1518028890566,1011.01154
1518028890606,1011.01154
1518028890645,1011.01154
1518028890684,1011.01154
1518028890724,1011.0158
1518028890758,1011.0158
1518028890798,1011.0158
1518028890838,1011.0158
1518028890875,1011.0038
1518028890913,1011.0038
1518028890952,1011.0038
1518028890989,1011.0038
1518028891029,1011.0038
1518028891066,1011.0117
1518028891106,1011.0117
1518028891142,1011.0117
1518028891184,1011.0117
1518028891221,1010.988
1518028891261,1010.988
1518028891296,1010.988
1518028891336,1010.988
1518028891376,1011.0053
1518028891414,1011.0053
1518028891452,1011.0053
1518028891488,1011.0053
1518028891528,1011.00226
1518028891570,1011.00226
1518028891606,1011.00226
1518028891644,1011.00226
1518028891680,1011.0045
1518028891721,1011.0045
1518028891758,1011.0045
1518028891797,1011.0045
1518028891834,1011.0045
1518028891874,1010.98584
1518028891913,1010.98584
1518028891950,1010.98584
1518028891993,1010.98584
1518028892043,1010.9928
1518028892067,1010.9928
1518028892104,1010.9928
1518028892146,1010.9928
1518028892184,1010.9924
1518028892219,1010.9924
1518028892259,1010.9924
1518028892297,1010.9924
1518028892338,1010.9947
1518028892376,1010.9947
1518028892412,1010.9947
1518028892453,1010.9947
1518028892491,1010.97894
1518028892528,1010.97894
1518028892565,1010.97894
1518028892605,1010.97894
1518028892645,1010.97894
1518028892683,1010.9696
1518028892722,1010.9696
1518028892757,1010.9696
1518028892803,1010.9696
1518028892835,1010.97186
1518028892874,1010.97186
1518028892913,1010.97186
1518028892949,1010.97186
1518028892988,1010.9705
1518028893027,1010.9705
1518028893065,1010.9705
1518028893104,1010.9705
1518028893143,1010.9661
1518028893184,1010.9661
1518028893219,1010.9661
1518028893260,1010.9661
1518028893298,1010.9631
1518028893335,1010.9631
1518028893374,1010.9631
1518028893413,1010.9631
1518028893452,1010.9631
1518028893488,1010.96436
1518028893528,1010.96436
1518028893567,1010.96436
1518028893604,1010.96436
1518028893641,1010.97394
1518028893683,1010.97394
1518028893719,1010.97394
1518028893757,1010.97394
1518028893845,1010.96625
1518028893845,1010.96625
1518028893898,1010.96625
1518028893909,1010.96625
1518028893949,1010.96655
1518028893989,1010.96655
1518028894026,1010.96655
1518028894084,1010.96655
1518028894102,1010.96783
1518028894142,1010.96783
1518028894181,1010.96783
1518028894221,1010.96783
1518028894260,1010.96783
1518028894297,1010.96246
1518028894347,1010.96246
1518028894372,1010.96246
1518028894413,1010.96246
1518028894449,1010.96606
1518028894488,1010.96606
1518028894526,1010.96606
1518028894566,1010.96606
1518028894606,1010.9627
1518028894643,1010.9627
1518028894684,1010.9627
1518028894719,1010.9627
1518028894759,1010.94965
1518028894796,1010.94965
1518028894834,1010.94965
1518028894875,1010.94965
1518028894916,1010.93756
1518028894952,1010.93756
1518028894987,1010.93756
1518028895027,1010.93756
1518028895064,1010.93756
1518028895104,1010.9339
1518028895146,1010.9339
1518028895181,1010.9339
1518028895220,1010.9339
1518028895256,1010.9278
1518028895297,1010.9278
1518028895336,1010.9278
1518028895374,1010.9278
1518028895411,1010.9231
1518028895451,1010.9231
1518028895489,1010.9231
1518028895528,1010.9231
1518028895565,1010.9288
1518028895605,1010.9288
1518028895644,1010.9288
1518028895683,1010.9288
1518028895722,1010.9267
1518028895759,1010.9267
1518028895796,1010.9267
1518028895834,1010.9267
1518028895874,1010.9267
1518028895912,1010.9163
1518028895949,1010.9163
1518028895988,1010.9163
1518028896029,1010.9163
1518028896065,1010.91156
1518028896105,1010.91156
1518028896143,1010.91156
1518028896180,1010.91156
1518028896218,1010.9272
1518028896259,1010.9272
1518028896296,1010.9272
1518028896333,1010.9272
1518028896376,1010.93414
1518028896413,1010.93414
1518028896448,1010.93414
1518028896489,1010.93414
1518028896527,1010.9281
1518028896568,1010.9281
1518028896605,1010.9281
1518028896651,1010.9281
1518028896680,1010.9281
1518028896720,1010.9217
1518028896756,1010.9217
1518028896796,1010.9217
1518028896838,1010.9217
1518028896877,1010.932
1518028896914,1010.932
1518028896949,1010.932
1518028896989,1010.932
1518028897026,1010.93756
1518028897066,1010.93756
1518028897104,1010.93756
1518028897143,1010.93756
1518028897181,1010.92554
1518028897218,1010.92554
1518028897258,1010.92554
1518028897294,1010.92554
1518028897334,1010.8875
1518028897374,1010.8875
1518028897412,1010.8875
1518028897451,1010.8875
1518028897490,1010.8875
1518028897529,1010.89276
1518028897563,1010.89276
1518028897605,1010.89276
1518028897644,1010.89276
1518028897680,1010.8857
1518028897718,1010.8857
1518028897757,1010.8857
1518028897796,1010.8857
1518028897833,1010.888
1518028897894,1010.888
1518028897926,1010.888
1518028897950,1010.888
1518028897987,1010.88763
1518028898025,1010.88763
1518028898065,1010.88763
1518028898104,1010.88763
1518028898148,1010.88885
1518028898179,1010.88885
1518028898218,1010.88885
1518028898258,1010.88885
1518028898300,1010.88885
1518028898335,1010.8802
1518028898373,1010.8802
1518028898411,1010.8802
1518028898451,1010.8802
1518028898487,1010.87274
1518028898527,1010.87274
1518028898566,1010.87274
1518028898604,1010.87274
1518028898648,1010.8794
1518028898679,1010.8794
1518028898719,1010.8794
1518028898757,1010.8794
1518028898797,1010.859
1518028898834,1010.859
1518028898873,1010.859
1518028898910,1010.859
1518028898948,1010.8543
1518028898989,1010.8543
1518028899026,1010.8543
1518028899066,1010.8543
1518028899106,1010.8632
1518028899143,1010.8632
1518028899181,1010.8632
1518028899221,1010.8632
1518028899256,1010.8632
1518028899297,1010.86115
1518028899334,1010.86115
1518028899389,1010.86115
1518028899414,1010.86115
1518028899449,1010.85913
1518028899487,1010.85913
1518028899525,1010.85913
1518028899564,1010.85913
1518028899602,1010.8681
1518028899640,1010.8681
1518028899685,1010.8681
1518028899716,1010.8681
1518028899759,1010.8717
1518028899794,1010.8717
1518028899835,1010.8717
1518028899873,1010.8717
1518028899909,1010.87067
1518028899948,1010.87067
1518028899986,1010.87067
1518028900028,1010.87067
1518028900064,1010.87067
1518028900103,1010.8596
1518028900141,1010.8596
1518028900179,1010.8596
1518028900218,1010.8596
1518028900258,1010.8665
1518028900297,1010.8665
1518028900342,1010.8665
1518028900372,1010.8665
1518028900409,1010.8605
1518028900450,1010.8605
1518028900489,1010.8605
1518028900525,1010.8605
1518028900565,1010.85175
1518028900602,1010.85175
1518028900643,1010.85175
1518028900679,1010.85175
1518028900717,1010.8564
1518028900756,1010.8564
1518028900795,1010.8564
1518028900833,1010.8564
1518028900871,1010.8564
1518028900910,1010.847
1518028900948,1010.847
1518028900987,1010.847
1518028901025,1010.847
1518028901065,1010.82965
1518028901104,1010.82965
1518028901141,1010.82965
1518028901180,1010.82965
1518028901219,1010.8219
1518028901257,1010.8219
1518028901294,1010.8219
1518028901336,1010.8219
1518028901380,1010.8142
1518028901409,1010.8142
1518028901451,1010.8142
1518028901489,1010.8142
1518028901532,1010.80615
1518028901565,1010.80615
1518028901600,1010.80615
1518028901639,1010.80615
1518028901678,1010.80615
1518028901717,1010.81775
1518028901756,1010.81775
1518028901803,1010.81775
1518028901835,1010.81775
1518028901869,1010.883
1518028901910,1010.883
1518028901957,1010.883
1518028901992,1010.883
1518028902026,1010.8969
1518028902061,1010.8969
1518028902102,1010.8969
1518028902142,1010.8969
1518028902179,1010.8505
1518028902220,1010.8505
1518028902259,1010.8505
1518028902293,1010.8505
1518028902335,1010.82184
1518028902381,1010.82184
1518028902419,1010.82184
1518028902449,1010.82184
1518028902490,1010.82184
1518028902525,1010.8564
1518028902562,1010.8564
1518028902600,1010.8564
1518028902639,1010.8564
1518028902711,1010.83704
1518028902729,1010.83704
1518028902754,1010.83704
1518028902794,1010.83704
1518028902833,1010.829
1518028902870,1010.829
1518028902908,1010.829
1518028902946,1010.829
1518028902986,1010.8163
1518028903026,1010.8163
1518028903066,1010.8163
1518028903101,1010.8163
1518028903140,1010.8009
1518028903178,1010.8009
1518028903216,1010.8009
1518028903255,1010.8009
1518028903294,1010.8009
1518028903335,1010.8771
1518028903371,1010.8771
1518028903409,1010.8771
1518028903449,1010.8771
1518028903486,1010.875
1518028903524,1010.875
1518028903567,1010.875
1518028903601,1010.875
1518028903641,1010.8596
1518028903680,1010.8596
1518028903717,1010.8596
1518028903755,1010.8596
1518028903797,1010.8699
1518028903834,1010.8699
1518028903871,1010.8699
1518028903910,1010.8699
1518028903947,1010.8805
1518028903987,1010.8805
1518028904024,1010.8805
1518028904068,1010.8805
1518028904100,1010.8805
1518028904140,1010.8501
1518028904179,1010.8501
1518028904218,1010.8501
1518028904264,1010.8501
1518028904295,1010.85535
1518028904332,1010.85535
1518028904395,1010.85535
1518028904414,1010.85535
1518028904451,1010.9259
1518028904484,1010.9259
1518028904547,1010.9259
1518028904561,1010.9259
1518028904624,1010.86993
1518028904696,1010.86993
1518028904696,1010.86993
1518028904736,1010.86993
1518028904753,1010.8375
1518028904796,1010.8375
1518028904833,1010.8375
1518028904873,1010.8375
1518028904918,1010.8375
1518028904948,1010.8225
1518028904983,1010.8225
1518028905022,1010.8225
1518028905064,1010.8225
1518028905100,1010.8361
1518028905137,1010.8361
1518028905175,1010.8361
1518028905214,1010.8361
1518028905252,1010.8234
1518028905291,1010.8234
1518028905330,1010.8234
1518028905372,1010.8234
1518028905407,1010.8223
1518028905444,1010.8223
1518028905483,1010.8223
1518028905537,1010.8223
1518028905571,1010.80365
1518028905678,1010.80365
1518028905678,1010.80365
1518028905679,1010.80365
1518028905889,1010.80365
1518028905890,1010.81824
1518028905890,1010.81824
1518028905890,1010.81824
1518028905890,1010.81824
1518028905911,1010.8039
1518028905944,1010.8039
1518028905988,1010.8039
1518028906021,1010.8039
1518028906060,1010.78784
1518028906098,1010.78784
1518028906140,1010.78784
1518028906177,1010.78784
1518028906214,1010.7791
1518028906254,1010.7791
