1518028615554,1009.4134
1518028615554,1009.4134
1518028615592,1009.4134
1518028615631,1009.4134
1518028615671,1009.42694
1518028615708,1009.42694
1518028615746,1009.42694
1518028615786,1009.42694
1518028615824,1009.4406
1518028615863,1009.4406
1518028615907,1009.4406
1518028615941,1009.4406
1518028615978,1009.4406
1518028616019,1009.4523
1518028616056,1009.4523
1518028616094,1009.4523
1518028616136,1009.4523
1518028616172,1009.44904
1518028616210,1009.44904
1518028616249,1009.44904
1518028616286,1009.44904
1518028616326,1009.44214
1518028616364,1009.44214
1518028616402,1009.44214
1518028616441,1009.44214
1518028616479,1009.438
1518028616517,1009.438
1518028616555,1009.438
1518028616595,1009.438
1518028616633,1009.4449
1518028616671,1009.4449
1518028616709,1009.4449
1518028616747,1009.4449
1518028616787,1009.4475
1518028616825,1009.4475
1518028616862,1009.4475
1518028616901,1009.4475
1518028616939,1009.4475
1518028616981,1009.4515
1518028617017,1009.4515
1518028617056,1009.4515
1518028617096,1009.4515
1518028617136,1009.4498
1518028617172,1009.4498
1518028617210,1009.4498
1518028617250,1009.4498
1518028617286,1009.4626
1518028617325,1009.4626
1518028617362,1009.4626
1518028617426,1009.4626
1518028617519,1009.46686
1518028617519,1009.46686
1518028617520,1009.46686
1518028617555,1009.46686
1518028617592,1009.477
1518028617634,1009.477
1518028617669,1009.477
1518028617708,1009.477
1518028617752,1009.483
1518028617785,1009.483
1518028617823,1009.483
1518028617864,1009.483
1518028617903,1009.483
1518028617943,1009.4965
1518028617982,1009.4965
1518028618016,1009.4965
1518028618054,1009.4965
1518028618092,1009.50836
1518028618136,1009.50836
1518028618172,1009.50836
1518028618209,1009.50836
1518028618248,1009.5174
1518028618285,1009.5174
1518028618327,1009.5174
1518028618362,1009.5174
1518028618405,1009.52924
1518028618442,1009.52924
1518028618478,1009.52924
1518028618519,1009.52924
1518028618555,1009.5326
1518028618594,1009.5326
1518028618634,1009.5326
1518028618671,1009.5326
1518028618712,1009.5326
1518028618746,1009.5538
1518028618785,1009.5538
1518028618827,1009.5538
1518028618865,1009.5538
1518028618901,1009.5572
1518028618941,1009.5572
1518028618979,1009.5572
1518028619018,1009.5572
1518028619055,1009.56055
1518028619093,1009.56055
1518028619133,1009.56055
1518028619173,1009.56055
1518028619210,1009.5893
1518028619261,1009.5893
1518028619284,1009.5893
1518028619324,1009.5893
1518028619364,1009.596
1518028619426,1009.596
1518028619459,1009.596
1518028619500,1009.596
1518028619515,1009.60443
1518028619554,1009.60443
1518028619593,1009.60443
1518028619631,1009.60443
1518028619672,1009.60443
1518028619709,1009.63074
1518028619747,1009.63074
1518028619784,1009.63074
1518028619824,1009.63074
1518028619862,1009.6341
1518028619900,1009.6341
1518028619942,1009.6341
1518028619977,1009.6341
1518028620017,1009.64667
1518028620055,1009.64667
1518028620092,1009.64667
1518028620131,1009.64667
1518028620171,1009.6628
1518028620214,1009.6628
1518028620250,1009.6628
1518028620284,1009.6628
1518028620325,1009.66956
1518028620363,1009.66956
1518028620402,1009.66956
1518028620438,1009.66956
1518028620478,1009.6899
1518028620516,1009.6899
1518028620555,1009.6899
1518028620593,1009.6899
1518028620634,1009.6899
1518028620671,1009.69324
1518028620709,1009.69324
1518028620755,1009.69324
1518028620786,1009.69324
1518028620824,1009.7161
1518028620862,1009.7161
1518028620906,1009.7161
1518028620940,1009.7161
1518028620978,1009.72455
1518028621018,1009.72455
1518028621054,1009.72455
1518028621093,1009.72455
1518028621131,1009.7347
1518028621169,1009.7347
1518028621208,1009.7347
1518028621249,1009.7347
1518028621285,1009.7499
1518028621325,1009.7499
1518028621362,1009.7499
1518028621401,1009.7499
1518028621456,1009.7499
1518028621489,1009.7694
1518028621536,1009.7694
1518028621554,1009.7694
1518028621595,1009.7694
1518028621635,1009.7846
1518028621670,1009.7846
1518028621707,1009.7846
1518028621746,1009.7846
1518028621785,1009.79816
1518028621822,1009.79816
1518028621861,1009.79816
1518028621899,1009.79816
1518028621938,1009.815
1518028621976,1009.815
1518028622019,1009.815
1518028622054,1009.815
1518028622094,1009.82404
1518028622131,1009.82404
1518028622176,1009.82404
1518028622208,1009.82404
1518028622245,1009.8402
1518028622284,1009.8402
1518028622323,1009.8402
1518028622363,1009.8402
1518028622401,1009.8402
1518028622438,1009.868
1518028622477,1009.868
1518028622520,1009.868
1518028622556,1009.868
1518028622592,1009.87225
1518028622632,1009.87225
1518028622669,1009.87225
1518028622708,1009.87225
1518028622748,1009.89087
1518028622783,1009.89087
1518028622824,1009.89087
1518028622865,1009.89087
1518028622901,1009.90607
1518028622942,1009.90607
1518028622977,1009.90607
1518028623015,1009.90607
1518028623055,1009.89935
1518028623093,1009.89935
1518028623131,1009.89935
1518028623170,1009.89935
1518028623208,1009.9314
1518028623246,1009.9314
1518028623285,1009.9314
1518028623326,1009.9314
1518028623363,1009.9314
1518028623399,1009.94495
1518028623475,1009.94495
1518028623484,1009.94495
1518028623515,1009.94495
1518028623553,1009.9644
1518028623599,1009.9644
1518028623631,1009.9644
1518028623668,1009.9644
1518028623709,1009.97626
1518028623747,1009.97626
1518028623783,1009.97626
1518028623822,1009.97626
1518028623863,1009.97797
1518028623898,1009.97797
1518028623945,1009.97797
1518028623977,1009.97797
1518028624015,1009.9975
1518028624054,1009.9975
1518028624094,1009.9975
1518028624130,1009.9975
1518028624169,1010.01434
1518028624210,1010.01434
1518028624249,1010.01434
1518028624284,1010.01434
1518028624323,1010.01434
1518028624361,1010.01263
1518028624401,1010.01263
1518028624439,1010.01263
1518028624477,1010.01263
1518028624516,1010.02527
1518028624555,1010.02527
1518028624591,1010.02527
1518028624632,1010.02527
1518028624669,1010.04645
1518028624707,1010.04645
1518028624750,1010.04645
1518028624785,1010.04645
1518028624824,1010.0566
1518028624864,1010.0566
1518028624901,1010.0566
1518028624938,1010.0566
1518028624976,1010.066
1518028625015,1010.066
1518028625053,1010.066
1518028625092,1010.066
1518028625132,1010.066
1518028625168,1010.0778
1518028625208,1010.0778
1518028625248,1010.0778
1518028625286,1010.0778
1518028625323,1010.0902
1518028625361,1010.0902
1518028625402,1010.0902
1518028625438,1010.0902
1518028625476,1010.0919
1518028625515,1010.0919
1518028625553,1010.0919
1518028625590,1010.0919
1518028625631,1010.11383
1518028625670,1010.11383
1518028625708,1010.11383
1518028625747,1010.11383
1518028625784,1010.13165
1518028625823,1010.13165
1518028625862,1010.13165
1518028625900,1010.13165
1518028625938,1010.15533
1518028625977,1010.15533
1518028626014,1010.15533
1518028626056,1010.15533
1518028626094,1010.15533
1518028626129,1010.1698
1518028626169,1010.1698
1518028626208,1010.1698
1518028626250,1010.1698
1518028626283,1010.1766
1518028626323,1010.1766
1518028626364,1010.1766
1518028626401,1010.1766
1518028626440,1010.1934
1518028626476,1010.1934
1518028626515,1010.1934
1518028626554,1010.1934
1518028626591,1010.2002
1518028626631,1010.2002
1518028626670,1010.2002
1518028626707,1010.2002
1518028626749,1010.2171
1518028626784,1010.2171
1518028626821,1010.2171
1518028626861,1010.2171
1518028626898,1010.22644
1518028626939,1010.22644
1518028626975,1010.22644
1518028627016,1010.22644
1518028627053,1010.22644
1518028627091,1010.24335
1518028627132,1010.24335
1518028627171,1010.24335
1518028627208,1010.24335
1518028627246,1010.26117
1518028627284,1010.26117
1518028627322,1010.26117
1518028627361,1010.26117
1518028627401,1010.2747
1518028627440,1010.2747
1518028627477,1010.2747
1518028627517,1010.2747
1518028627555,1010.2781
1518028627591,1010.2781
1518028627630,1010.2781
1518028627670,1010.2781
1518028627711,1010.2933
1518028627748,1010.2933
1518028627784,1010.2933
1518028627823,1010.2933
1518028627860,1010.2933
1518028627903,1010.3017
1518028627941,1010.3017
1518028627978,1010.3017
1518028628016,1010.3017
1518028628055,1010.3107
1518028628092,1010.3107
1518028628131,1010.3107
1518028628171,1010.3107
1518028628207,1010.3226
1518028628245,1010.3226
1518028628286,1010.3226
1518028628322,1010.3226
1518028628360,1010.3344
1518028628398,1010.3344
1518028628437,1010.3344
1518028628479,1010.3344
1518028628514,1010.3547
1518028628552,1010.3547
1518028628592,1010.3547
1518028628632,1010.3547
1518028628669,1010.3631
1518028628706,1010.3631
1518028628746,1010.3631
1518028628787,1010.3631
1518028628825,1010.3631
1518028628860,1010.3716
1518028628898,1010.3716
1518028628938,1010.3716
1518028628975,1010.3716
1518028629014,1010.3826
1518028629055,1010.3826
1518028629096,1010.3826
1518028629129,1010.3826
1518028629168,1010.39105
1518028629207,1010.39105
1518028629246,1010.39105
1518028629284,1010.39105
1518028629321,1010.3962
1518028629376,1010.3962
1518028629400,1010.3962
1518028629439,1010.3962
1518028629476,1010.4039
1518028629513,1010.4039
1518028629554,1010.4039
1518028629591,1010.4039
1518028629629,1010.4183
1518028629668,1010.4183
1518028629707,1010.4183
1518028629745,1010.4183
1518028629783,1010.4183
1518028629822,1010.42334
1518028629861,1010.42334
1518028629904,1010.42334
1518028629937,1010.42334
1518028629977,1010.4284
1518028630013,1010.4284
1518028630052,1010.4284
1518028630090,1010.4284
1518028630133,1010.42676
1518028630168,1010.42676
1518028630206,1010.42676
1518028630244,1010.42676
1518028630284,1010.43274
1518028630320,1010.43274
1518028630360,1010.43274
1518028630399,1010.43274
1518028630438,1010.4361
1518028630475,1010.4361
1518028630514,1010.4361
1518028630552,1010.4361
1518028630592,1010.4367
1518028630628,1010.4367
1518028630668,1010.4367
1518028630705,1010.4367
1518028630744,1010.4367
1518028630786,1010.4435
1518028630822,1010.4435
1518028630859,1010.4435
1518028630898,1010.4435
1518028630944,1010.4435
1518028630975,1010.4435
1518028631016,1010.4435
1518028631056,1010.4435
1518028631091,1010.4512
1518028631129,1010.4512
1518028631170,1010.4512
1518028631207,1010.4512
1518028631246,1010.4622
1518028631285,1010.4622
1518028631321,1010.4622
1518028631358,1010.4622
1518028631398,1010.45886
1518028631438,1010.45886
1518028631475,1010.45886
1518028631515,1010.45886
1518028631553,1010.45886
1518028631590,1010.4605
1518028631632,1010.4605
1518028631666,1010.4605
1518028631705,1010.4605
