1518027734038,1010.7431
1518027734038,1010.7431
1518027734077,1010.7431
1518027734118,1010.73956
1518027734156,1010.73956
1518027734193,1010.73956
1518027734232,1010.73956
1518027734271,1010.73956
1518027734308,1010.74384
1518027734346,1010.74384
1518027734387,1010.74384
1518027734424,1010.74384
1518027734463,1010.73975
1518027734504,1010.73975
1518027734539,1010.73975
1518027734579,1010.73975
1518027734616,1010.74066
1518027734656,1010.74066
1518027734694,1010.74066
1518027734734,1010.74066
1518027734772,1010.74664
1518027734809,1010.74664
1518027734851,1010.74664
1518027734885,1010.74664
1518027734925,1010.7574
1518027734965,1010.7574
1518027735002,1010.7574
1518027735040,1010.7574
1518027735077,1010.7608
1518027735117,1010.7608
1518027735155,1010.7608
1518027735193,1010.7608
1518027735234,1010.7608
1518027735271,1010.74725
1518027735311,1010.74725
1518027735350,1010.74725
1518027735386,1010.74725
1518027735425,1010.7398
1518027735463,1010.7398
1518027735507,1010.7398
1518027735540,1010.7398
1518027735581,1010.73566
1518027735617,1010.73566
1518027735656,1010.73566
1518027735693,1010.73566
1518027735732,1010.73395
1518027735774,1010.73395
1518027735808,1010.73395
1518027735856,1010.73395
1518027735899,1010.7349
1518027735929,1010.7349
1518027735964,1010.7349
1518027736001,1010.7349
1518027736038,1010.7349
1518027736077,1010.7366
1518027736115,1010.7366
1518027736154,1010.7366
1518027736192,1010.7366
1518027736238,1010.73584
1518027736269,1010.73584
1518027736308,1010.73584
1518027736347,1010.73584
1518027736389,1010.7375
1518027736424,1010.7375
1518027736465,1010.7375
1518027736501,1010.7375
1518027736539,1010.72235
1518027736578,1010.72235
1518027736617,1010.72235
1518027736655,1010.72235
1518027736694,1010.71967
1518027736733,1010.71967
1518027736771,1010.71967
1518027736808,1010.71967
1518027736849,1010.7257
1518027736886,1010.7257
1518027736924,1010.7257
1518027736964,1010.7257
1518027737005,1010.7257
1518027737038,1010.73645
1518027737079,1010.73645
1518027737119,1010.73645
1518027737155,1010.73645
1518027737194,1010.7331
1518027737232,1010.7331
1518027737275,1010.7331
1518027737309,1010.7331
1518027737349,1010.7331
1518027737387,1010.7331
1518027737424,1010.7331
1518027737465,1010.7331
1518027737504,1010.7314
1518027737538,1010.7314
1518027737578,1010.7314
1518027737620,1010.7314
1518027737655,1010.7381
1518027737698,1010.7381
1518027737734,1010.7381
1518027737772,1010.7381
1518027737812,1010.7458
1518027737872,1010.7458
1518027737902,1010.7458
1518027737963,1010.7458
1518027737963,1010.7458
1518027738001,1010.74243
1518027738044,1010.74243
1518027738082,1010.74243
1518027738118,1010.74243
1518027738153,1010.73737
1518027738194,1010.73737
1518027738233,1010.73737
1518027738270,1010.73737
1518027738312,1010.7391
1518027738347,1010.7391
1518027738387,1010.7391
1518027738425,1010.7391
1518027738463,1010.74243
1518027738502,1010.74243
1518027738540,1010.74243
1518027738577,1010.74243
1518027738616,1010.7407
1518027738654,1010.7407
1518027738694,1010.7407
1518027738734,1010.7407
1518027738773,1010.7407
1518027738817,1010.7391
1518027738847,1010.7391
1518027738885,1010.7391
1518027738925,1010.7391
1518027738964,1010.7458
1518027739010,1010.7458
1518027739038,1010.7458
1518027739078,1010.7458
1518027739116,1010.75085
1518027739155,1010.75085
1518027739195,1010.75085
1518027739232,1010.75085
1518027739270,1010.75085
1518027739308,1010.75085
1518027739348,1010.75085
1518027739389,1010.75085
1518027739426,1010.74414
1518027739464,1010.74414
1518027739506,1010.74414
1518027739538,1010.74414
1518027739577,1010.7535
1518027739614,1010.7535
1518027739654,1010.7535
1518027739693,1010.7535
1518027739731,1010.7535
1518027739772,1010.7552
1518027739809,1010.7552
1518027739847,1010.7552
1518027739904,1010.7552
1518027739948,1010.75085
1518027739995,1010.75085
1518027740012,1010.75085
1518027740039,1010.75085
1518027740079,1010.7636
1518027740120,1010.7636
1518027740157,1010.7636
1518027740192,1010.7636
1518027740230,1010.7619
1518027740270,1010.7619
1518027740308,1010.7619
1518027740346,1010.7619
1518027740387,1010.7619
1518027740422,1010.7619
1518027740461,1010.7619
1518027740502,1010.7619
1518027740539,1010.76025
1518027740576,1010.76025
1518027740615,1010.76025
1518027740653,1010.76025
1518027740694,1010.76025
1518027740733,1010.7629
1518027740771,1010.7629
1518027740808,1010.7629
1518027740848,1010.7629
1518027740886,1010.76886
1518027740925,1010.76886
1518027740961,1010.76886
1518027740999,1010.76886
1518027741039,1010.7638
1518027741076,1010.7638
1518027741115,1010.7638
1518027741157,1010.7638
1518027741193,1010.7629
1518027741231,1010.7629
1518027741275,1010.7629
1518027741309,1010.7629
1518027741346,1010.76715
1518027741385,1010.76715
1518027741423,1010.76715
1518027741463,1010.76715
1518027741504,1010.76715
1518027741541,1010.76715
1518027741577,1010.76715
1518027741615,1010.76715
1518027741656,1010.76715
1518027741691,1010.76715
1518027741733,1010.76715
1518027741771,1010.76715
1518027741808,1010.76715
1518027741846,1010.7587
1518027741936,1010.7587
1518027741937,1010.7587
1518027741962,1010.7587
1518027741999,1010.76105
1518027742037,1010.76105
1518027742077,1010.76105
1518027742118,1010.76105
1518027742153,1010.7576
1518027742195,1010.7576
1518027742231,1010.7576
1518027742269,1010.7576
1518027742307,1010.7425
1518027742348,1010.7425
1518027742384,1010.7425
1518027742422,1010.7425
1518027742460,1010.7425
1518027742499,1010.734
1518027742543,1010.734
1518027742576,1010.734
1518027742615,1010.734
1518027742654,1010.7391
1518027742692,1010.7391
1518027742731,1010.7391
1518027742770,1010.7391
1518027742808,1010.7417
1518027742846,1010.7417
1518027742885,1010.7417
1518027742926,1010.7417
1518027742960,1010.7417
1518027742998,1010.7417
1518027743039,1010.7417
1518027743075,1010.7417
1518027743115,1010.73157
1518027743154,1010.73157
1518027743194,1010.73157
1518027743233,1010.73157
1518027743271,1010.7359
1518027743310,1010.7359
1518027743347,1010.7359
1518027743384,1010.7359
1518027743425,1010.7359
1518027743463,1010.7299
1518027743500,1010.7299
1518027743541,1010.7299
1518027743575,1010.7299
1518027743615,1010.7265
1518027743655,1010.7265
1518027743693,1010.7265
1518027743730,1010.7265
1518027743769,1010.74005
1518027743810,1010.74005
1518027743845,1010.74005
1518027743914,1010.74005
1518027743928,1010.74097
1518027743961,1010.74097
1518027744002,1010.74097
1518027744046,1010.74097
1518027744076,1010.7419
1518027744116,1010.7419
1518027744153,1010.7419
1518027744194,1010.7419
1518027744229,1010.7419
1518027744270,1010.74695
1518027744307,1010.74695
1518027744345,1010.74695
1518027744384,1010.74695
1518027744424,1010.7368
1518027744463,1010.7368
1518027744501,1010.7368
1518027744540,1010.7368
1518027744575,1010.73346
1518027744617,1010.73346
1518027744654,1010.73346
1518027744692,1010.73346
1518027744729,1010.74115
1518027744770,1010.74115
1518027744808,1010.74115
1518027744846,1010.74115
1518027744883,1010.7434
1518027744924,1010.7434
1518027744965,1010.7434
1518027745000,1010.7434
1518027745040,1010.74774
1518027745078,1010.74774
1518027745115,1010.74774
1518027745157,1010.74774
1518027745191,1010.74774
1518027745230,1010.75714
1518027745268,1010.75714
1518027745308,1010.75714
1518027745345,1010.75714
1518027745387,1010.7597
1518027745423,1010.7597
1518027745460,1010.7597
1518027745500,1010.7597
1518027745544,1010.7674
1518027745584,1010.7674
1518027745613,1010.7674
1518027745652,1010.7674
1518027745689,1010.763
1518027745729,1010.763
1518027745767,1010.763
1518027745807,1010.763
1518027745867,1010.77423
1518027745886,1010.77423
1518027745922,1010.77423
1518027745961,1010.77423
1518027745998,1010.78253
1518027746038,1010.78253
1518027746075,1010.78253
1518027746115,1010.78253
1518027746154,1010.78253
1518027746192,1010.78534
1518027746231,1010.78534
1518027746269,1010.78534
1518027746307,1010.78534
1518027746347,1010.7784
1518027746385,1010.7784
1518027746421,1010.7784
1518027746463,1010.7784
1518027746503,1010.7795
1518027746539,1010.7795
1518027746575,1010.7795
1518027746614,1010.7795
1518027746653,1010.782
1518027746691,1010.782
1518027746733,1010.782
1518027746769,1010.782
1518027746805,1010.7871
1518027746845,1010.7871
1518027746883,1010.7871
1518027746924,1010.7871
1518027746960,1010.7871
1518027747002,1010.7797
1518027747037,1010.7797
1518027747084,1010.7797
1518027747115,1010.7797
1518027747154,1010.7738
1518027747191,1010.7738
1518027747229,1010.7738
1518027747268,1010.7738
1518027747307,1010.77325
1518027747346,1010.77325
1518027747384,1010.77325
1518027747424,1010.77325
1518027747461,1010.7766
1518027747500,1010.7766
1518027747539,1010.7766
1518027747580,1010.7766
1518027747613,1010.7702
1518027747653,1010.7702
1518027747692,1010.7702
1518027747728,1010.7702
1518027747769,1010.7491
1518027747807,1010.7491
1518027747847,1010.7491
1518027747886,1010.7491
1518027747923,1010.7491
1518027747960,1010.7511
1518027748000,1010.7511
1518027748040,1010.7511
1518027748074,1010.7511
1518027748114,1010.741
1518027748152,1010.741
1518027748195,1010.741
1518027748231,1010.741
1518027748266,1010.73505
1518027748306,1010.73505
1518027748346,1010.73505
1518027748384,1010.73505
1518027748421,1010.7249
1518027748460,1010.7249
1518027748498,1010.7249
1518027748539,1010.7249
1518027748574,1010.72095
1518027748613,1010.72095
1518027748657,1010.72095
1518027748690,1010.72095
1518027748729,1010.72266
1518027748767,1010.72266
1518027748807,1010.72266
1518027748844,1010.72266
1518027748884,1010.72266
1518027748924,1010.71674
1518027748966,1010.71674
1518027749000,1010.71674
1518027749036,1010.71674
1518027749074,1010.71674
1518027749113,1010.71674
1518027749154,1010.71674
1518027749191,1010.71674
1518027749231,1010.7009
1518027749266,1010.7009
1518027749305,1010.7009
1518027749346,1010.7009
1518027749384,1010.7034
1518027749421,1010.7034
1518027749460,1010.7034
1518027749499,1010.7034
1518027749536,1010.69684
1518027749575,1010.69684
1518027749615,1010.69684
1518027749653,1010.69684
1518027749693,1010.69684
1518027749729,1010.69836
1518027749768,1010.69836
1518027749806,1010.69836
1518027749844,1010.69836
1518027749884,1010.6944
1518027749923,1010.6944
1518027749960,1010.6944
1518027749999,1010.6944
1518027750044,1010.6875
1518027750074,1010.6875
1518027750114,1010.6875
1518027750151,1010.6875
1518027750191,1010.69104
1518027750230,1010.69104
1518027750268,1010.69104
1518027750306,1010.69104
1518027750346,1010.68787
1518027750385,1010.68787
1518027750422,1010.68787
1518027750462,1010.68787
1518027750498,1010.68506
1518027750537,1010.68506
1518027750575,1010.68506
1518027750613,1010.68506
1518027750651,1010.68506
1518027750691,1010.69366
1518027750729,1010.69366
1518027750768,1010.69366
1518027750808,1010.69366
1518027750845,1010.6989
1518027750882,1010.6989
1518027750921,1010.6989
1518027750961,1010.6989
1518027750999,1010.68604
1518027751038,1010.68604
1518027751075,1010.68604
1518027751112,1010.68604
1518027751150,1010.6879
1518027751190,1010.6879
1518027751231,1010.6879
1518027751273,1010.6879
1518027751306,1010.68884
1518027751345,1010.68884
1518027751383,1010.68884
1518027751423,1010.68884
1518027751458,1010.6937
1518027751497,1010.6937
1518027751537,1010.6937
1518027751576,1010.6937
1518027751612,1010.6937
1518027751651,1010.6913
1518027751689,1010.6913
1518027751729,1010.6913
1518027751768,1010.6913
1518027751806,1010.68884
1518027751851,1010.68884
1518027751883,1010.68884
1518027751921,1010.68884
1518027751960,1010.689
1518027751997,1010.689
1518027752037,1010.689
1518027752076,1010.689
1518027752113,1010.6879
1518027752150,1010.6879
1518027752190,1010.6879
1518027752228,1010.6879
1518027752268,1010.68286
1518027752305,1010.68286
1518027752343,1010.68286
1518027752383,1010.68286
1518027752420,1010.68286
1518027752458,1010.6872
1518027752499,1010.6872
1518027752537,1010.6872
1518027752578,1010.6872
1518027752615,1010.6838
1518027752651,1010.6838
1518027752691,1010.6838
1518027752727,1010.6838
1518027752767,1010.68475
1518027752807,1010.68475
1518027752843,1010.68475
1518027752882,1010.68475
1518027752921,1010.689
1518027752959,1010.689
1518027752998,1010.689
1518027753037,1010.689
1518027753077,1010.6984
1518027753114,1010.6984
1518027753151,1010.6984
1518027753190,1010.6984
1518027753227,1010.69336
1518027753267,1010.69336
1518027753310,1010.69336
1518027753348,1010.69336
1518027753382,1010.69336
1518027753419,1010.70074
1518027753458,1010.70074
1518027753498,1010.70074
1518027753536,1010.70074
1518027753575,1010.6973
1518027753615,1010.6973
1518027753652,1010.6973
1518027753689,1010.6973
1518027753730,1010.6956
1518027753767,1010.6956
1518027753807,1010.6956
1518027753844,1010.6956
1518027753882,1010.694
1518027753922,1010.694
1518027753959,1010.694
1518027753998,1010.694
1518027754034,1010.6906
1518027754081,1010.6906
1518027754114,1010.6906
1518027754151,1010.6906
1518027754189,1010.6956
1518027754229,1010.6956
1518027754268,1010.6956
1518027754306,1010.6956
1518027754345,1010.6956
1518027754382,1010.6956
1518027754421,1010.6956
1518027754458,1010.6956
1518027754498,1010.6956
1518027754539,1010.6983
1518027754575,1010.6983
1518027754612,1010.6983
1518027754651,1010.6983
1518027754690,1010.6949
1518027754727,1010.6949
1518027754766,1010.6949
1518027754806,1010.6949
1518027754844,1010.6983
1518027754885,1010.6983
1518027754923,1010.6983
1518027754958,1010.6983
1518027754998,1010.7033
1518027755035,1010.7033
1518027755073,1010.7033
1518027755111,1010.7033
1518027755151,1010.7033
1518027755188,1010.7033
1518027755228,1010.7033
1518027755266,1010.7033
1518027755307,1010.7033
1518027755345,1010.69995
1518027755383,1010.69995
1518027755419,1010.69995
1518027755458,1010.69995
1518027755497,1010.6915
1518027755535,1010.6915
1518027755574,1010.6915
1518027755612,1010.6915
1518027755650,1010.6797
1518027755688,1010.6797
1518027755727,1010.6797
1518027755766,1010.6797
1518027755806,1010.6746
1518027755842,1010.6746
1518027755880,1010.6746
1518027755919,1010.6746
1518027755958,1010.67633
1518027755997,1010.67633
1518027756037,1010.67633
1518027756097,1010.67633
1518027756111,1010.67633
1518027756149,1010.68475
1518027756189,1010.68475
1518027756227,1010.68475
1518027756266,1010.68475
1518027756307,1010.68475
1518027756343,1010.68475
1518027756381,1010.68475
1518027756424,1010.68475
1518027756459,1010.69244
1518027756496,1010.69244
1518027756534,1010.69244
1518027756580,1010.69244
1518027756611,1010.68304
1518027756651,1010.68304
1518027756688,1010.68304
1518027756726,1010.68304
1518027756769,1010.68475
1518027756804,1010.68475
1518027756842,1010.68475
1518027756881,1010.68475
1518027756922,1010.6898
1518027756957,1010.6898
1518027756998,1010.6898
1518027757035,1010.6898
1518027757075,1010.6898
1518027757111,1010.6932
1518027757152,1010.6932
1518027757189,1010.6932
1518027757226,1010.6932
1518027757264,1010.6881
1518027757305,1010.6881
1518027757344,1010.6881
1518027757382,1010.6881
1518027757425,1010.6804
1518027757458,1010.6804
1518027757498,1010.6804
1518027757534,1010.6804
1518027757578,1010.6804
1518027757610,1010.6804
1518027757649,1010.6804
1518027757690,1010.6804
1518027757726,1010.67535
1518027757765,1010.67535
1518027757804,1010.67535
1518027757842,1010.67535
1518027757881,1010.6731
1518027757920,1010.6731
1518027757958,1010.6731
1518027757995,1010.6731
1518027758034,1010.6731
1518027758075,1010.6799
1518027758111,1010.6799
1518027758152,1010.6799
1518027758190,1010.6799
1518027758227,1010.6815
1518027758265,1010.6815
1518027758305,1010.6815
1518027758345,1010.6815
1518027758384,1010.6849
1518027758421,1010.6849
1518027758458,1010.6849
1518027758496,1010.6849
1518027758536,1010.6866
1518027758574,1010.6866
1518027758611,1010.6866
1518027758649,1010.6866
1518027758690,1010.6823
1518027758727,1010.6823
1518027758765,1010.6823
1518027758804,1010.6823
1518027758843,1010.6823
1518027758880,1010.69
1518027758919,1010.69
1518027758958,1010.69
1518027758997,1010.69
1518027759036,1010.6823
1518027759076,1010.6823
1518027759112,1010.6823
1518027759148,1010.6823
1518027759187,1010.6823
1518027759228,1010.6823
1518027759265,1010.6823
1518027759305,1010.6823
1518027759343,1010.6823
1518027759382,1010.6823
1518027759418,1010.6823
1518027759461,1010.6823
1518027759496,1010.68396
1518027759534,1010.68396
1518027759574,1010.68396
1518027759610,1010.68396
1518027759649,1010.6874
1518027759688,1010.6874
1518027759727,1010.6874
1518027759765,1010.6874
1518027759803,1010.6874
1518027759843,1010.6797
1518027759882,1010.6797
1518027759919,1010.6797
1518027759958,1010.6797
1518027759998,1010.68304
1518027760035,1010.68304
1518027760072,1010.68304
1518027760111,1010.68304
1518027760151,1010.6821
1518027760188,1010.6821
1518027760231,1010.6821
1518027760268,1010.6821
1518027760303,1010.6727
1518027760342,1010.6727
1518027760381,1010.6727
1518027760419,1010.6727
1518027760458,1010.66705
1518027760496,1010.66705
1518027760535,1010.66705
1518027760583,1010.66705
1518027760612,1010.6738
1518027760652,1010.6738
1518027760687,1010.6738
1518027760726,1010.6738
1518027760766,1010.6738
1518027760803,1010.6712
1518027760842,1010.6712
1518027760880,1010.6712
1518027760918,1010.6712
1518027760959,1010.678
1518027760996,1010.678
1518027761037,1010.678
1518027761074,1010.678
1518027761109,1010.67535
1518027761150,1010.67535
1518027761187,1010.67535
1518027761226,1010.67535
1518027761267,1010.6703
1518027761302,1010.6703
1518027761341,1010.6703
1518027761381,1010.6703
1518027761428,1010.67365
1518027761458,1010.67365
1518027761494,1010.67365
1518027761534,1010.67365
1518027761579,1010.67365
1518027761614,1010.6763
1518027761648,1010.6763
1518027761686,1010.6763
1518027761726,1010.6763
1518027761764,1010.67194
1518027761803,1010.67194
1518027761842,1010.67194
1518027761879,1010.67194
1518027761920,1010.67535
1518027761958,1010.67535
1518027761996,1010.67535
1518027762036,1010.67535
1518027762072,1010.6804
1518027762110,1010.6804
1518027762150,1010.6804
1518027762187,1010.6804
1518027762224,1010.67706
1518027762265,1010.67706
1518027762303,1010.67706
1518027762343,1010.67706
1518027762380,1010.68115
1518027762420,1010.68115
1518027762455,1010.68115
1518027762497,1010.68115
1518027762533,1010.68115
1518027762574,1010.6872
1518027762610,1010.6872
1518027762648,1010.6872
1518027762688,1010.6872
1518027762728,1010.6845
1518027762765,1010.6845
1518027762803,1010.6845
1518027762844,1010.6845
1518027762880,1010.6913
1518027762918,1010.6913
1518027762956,1010.6913
1518027762994,1010.6913
1518027763034,1010.6971
1518027763073,1010.6971
1518027763110,1010.6971
1518027763150,1010.6971
1518027763186,1010.71063
1518027763225,1010.71063
1518027763263,1010.71063
1518027763301,1010.71063
1518027763341,1010.6971
1518027763379,1010.6971
1518027763418,1010.6971
1518027763455,1010.6971
1518027763495,1010.6971
1518027763532,1010.7022
1518027763573,1010.7022
1518027763610,1010.7022
1518027763648,1010.7022
1518027763686,1010.69147
1518027763725,1010.69147
1518027763764,1010.69147
1518027763803,1010.69147
1518027763844,1010.6931
1518027763880,1010.6931
1518027763920,1010.6931
1518027763957,1010.6931
1518027763994,1010.68976
1518027764036,1010.68976
1518027764072,1010.68976
1518027764121,1010.68976
1518027764148,1010.6948
1518027764186,1010.6948
1518027764226,1010.6948
1518027764265,1010.6948
1518027764303,1010.6982
1518027764340,1010.6982
1518027764382,1010.6982
1518027764418,1010.6982
1518027764457,1010.6982
1518027764495,1010.68805
1518027764533,1010.68805
1518027764574,1010.68805
1518027764609,1010.68805
1518027764651,1010.67535
1518027764688,1010.67535
1518027764725,1010.67535
1518027764765,1010.67535
1518027764802,1010.68036
1518027764839,1010.68036
1518027764882,1010.68036
1518027764920,1010.68036
1518027764957,1010.6905
1518027764994,1010.6905
1518027765034,1010.6905
1518027765071,1010.6905
1518027765110,1010.6956
1518027765148,1010.6956
1518027765189,1010.6956
1518027765225,1010.6956
1518027765263,1010.6956
1518027765314,1010.69464
1518027765343,1010.69464
1518027765378,1010.69464
1518027765417,1010.69464
1518027765455,1010.69806
1518027765493,1010.69806
1518027765533,1010.69806
1518027765570,1010.69806
1518027765610,1010.69635
1518027765647,1010.69635
1518027765689,1010.69635
1518027765725,1010.69635
1518027765765,1010.68024
1518027765803,1010.68024
1518027765850,1010.68024
1518027765878,1010.68024
1518027765918,1010.6819
1518027765957,1010.6819
1518027765994,1010.6819
1518027766034,1010.6819
1518027766075,1010.6913
1518027766114,1010.6913
1518027766147,1010.6913
1518027766185,1010.6913
1518027766225,1010.6913
1518027766262,1010.6913
1518027766301,1010.6913
1518027766339,1010.6913
1518027766377,1010.6913
1518027766416,1010.68866
1518027766456,1010.68866
1518027766494,1010.68866
1518027766535,1010.68866
1518027766574,1010.68866
1518027766608,1010.68866
1518027766647,1010.68866
1518027766688,1010.68866
1518027766725,1010.68866
1518027766765,1010.68866
1518027766801,1010.68866
1518027766842,1010.68866
1518027766878,1010.68604
1518027766920,1010.68604
1518027766957,1010.68604
1518027766999,1010.68604
1518027767033,1010.6836
1518027767073,1010.6836
1518027767110,1010.6836
1518027767146,1010.6836
1518027767186,1010.6836
1518027767224,1010.67926
1518027767264,1010.67926
1518027767304,1010.67926
1518027767339,1010.67926
1518027767380,1010.6894
1518027767417,1010.6894
1518027767455,1010.6894
1518027767494,1010.6894
1518027767532,1010.68604
1518027767570,1010.68604
1518027767613,1010.68604
1518027767656,1010.68604
1518027767688,1010.6911
1518027767723,1010.6911
1518027767764,1010.6911
1518027767801,1010.6911
1518027767840,1010.68604
1518027767877,1010.68604
1518027767919,1010.68604
1518027767957,1010.68604
1518027767995,1010.68604
1518027768035,1010.68695
1518027768073,1010.68695
1518027768113,1010.68695
1518027768147,1010.68695
1518027768185,1010.68524
1518027768226,1010.68524
1518027768268,1010.68524
1518027768303,1010.68524
1518027768339,1010.6954
1518027768379,1010.6954
1518027768418,1010.6954
1518027768457,1010.6954
1518027768494,1010.69037
1518027768533,1010.69037
1518027768571,1010.69037
1518027768613,1010.69037
1518027768647,1010.69037
1518027768687,1010.69037
1518027768725,1010.69037
1518027768764,1010.69037
1518027768802,1010.68604
1518027768839,1010.68604
1518027768879,1010.68604
1518027768917,1010.68604
1518027768958,1010.68604
1518027768992,1010.6843
1518027769032,1010.6843
1518027769069,1010.6843
1518027769111,1010.6843
1518027769147,1010.6827
1518027769185,1010.6827
1518027769228,1010.6827
1518027769262,1010.6827
1518027769301,1010.6843
1518027769341,1010.6843
1518027769380,1010.6843
1518027769417,1010.6843
1518027769454,1010.6843
1518027769496,1010.6843
1518027769532,1010.6843
1518027769571,1010.6843
1518027769610,1010.6894
1518027769651,1010.6894
1518027769685,1010.6894
1518027769726,1010.6894
1518027769763,1010.6888
1518027769803,1010.6888
1518027769842,1010.6888
1518027769880,1010.6888
1518027769918,1010.6888
1518027769954,1010.6837
1518027769993,1010.6837
1518027770034,1010.6837
1518027770071,1010.6837
1518027770110,1010.6888
1518027770145,1010.6888
1518027770187,1010.6888
1518027770223,1010.6888
1518027770263,1010.6905
1518027770300,1010.6905
1518027770341,1010.6905
1518027770380,1010.6905
1518027770417,1010.6896
1518027770454,1010.6896
1518027770493,1010.6896
1518027770533,1010.6896
1518027770570,1010.6939
1518027770610,1010.6939
1518027770646,1010.6939
1518027770685,1010.6939
1518027770725,1010.68713
1518027770765,1010.68713
1518027770801,1010.68713
1518027770840,1010.68713
1518027770877,1010.68713
1518027770916,1010.68713
1518027770954,1010.68713
1518027770994,1010.68713
1518027771033,1010.68713
1518027771072,1010.68713
1518027771108,1010.68713
1518027771145,1010.68713
1518027771185,1010.68713
1518027771226,1010.6894
1518027771263,1010.6894
1518027771301,1010.6894
1518027771339,1010.6894
1518027771377,1010.6877
1518027771416,1010.6877
1518027771457,1010.6877
1518027771496,1010.6877
1518027771534,1010.6894
1518027771574,1010.6894
1518027771607,1010.6894
1518027771646,1010.6894
1518027771686,1010.6894
1518027771723,1010.6894
1518027771763,1010.6894
1518027771801,1010.6894
1518027771838,1010.6894
1518027771877,1010.67365
1518027771917,1010.67365
1518027771953,1010.67365
1518027771993,1010.67365
1518027772032,1010.6676
1518027772070,1010.6676
1518027772110,1010.6676
1518027772146,1010.6676
1518027772187,1010.66595
1518027772223,1010.66595
1518027772262,1010.66595
1518027772300,1010.66595
1518027772340,1010.6685
1518027772377,1010.6685
1518027772414,1010.6685
1518027772452,1010.6685
1518027772493,1010.6685
1518027772533,1010.6685
1518027772568,1010.6685
1518027772609,1010.6685
1518027772646,1010.6685
1518027772684,1010.6601
1518027772723,1010.6601
1518027772762,1010.6601
1518027772801,1010.6601
1518027772838,1010.6584
1518027772877,1010.6584
1518027772917,1010.6584
1518027772955,1010.6584
1518027772993,1010.6601
1518027773030,1010.6601
1518027773069,1010.6601
1518027773107,1010.6601
1518027773150,1010.65674
1518027773184,1010.65674
1518027773227,1010.65674
1518027773262,1010.65674
1518027773300,1010.6601
1518027773338,1010.6601
1518027773378,1010.6601
1518027773418,1010.6601
1518027773456,1010.6601
1518027773493,1010.6601
1518027773540,1010.6601
1518027773571,1010.6601
1518027773608,1010.6601
1518027773646,1010.6533
1518027773684,1010.6533
1518027773723,1010.6533
1518027773761,1010.6533
1518027773801,1010.6449
1518027773842,1010.6449
1518027773879,1010.6449
1518027773916,1010.6449
1518027773954,1010.6517
1518027773994,1010.6517
1518027774031,1010.6517
1518027774071,1010.6517
1518027774107,1010.644
1518027774148,1010.644
1518027774184,1010.644
1518027774223,1010.644
1518027774261,1010.64905
1518027774299,1010.64905
1518027774338,1010.64905
1518027774376,1010.64905
1518027774418,1010.64905
1518027774453,1010.6457
1518027774493,1010.6457
1518027774531,1010.6457
1518027774568,1010.6457
1518027774607,1010.64734
1518027774645,1010.64734
1518027774696,1010.64734
1518027774723,1010.64734
1518027774760,1010.64905
1518027774799,1010.64905
1518027774837,1010.64905
1518027774878,1010.64905
1518027774915,1010.6533
1518027774953,1010.6533
1518027774992,1010.6533
1518027775034,1010.6533
1518027775072,1010.6533
1518027775108,1010.6533
1518027775146,1010.6533
1518027775184,1010.6533
1518027775224,1010.6466
1518027775262,1010.6466
1518027775298,1010.6466
1518027775338,1010.6466
1518027775376,1010.6466
1518027775414,1010.63983
1518027775455,1010.63983
1518027775492,1010.63983
1518027775532,1010.63983
1518027775573,1010.64056
1518027775608,1010.64056
1518027775645,1010.64056
1518027775684,1010.64056
1518027775723,1010.63385
1518027775762,1010.63385
1518027775800,1010.63385
1518027775840,1010.63385
1518027775877,1010.6278
1518027775913,1010.6278
1518027775954,1010.6278
1518027775993,1010.6278
1518027776031,1010.6312
1518027776069,1010.6312
1518027776109,1010.6312
1518027776145,1010.6312
1518027776183,1010.63043
1518027776222,1010.63043
1518027776262,1010.63043
1518027776300,1010.63043
1518027776340,1010.63043
1518027776376,1010.6237
1518027776415,1010.6237
1518027776455,1010.6237
1518027776493,1010.6237
1518027776535,1010.6203
1518027776570,1010.6203
1518027776607,1010.6203
1518027776647,1010.6203
1518027776685,1010.6288
1518027776722,1010.6288
1518027776760,1010.6288
1518027776800,1010.6288
1518027776839,1010.61694
1518027776879,1010.61694
1518027776916,1010.61694
1518027776954,1010.61694
1518027776989,1010.6203
1518027777031,1010.6203
1518027777071,1010.6203
1518027777111,1010.6203
1518027777146,1010.622
1518027777185,1010.622
1518027777223,1010.622
1518027777260,1010.622
1518027777301,1010.622
1518027777338,1010.622
1518027777381,1010.622
1518027777415,1010.622
1518027777455,1010.622
1518027777493,1010.628
1518027777529,1010.628
1518027777569,1010.628
1518027777606,1010.628
1518027777645,1010.6314
1518027777683,1010.6314
1518027777722,1010.6314
1518027777761,1010.6314
1518027777799,1010.6297
1518027777837,1010.6297
1518027777876,1010.6297
1518027777915,1010.6297
1518027777954,1010.63306
1518027777992,1010.63306
1518027778028,1010.63306
1518027778067,1010.63306
1518027778106,1010.63306
1518027778146,1010.63477
1518027778185,1010.63477
1518027778224,1010.63477
1518027778260,1010.63477
1518027778300,1010.64044
1518027778339,1010.64044
1518027778377,1010.64044
1518027778415,1010.64044
1518027778452,1010.64044
1518027778492,1010.64044
1518027778533,1010.64044
1518027778568,1010.64044
1518027778615,1010.63873
1518027778645,1010.63873
1518027778682,1010.63873
1518027778721,1010.63873
1518027778762,1010.63367
1518027778798,1010.63367
1518027778836,1010.63367
1518027778876,1010.63367
1518027778915,1010.62463
1518027778952,1010.62463
1518027778992,1010.62463
1518027779031,1010.62463
1518027779069,1010.62463
1518027779106,1010.6263
1518027779146,1010.6263
1518027779184,1010.6263
1518027779222,1010.6263
1518027779261,1010.6263
1518027779299,1010.6263
1518027779335,1010.6263
1518027779375,1010.6263
1518027779419,1010.6297
1518027779454,1010.6297
1518027779491,1010.6297
1518027779528,1010.6297
1518027779569,1010.628
1518027779610,1010.628
1518027779646,1010.628
1518027779684,1010.628
1518027779724,1010.6263
1518027779762,1010.6263
1518027779799,1010.6263
1518027779838,1010.6263
1518027779875,1010.6263
1518027779914,1010.6263
1518027779955,1010.6263
1518027779990,1010.6263
1518027780035,1010.6263
1518027780069,1010.62537
1518027780104,1010.62537
1518027780144,1010.62537
1518027780184,1010.62537
1518027780222,1010.6237
1518027780262,1010.6237
1518027780299,1010.6237
1518027780336,1010.6237
1518027780374,1010.6229
1518027780414,1010.6229
1518027780452,1010.6229
1518027780490,1010.6229
1518027780528,1010.6128
1518027780567,1010.6128
1518027780605,1010.6128
1518027780644,1010.6128
1518027780684,1010.6145
1518027780721,1010.6145
1518027780760,1010.6145
1518027780800,1010.6145
1518027780844,1010.6145
1518027780876,1010.62354
1518027780914,1010.62354
1518027780953,1010.62354
1518027780992,1010.62354
1518027781029,1010.62524
1518027781069,1010.62524
1518027781107,1010.62524
1518027781144,1010.62524
1518027781183,1010.62524
1518027781221,1010.62524
1518027781260,1010.62524
1518027781298,1010.62524
1518027781338,1010.6202
1518027781375,1010.6202
1518027781414,1010.6202
1518027781453,1010.6202
1518027781491,1010.62616
1518027781529,1010.62616
1518027781567,1010.62616
1518027781604,1010.62616
1518027781646,1010.6312
1518027781682,1010.6312
1518027781720,1010.6312
1518027781760,1010.6312
1518027781799,1010.6312
1518027781838,1010.6346
1518027781877,1010.6346
1518027781913,1010.6346
1518027781953,1010.6346
1518027781993,1010.6363
1518027782028,1010.6363
1518027782066,1010.6363
1518027782108,1010.6363
1518027782145,1010.6346
1518027782182,1010.6346
1518027782227,1010.6346
1518027782260,1010.6346
1518027782298,1010.6295
1518027782339,1010.6295
1518027782375,1010.6295
1518027782413,1010.6295
1518027782454,1010.63385
1518027782490,1010.63385
1518027782528,1010.63385
1518027782572,1010.63385
1518027782605,1010.6389
1518027782648,1010.6389
1518027782682,1010.6389
1518027782720,1010.6389
1518027782763,1010.6389
1518027782798,1010.63043
1518027782836,1010.63043
1518027782876,1010.63043
1518027782914,1010.63043
1518027782952,1010.64154
1518027782995,1010.64154
1518027783027,1010.64154
1518027783068,1010.64154
1518027783105,1010.63214
1518027783144,1010.63214
1518027783182,1010.63214
1518027783220,1010.63214
1518027783260,1010.62634
1518027783298,1010.62634
1518027783337,1010.62634
1518027783374,1010.62634
1518027783413,1010.6213
1518027783453,1010.6213
1518027783493,1010.6213
1518027783528,1010.6213
1518027783567,1010.61285
1518027783606,1010.61285
1518027783645,1010.61285
1518027783684,1010.61285
1518027783720,1010.61285
1518027783759,1010.61957
1518027783797,1010.61957
1518027783836,1010.61957
1518027783876,1010.61957
1518027783914,1010.62634
1518027783950,1010.62634
1518027783988,1010.62634
1518027784028,1010.62634
1518027784066,1010.6213
1518027784104,1010.6213
1518027784144,1010.6213
1518027784181,1010.6213
1518027784219,1010.62463
1518027784258,1010.62463
1518027784297,1010.62463
1518027784334,1010.62463
1518027784373,1010.62054
1518027784414,1010.62054
1518027784451,1010.62054
1518027784491,1010.62054
1518027784528,1010.62054
1518027784568,1010.6239
1518027784605,1010.6239
1518027784649,1010.6239
1518027784681,1010.6239
1518027784726,1010.62054
1518027784759,1010.62054
1518027784798,1010.62054
1518027784836,1010.62054
1518027784879,1010.62726
1518027784914,1010.62726
1518027784952,1010.62726
1518027784990,1010.62726
1518027785028,1010.6307
1518027785068,1010.6307
1518027785105,1010.6307
1518027785147,1010.6307
1518027785181,1010.6305
1518027785220,1010.6305
1518027785259,1010.6305
1518027785296,1010.6305
1518027785337,1010.62714
1518027785379,1010.62714
1518027785416,1010.62714
1518027785451,1010.62714
1518027785488,1010.62714
1518027785527,1010.6247
1518027785567,1010.6247
1518027785605,1010.6247
1518027785641,1010.6247
1518027785681,1010.6247
1518027785721,1010.6247
1518027785758,1010.6247
1518027785797,1010.6247
1518027785837,1010.6237
1518027785874,1010.6237
1518027785914,1010.6237
1518027785951,1010.6237
1518027785989,1010.6213
1518027786029,1010.6213
1518027786066,1010.6213
1518027786104,1010.6213
1518027786144,1010.6179
1518027786182,1010.6179
1518027786220,1010.6179
1518027786258,1010.6179
1518027786297,1010.6239
1518027786337,1010.6239
1518027786376,1010.6239
1518027786415,1010.6239
1518027786451,1010.6239
1518027786488,1010.6307
1518027786528,1010.6307
1518027786565,1010.6307
1518027786607,1010.6307
1518027786653,1010.6316
1518027786684,1010.6316
1518027786721,1010.6316
1518027786757,1010.6316
1518027786796,1010.6248
1518027786834,1010.6248
1518027786873,1010.6248
1518027786913,1010.6248
1518027786953,1010.6198
1518027786988,1010.6198
1518027787028,1010.6198
1518027787066,1010.6198
1518027787105,1010.6238
1518027787142,1010.6238
1518027787182,1010.6238
1518027787221,1010.6238
1518027787258,1010.6238
1518027787295,1010.62885
1518027787338,1010.62885
1518027787374,1010.62885
1518027787413,1010.62885
1518027787450,1010.6348
1518027787490,1010.6348
1518027787529,1010.6348
1518027787565,1010.6348
1518027787607,1010.62885
1518027787647,1010.62885
1518027787681,1010.62885
1518027787720,1010.62885
1518027787763,1010.62823
1518027787796,1010.62823
1518027787834,1010.62823
1518027787873,1010.62823
1518027787914,1010.6181
1518027787951,1010.6181
1518027787987,1010.6181
1518027788027,1010.6181
1518027788066,1010.6265
1518027788106,1010.6265
1518027788151,1010.6265
1518027788181,1010.6265
1518027788226,1010.6265
1518027788256,1010.62823
1518027788296,1010.62823
1518027788335,1010.62823
1518027788373,1010.62823
1518027788413,1010.63385
1518027788450,1010.63385
1518027788490,1010.63385
1518027788528,1010.63385
1518027788567,1010.639
1518027788604,1010.639
1518027788642,1010.639
1518027788681,1010.639
1518027788719,1010.63385
1518027788757,1010.63385
1518027788796,1010.63385
1518027788834,1010.63385
1518027788874,1010.63654
1518027788916,1010.63654
1518027788952,1010.63654
1518027788988,1010.63654
1518027789027,1010.6314
1518027789065,1010.6314
1518027789105,1010.6314
1518027789146,1010.6314
1518027789179,1010.6314
1518027789221,1010.61456
1518027789260,1010.61456
1518027789297,1010.61456
1518027789334,1010.61456
1518027789374,1010.61285
1518027789411,1010.61285
1518027789453,1010.61285
1518027789490,1010.61285
1518027789528,1010.6163
1518027789565,1010.6163
1518027789604,1010.6163
1518027789645,1010.6163
1518027789680,1010.6196
1518027789718,1010.6196
1518027789758,1010.6196
1518027789796,1010.6196
1518027789835,1010.6213
1518027789872,1010.6213
1518027789914,1010.6213
1518027789951,1010.6213
1518027789991,1010.62897
1518027790026,1010.62897
1518027790066,1010.62897
1518027790105,1010.62897
1518027790142,1010.62897
1518027790181,1010.6324
1518027790220,1010.6324
1518027790256,1010.6324
1518027790296,1010.6324
1518027790335,1010.635
1518027790374,1010.635
1518027790413,1010.635
1518027790452,1010.635
1518027790488,1010.62897
1518027790529,1010.62897
1518027790564,1010.62897
1518027790602,1010.62897
1518027790642,1010.6333
1518027790681,1010.6333
1518027790720,1010.6333
1518027790759,1010.6333
1518027790795,1010.6249
1518027790836,1010.6249
1518027790873,1010.6249
1518027790913,1010.6249
1518027790950,1010.6249
1518027790987,1010.63763
1518027791028,1010.63763
1518027791065,1010.63763
1518027791103,1010.63763
1518027791145,1010.63763
1518027791180,1010.63763
1518027791220,1010.63763
1518027791258,1010.63763
1518027791296,1010.63763
1518027791336,1010.63763
1518027791373,1010.63763
1518027791412,1010.63763
1518027791452,1010.6342
1518027791488,1010.6342
1518027791528,1010.6342
1518027791566,1010.6342
1518027791605,1010.6433
1518027791642,1010.6433
1518027791680,1010.6433
1518027791722,1010.6433
1518027791756,1010.6399
1518027791796,1010.6399
1518027791834,1010.6399
1518027791874,1010.6399
1518027791910,1010.6399
1518027791950,1010.64496
1518027791992,1010.64496
1518027792027,1010.64496
1518027792066,1010.64496
1518027792112,1010.6433
1518027792145,1010.6433
1518027792179,1010.6433
1518027792218,1010.6433
1518027792260,1010.63654
1518027792296,1010.63654
1518027792334,1010.63654
1518027792376,1010.63654
1518027792413,1010.6408
1518027792451,1010.6408
1518027792489,1010.6408
1518027792528,1010.6408
1518027792566,1010.64514
1518027792603,1010.64514
1518027792641,1010.64514
1518027792678,1010.64514
1518027792718,1010.63916
1518027792758,1010.63916
1518027792795,1010.63916
1518027792836,1010.63916
1518027792875,1010.63916
1518027792912,1010.6418
1518027792950,1010.6418
1518027792991,1010.6418
1518027793026,1010.6418
1518027793066,1010.6367
1518027793103,1010.6367
1518027793140,1010.6367
1518027793180,1010.6367
1518027793218,1010.64777
1518027793258,1010.64777
1518027793297,1010.64777
1518027793335,1010.64777
1518027793372,1010.6427
1518027793411,1010.6427
1518027793450,1010.6427
1518027793487,1010.6427
1518027793527,1010.6435
1518027793565,1010.6435
1518027793602,1010.6435
1518027793641,1010.6435
1518027793681,1010.6435
1518027793720,1010.6401
1518027793756,1010.6401
1518027793795,1010.6401
1518027793834,1010.6401
1518027793874,1010.6401
1518027793910,1010.6401
1518027793948,1010.6401
1518027793990,1010.6401
1518027794026,1010.6495
1518027794065,1010.6495
1518027794105,1010.6495
1518027794143,1010.6495
1518027794180,1010.64606
1518027794217,1010.64606
1518027794257,1010.64606
1518027794300,1010.64606
1518027794335,1010.6495
1518027794373,1010.6495
1518027794410,1010.6495
1518027794450,1010.6495
1518027794487,1010.6436
1518027794527,1010.6436
1518027794564,1010.6436
1518027794603,1010.6436
1518027794642,1010.6436
1518027794696,1010.63855
1518027794720,1010.63855
1518027794757,1010.63855
1518027794796,1010.63855
1518027794833,1010.641
1518027794873,1010.641
1518027794911,1010.641
1518027794951,1010.641
1518027794988,1010.63934
1518027795025,1010.63934
1518027795064,1010.63934
1518027795107,1010.63934
1518027795140,1010.6427
1518027795179,1010.6427
1518027795218,1010.6427
1518027795257,1010.6427
1518027795295,1010.64777
1518027795334,1010.64777
1518027795380,1010.64777
1518027795410,1010.64777
1518027795448,1010.6504
1518027795494,1010.6504
1518027795525,1010.6504
1518027795564,1010.6504
1518027795601,1010.6504
1518027795641,1010.65436
1518027795680,1010.65436
1518027795719,1010.65436
1518027795756,1010.65436
1518027795795,1010.65265
1518027795832,1010.65265
1518027795871,1010.65265
1518027795911,1010.65265
1518027795950,1010.651
1518027795986,1010.651
1518027796025,1010.651
1518027796065,1010.651
1518027796105,1010.66034
1518027796143,1010.66034
1518027796180,1010.66034
1518027796217,1010.66034
1518027796256,1010.65533
1518027796295,1010.65533
1518027796333,1010.65533
1518027796375,1010.65533
1518027796408,1010.6587
1518027796447,1010.6587
1518027796485,1010.6587
1518027796523,1010.6587
1518027796562,1010.6587
1518027796601,1010.6579
1518027796640,1010.6579
1518027796680,1010.6579
1518027796717,1010.6579
1518027796756,1010.6656
1518027796794,1010.6656
1518027796833,1010.6656
1518027796871,1010.6656
1518027796910,1010.66223
1518027796950,1010.66223
1518027796987,1010.66223
1518027797024,1010.66223
1518027797065,1010.65717
1518027797102,1010.65717
1518027797142,1010.65717
1518027797179,1010.65717
1518027797217,1010.6605
1518027797256,1010.6605
1518027797295,1010.6605
1518027797334,1010.6605
1518027797370,1010.6605
1518027797410,1010.6682
1518027797450,1010.6682
1518027797488,1010.6682
1518027797525,1010.6682
1518027797565,1010.6699
1518027797603,1010.6699
1518027797642,1010.6699
1518027797681,1010.6699
1518027797719,1010.6699
1518027797755,1010.6699
1518027797793,1010.6699
1518027797833,1010.6699
1518027797871,1010.6733
1518027797914,1010.6733
1518027797949,1010.6733
1518027797986,1010.6733
1518027798026,1010.6739
1518027798079,1010.6739
1518027798103,1010.6739
1518027798140,1010.6739
1518027798179,1010.6699
1518027798217,1010.6699
1518027798257,1010.6699
1518027798295,1010.6699
1518027798338,1010.6699
1518027798372,1010.6716
1518027798413,1010.6716
1518027798447,1010.6716
1518027798487,1010.6716
1518027798525,1010.6733
1518027798563,1010.6733
1518027798603,1010.6733
1518027798640,1010.6733
1518027798682,1010.6756
1518027798717,1010.6756
1518027798756,1010.6756
1518027798794,1010.6756
1518027798833,1010.6688
1518027798871,1010.6688
1518027798911,1010.6688
1518027798948,1010.6688
1518027798987,1010.6765
1518027799024,1010.6765
1518027799063,1010.6765
1518027799103,1010.6765
1518027799144,1010.67487
1518027799182,1010.67487
1518027799218,1010.67487
1518027799255,1010.67487
1518027799294,1010.67487
1518027799332,1010.66974
1518027799372,1010.66974
1518027799408,1010.66974
1518027799448,1010.66974
1518027799485,1010.66974
1518027799524,1010.66974
1518027799563,1010.66974
1518027799601,1010.66974
1518027799641,1010.66473
1518027799680,1010.66473
1518027799716,1010.66473
1518027799755,1010.66473
1518027799794,1010.66565
1518027799834,1010.66565
1518027799874,1010.66565
1518027799910,1010.66565
1518027799947,1010.67236
1518027799988,1010.67236
1518027800025,1010.67236
1518027800063,1010.67236
1518027800101,1010.67236
1518027800140,1010.67163
1518027800182,1010.67163
1518027800216,1010.67163
1518027800256,1010.67163
1518027800293,1010.6757
1518027800331,1010.6757
1518027800372,1010.6757
1518027800414,1010.6757
1518027800447,1010.6784
1518027800485,1010.6784
1518027800523,1010.6784
1518027800563,1010.6784
1518027800603,1010.6776
1518027800642,1010.6776
1518027800682,1010.6776
1518027800715,1010.6776
1518027800755,1010.675
1518027800795,1010.675
1518027800834,1010.675
1518027800870,1010.675
1518027800910,1010.6784
1518027800950,1010.6784
1518027800986,1010.6784
1518027801024,1010.6784
1518027801063,1010.6784
1518027801101,1010.6784
1518027801140,1010.6784
1518027801179,1010.6784
1518027801215,1010.6784
1518027801255,1010.67334
1518027801293,1010.67334
1518027801333,1010.67334
1518027801370,1010.67334
1518027801409,1010.6834
1518027801451,1010.6834
1518027801485,1010.6834
1518027801524,1010.6834
1518027801563,1010.68774
1518027801603,1010.68774
1518027801652,1010.68774
1518027801678,1010.68774
1518027801716,1010.69006
1518027801753,1010.69006
1518027801792,1010.69006
1518027801834,1010.69006
1518027801877,1010.6833
1518027801908,1010.6833
1518027801946,1010.6833
1518027801985,1010.6833
1518027802025,1010.6833
1518027802062,1010.6833
1518027802101,1010.6833
1518027802139,1010.6833
1518027802178,1010.6833
1518027802215,1010.6833
1518027802256,1010.6833
1518027802293,1010.6833
1518027802331,1010.6833
1518027802372,1010.6782
1518027802409,1010.6782
1518027802447,1010.6782
1518027802485,1010.6782
1518027802523,1010.68085
1518027802564,1010.68085
1518027802600,1010.68085
1518027802643,1010.68085
1518027802678,1010.6859
1518027802716,1010.6859
1518027802756,1010.6859
1518027802795,1010.6859
1518027802832,1010.68256
1518027802871,1010.68256
1518027802908,1010.68256
1518027802947,1010.68256
1518027802986,1010.68256
1518027803024,1010.68256
1518027803066,1010.68256
1518027803100,1010.68256
1518027803139,1010.68256
1518027803180,1010.6852
1518027803214,1010.6852
1518027803252,1010.6852
1518027803293,1010.6852
1518027803331,1010.69025
1518027803371,1010.69025
1518027803408,1010.69025
1518027803448,1010.69025
1518027803485,1010.68854
1518027803524,1010.68854
1518027803562,1010.68854
1518027803603,1010.68854
1518027803640,1010.6928
1518027803677,1010.6928
1518027803717,1010.6928
1518027803754,1010.6928
1518027803792,1010.6928
1518027803831,1010.6945
1518027803870,1010.6945
1518027803910,1010.6945
1518027803947,1010.6945
1518027803985,1010.69116
1518027804022,1010.69116
1518027804062,1010.69116
1518027804100,1010.69116
1518027804140,1010.6938
1518027804178,1010.6938
1518027804228,1010.6938
1518027804256,1010.6938
1518027804292,1010.69116
1518027804331,1010.69116
1518027804371,1010.69116
1518027804407,1010.69116
1518027804446,1010.6827
1518027804484,1010.6827
1518027804525,1010.6827
1518027804562,1010.6827
1518027804600,1010.6777
1518027804641,1010.6777
1518027804679,1010.6777
1518027804717,1010.6777
1518027804753,1010.6777
1518027804791,1010.6928
1518027804830,1010.6928
1518027804867,1010.6928
1518027804907,1010.6928
1518027804946,1010.67596
1518027804985,1010.67596
1518027805022,1010.67596
1518027805061,1010.67596
1518027805101,1010.68024
1518027805138,1010.68024
1518027805176,1010.68024
1518027805214,1010.68024
1518027805255,1010.669
1518027805292,1010.669
1518027805329,1010.669
1518027805369,1010.669
1518027805408,1010.6724
1518027805448,1010.6724
1518027805486,1010.6724
1518027805526,1010.6724
1518027805566,1010.6758
1518027805601,1010.6758
1518027805639,1010.6758
1518027805676,1010.6758
1518027805716,1010.6758
1518027805755,1010.6835
1518027805792,1010.6835
1518027805831,1010.6835
1518027805871,1010.6835
1518027805909,1010.6801
1518027805946,1010.6801
1518027805984,1010.6801
1518027806024,1010.6801
1518027806063,1010.67505
1518027806101,1010.67505
1518027806139,1010.67505
1518027806176,1010.67505
1518027806215,1010.6777
1518027806252,1010.6777
1518027806294,1010.6777
1518027806331,1010.6777
1518027806368,1010.6777
1518027806408,1010.6777
1518027806447,1010.6777
1518027806486,1010.6777
1518027806523,1010.6777
1518027806561,1010.6777
1518027806600,1010.6777
1518027806637,1010.6777
1518027806676,1010.6777
1518027806731,1010.67426
1518027806754,1010.67426
1518027806793,1010.67426
1518027806831,1010.67426
1518027806872,1010.68365
1518027806910,1010.68365
1518027806946,1010.68365
1518027806986,1010.68365
1518027807023,1010.68195
1518027807063,1010.68195
1518027807099,1010.68195
1518027807139,1010.68195
1518027807177,1010.68365
1518027807221,1010.68365
1518027807254,1010.68365
1518027807290,1010.68365
1518027807332,1010.6803
1518027807369,1010.6803
1518027807409,1010.6803
1518027807445,1010.6803
1518027807484,1010.6803
1518027807523,1010.6786
1518027807563,1010.6786
1518027807598,1010.6786
1518027807637,1010.6786
1518027807675,1010.6795
1518027807717,1010.6795
1518027807752,1010.6795
1518027807794,1010.6795
1518027807830,1010.6778
1518027807869,1010.6778
1518027807908,1010.6778
1518027807946,1010.6778
1518027807984,1010.67676
1518027808024,1010.67676
1518027808063,1010.67676
1518027808102,1010.67676
1518027808138,1010.6784
1518027808178,1010.6784
1518027808216,1010.6784
1518027808252,1010.6784
1518027808294,1010.67676
1518027808329,1010.67676
1518027808369,1010.67676
1518027808407,1010.67676
1518027808445,1010.67676
1518027808484,1010.681
1518027808524,1010.681
1518027808562,1010.681
1518027808600,1010.681
1518027808639,1010.6743
1518027808675,1010.6743
1518027808726,1010.6743
1518027808753,1010.6743
1518027808792,1010.66925
1518027808829,1010.66925
1518027808868,1010.66925
1518027808906,1010.66925
1518027808945,1010.6803
1518027808983,1010.6803
1518027809023,1010.6803
1518027809061,1010.6803
1518027809100,1010.6803
1518027809138,1010.6803
1518027809175,1010.6803
1518027809216,1010.6803
1518027809254,1010.6803
1518027809291,1010.67694
1518027809331,1010.67694
1518027809367,1010.67694
1518027809406,1010.67694
1518027809445,1010.6803
1518027809482,1010.6803
1518027809523,1010.6803
1518027809563,1010.6803
1518027809600,1010.68463
1518027809640,1010.68463
1518027809676,1010.68463
1518027809715,1010.68463
1518027809753,1010.6863
1518027809794,1010.6863
1518027809829,1010.6863
1518027809868,1010.6863
1518027809909,1010.68463
1518027809946,1010.68463
1518027809983,1010.68463
1518027810022,1010.68463
1518027810063,1010.68384
1518027810100,1010.68384
1518027810138,1010.68384
1518027810177,1010.68384
1518027810214,1010.68384
1518027810254,1010.6872
1518027810289,1010.6872
1518027810333,1010.6872
1518027810375,1010.6872
1518027810407,1010.6805
1518027810445,1010.6805
1518027810482,1010.6805
1518027810523,1010.6805
1518027810561,1010.68445
1518027810600,1010.68445
1518027810640,1010.68445
1518027810676,1010.68445
1518027810715,1010.6805
1518027810752,1010.6805
1518027810791,1010.6805
1518027810831,1010.6805
1518027810869,1010.6737
1518027810909,1010.6737
1518027810947,1010.6737
1518027810984,1010.6737
1518027811022,1010.68445
1518027811060,1010.68445
1518027811097,1010.68445
1518027811136,1010.68445
1518027811174,1010.68445
1518027811214,1010.68445
1518027811251,1010.68445
1518027811291,1010.68445
1518027811329,1010.68445
1518027811369,1010.6878
1518027811409,1010.6878
1518027811447,1010.6878
1518027811494,1010.6878
1518027811521,1010.70056
1518027811561,1010.70056
1518027811600,1010.70056
1518027811637,1010.70056
1518027811676,1010.70056
1518027811713,1010.70056
1518027811751,1010.70056
1518027811791,1010.70056
1518027811830,1010.6955
1518027811872,1010.6955
1518027811905,1010.6955
1518027811946,1010.6955
1518027811983,1010.6871
1518027812021,1010.6871
1518027812060,1010.6871
1518027812101,1010.6871
1518027812136,1010.6871
1518027812177,1010.68463
1518027812220,1010.68463
1518027812252,1010.68463
1518027812290,1010.68463
1518027812330,1010.68634
1518027812368,1010.68634
1518027812406,1010.68634
1518027812445,1010.68634
1518027812484,1010.68634
1518027812522,1010.68634
1518027812561,1010.68634
1518027812598,1010.68634
1518027812637,1010.6889
1518027812676,1010.6889
1518027812714,1010.6889
1518027812753,1010.6889
1518027812790,1010.6923
1518027812830,1010.6923
1518027812867,1010.6923
1518027812907,1010.6923
1518027812944,1010.6923
1518027812985,1010.688
1518027813022,1010.688
1518027813061,1010.688
1518027813097,1010.688
1518027813138,1010.68555
1518027813174,1010.68555
1518027813217,1010.68555
1518027813250,1010.68555
1518027813291,1010.6899
1518027813330,1010.6899
1518027813369,1010.6899
1518027813408,1010.6899
1518027813444,1010.69495
1518027813482,1010.69495
1518027813523,1010.69495
1518027813560,1010.69495
1518027813597,1010.6972
1518027813635,1010.6972
1518027813675,1010.6972
1518027813714,1010.6972
1518027813752,1010.6955
1518027813790,1010.6955
1518027813831,1010.6955
1518027813867,1010.6955
1518027813904,1010.6955
1518027813944,1010.6989
1518027813983,1010.6989
1518027814020,1010.6989
1518027814060,1010.6989
1518027814100,1010.6982
1518027814137,1010.6982
1518027814176,1010.6982
1518027814214,1010.6982
1518027814250,1010.6955
1518027814291,1010.6955
1518027814330,1010.6955
1518027814367,1010.6955
1518027814408,1010.69385
1518027814443,1010.69385
1518027814482,1010.69385
1518027814521,1010.69385
1518027814559,1010.6972
1518027814598,1010.6972
1518027814638,1010.6972
1518027814673,1010.6972
1518027814713,1010.7032
1518027814753,1010.7032
1518027814792,1010.7032
1518027814828,1010.7032
1518027814867,1010.7032
1518027814905,1010.7083
1518027814944,1010.7083
1518027814984,1010.7083
1518027815021,1010.7083
1518027815060,1010.7109
1518027815098,1010.7109
1518027815137,1010.7109
1518027815175,1010.7109
1518027815212,1010.7092
1518027815250,1010.7092
1518027815298,1010.7092
1518027815331,1010.7092
1518027815367,1010.6991
1518027815405,1010.6991
1518027815444,1010.6991
1518027815484,1010.6991
1518027815519,1010.6957
1518027815559,1010.6957
1518027815599,1010.6957
1518027815636,1010.6957
1518027815673,1010.6957
1518027815714,1010.69403
1518027815751,1010.69403
1518027815791,1010.69403
1518027815832,1010.69403
1518027815867,1010.6906
1518027815906,1010.6906
1518027815945,1010.6906
1518027815981,1010.6906
1518027816021,1010.68726
1518027816060,1010.68726
1518027816098,1010.68726
1518027816136,1010.68726
1518027816175,1010.6923
1518027816224,1010.6923
1518027816252,1010.6923
1518027816288,1010.6923
1518027816327,1010.69403
1518027816366,1010.69403
1518027816406,1010.69403
1518027816443,1010.69403
1518027816483,1010.68896
1518027816521,1010.68896
1518027816565,1010.68896
1518027816598,1010.68896
1518027816636,1010.68896
1518027816676,1010.68646
1518027816714,1010.68646
1518027816749,1010.68646
1518027816790,1010.68646
1518027816828,1010.68646
1518027816874,1010.68646
1518027816903,1010.68646
1518027816945,1010.68646
1518027816983,1010.68915
1518027817021,1010.68915
1518027817058,1010.68915
1518027817098,1010.68915
1518027817138,1010.68744
1518027817174,1010.68744
1518027817239,1010.68744
1518027817255,1010.68744
1518027817288,1010.6931
1518027817328,1010.6931
1518027817367,1010.6931
1518027817405,1010.6931
1518027817444,1010.68805
1518027817484,1010.68805
1518027817521,1010.68805
1518027817559,1010.68805
1518027817597,1010.68805
1518027817635,1010.67896
1518027817675,1010.67896
1518027817717,1010.67896
1518027817750,1010.67896
1518027817790,1010.6779
1518027817830,1010.6779
1518027817865,1010.6779
1518027817904,1010.6779
1518027817943,1010.68896
1518027817982,1010.68896
1518027818022,1010.68896
1518027818059,1010.68896
1518027818098,1010.6923
1518027818134,1010.6923
1518027818174,1010.6923
1518027818215,1010.6923
1518027818252,1010.68726
1518027818289,1010.68726
1518027818328,1010.68726
1518027818367,1010.68726
1518027818404,1010.6856
1518027818444,1010.6856
1518027818483,1010.6856
1518027818519,1010.6856
1518027818559,1010.6856
1518027818597,1010.6865
1518027818635,1010.6865
1518027818673,1010.6865
1518027818712,1010.6865
1518027818751,1010.6831
1518027818790,1010.6831
1518027818827,1010.6831
1518027818866,1010.6831
1518027818905,1010.6848
1518027818944,1010.6848
1518027818983,1010.6848
1518027819023,1010.6848
1518027819059,1010.6865
1518027819097,1010.6865
1518027819136,1010.6865
1518027819172,1010.6865
1518027819213,1010.6976
1518027819249,1010.6976
1518027819289,1010.6976
1518027819328,1010.6976
1518027819369,1010.6976
1518027819405,1010.69586
1518027819442,1010.69586
1518027819482,1010.69586
1518027819519,1010.69586
1518027819558,1010.68463
1518027819596,1010.68463
1518027819635,1010.68463
1518027819675,1010.68463
1518027819716,1010.68463
1518027819750,1010.68463
1518027819788,1010.68463
1518027819827,1010.68463
1518027819865,1010.6813
1518027819904,1010.6813
1518027819942,1010.6813
1518027819982,1010.6813
1518027820018,1010.6813
1518027820058,1010.6813
1518027820096,1010.6813
1518027820137,1010.6813
1518027820175,1010.68896
1518027820212,1010.68896
1518027820251,1010.68896
1518027820289,1010.68896
1518027820328,1010.68896
1518027820366,1010.68726
1518027820406,1010.68726
1518027820444,1010.68726
1518027820481,1010.68726
1518027820518,1010.68896
1518027820558,1010.68896
1518027820597,1010.68896
1518027820634,1010.68896
1518027820673,1010.6772
1518027820723,1010.6772
1518027820752,1010.6772
1518027820788,1010.6772
1518027820828,1010.67975
1518027820866,1010.67975
1518027820904,1010.67975
1518027820942,1010.67975
1518027820980,1010.6764
1518027821020,1010.6764
1518027821057,1010.6764
1518027821099,1010.6764
1518027821136,1010.679
1518027821173,1010.679
1518027821211,1010.679
1518027821251,1010.679
1518027821288,1010.679
1518027821326,1010.6756
1518027821365,1010.6756
1518027821406,1010.6756
1518027821444,1010.6756
1518027821482,1010.6672
1518027821518,1010.6672
1518027821557,1010.6672
1518027821597,1010.6672
1518027821636,1010.6715
1518027821672,1010.6715
1518027821710,1010.6715
1518027821751,1010.6715
1518027821792,1010.67395
1518027821827,1010.67395
1518027821871,1010.67395
1518027821903,1010.67395
1518027821943,1010.67487
1518027821982,1010.67487
1518027822020,1010.67487
1518027822061,1010.67487
1518027822094,1010.67487
1518027822135,1010.6698
1518027822172,1010.6698
1518027822212,1010.6698
1518027822251,1010.6698
1518027822287,1010.6856
1518027822327,1010.6856
1518027822366,1010.6856
1518027822404,1010.6856
1518027822441,1010.68054
1518027822482,1010.68054
1518027822518,1010.68054
1518027822561,1010.68054
1518027822596,1010.6839
1518027822634,1010.6839
1518027822673,1010.6839
1518027822711,1010.6839
1518027822751,1010.6822
1518027822789,1010.6822
1518027822828,1010.6822
1518027822866,1010.6822
1518027822904,1010.6849
1518027822942,1010.6849
1518027822982,1010.6849
1518027823020,1010.6849
1518027823057,1010.6849
1518027823096,1010.68317
1518027823134,1010.68317
1518027823172,1010.68317
1518027823212,1010.68317
1518027823252,1010.6865
1518027823287,1010.6865
1518027823326,1010.6865
1518027823365,1010.6865
1518027823404,1010.68823
1518027823441,1010.68823
1518027823482,1010.68823
1518027823521,1010.68823
1518027823557,1010.6933
1518027823596,1010.6933
1518027823635,1010.6933
1518027823674,1010.6933
1518027823711,1010.69666
1518027823755,1010.69666
1518027823787,1010.69666
1518027823826,1010.69666
1518027823864,1010.6933
1518027823902,1010.6933
1518027823945,1010.6933
1518027823981,1010.6933
1518027824018,1010.6933
1518027824057,1010.6959
1518027824097,1010.6959
1518027824133,1010.6959
1518027824173,1010.6959
1518027824211,1010.67395
1518027824251,1010.67395
1518027824286,1010.67395
1518027824326,1010.67395
1518027824367,1010.6951
1518027824402,1010.6951
1518027824441,1010.6951
1518027824480,1010.6951
1518027824526,1010.6858
1518027824558,1010.6858
1518027824596,1010.6858
1518027824639,1010.6858
1518027824672,1010.6773
1518027824711,1010.6773
1518027824749,1010.6773
1518027824787,1010.6773
1518027824825,1010.6689
1518027824866,1010.6689
1518027824902,1010.6689
1518027824941,1010.6689
1518027824980,1010.6689
1518027825020,1010.66644
1518027825058,1010.66644
1518027825095,1010.66644
1518027825136,1010.66644
1518027825173,1010.66907
1518027825209,1010.66907
1518027825273,1010.66907
1518027825287,1010.66907
1518027825325,1010.6775
1518027825365,1010.6775
1518027825403,1010.6775
1518027825444,1010.6775
1518027825483,1010.6849
1518027825518,1010.6849
1518027825556,1010.6849
1518027825599,1010.6849
1518027825635,1010.68146
1518027825675,1010.68146
1518027825709,1010.68146
1518027825751,1010.68146
1518027825788,1010.68146
1518027825825,1010.68317
1518027825863,1010.68317
1518027825902,1010.68317
1518027825940,1010.68317
1518027825979,1010.6781
1518027826018,1010.6781
1518027826056,1010.6781
1518027826094,1010.6781
1518027826134,1010.679
1518027826171,1010.679
1518027826210,1010.679
1518027826247,1010.679
1518027826287,1010.6807
1518027826325,1010.6807
1518027826366,1010.6807
1518027826403,1010.6807
1518027826441,1010.679
1518027826480,1010.679
1518027826518,1010.679
1518027826556,1010.679
1518027826595,1010.68414
1518027826634,1010.68414
1518027826671,1010.68414
1518027826709,1010.68414
1518027826749,1010.68414
1518027826787,1010.6867
1518027826825,1010.6867
1518027826867,1010.6867
1518027826901,1010.6867
1518027826939,1010.6867
1518027826980,1010.6867
1518027827018,1010.6867
1518027827056,1010.6867
1518027827095,1010.6944
1518027827133,1010.6944
1518027827172,1010.6944
1518027827209,1010.6944
1518027827248,1010.6927
1518027827287,1010.6927
1518027827327,1010.6927
1518027827366,1010.6927
1518027827402,1010.6961
1518027827441,1010.6961
1518027827483,1010.6961
1518027827517,1010.6961
1518027827556,1010.6944
1518027827594,1010.6944
1518027827636,1010.6944
1518027827673,1010.6944
1518027827711,1010.6944
1518027827749,1010.69196
1518027827787,1010.69196
1518027827825,1010.69196
1518027827864,1010.69196
1518027827905,1010.6734
1518027827942,1010.6734
1518027827980,1010.6734
1518027828019,1010.6734
1518027828055,1010.6792
1518027828097,1010.6792
1518027828135,1010.6792
1518027828172,1010.6792
1518027828209,1010.67676
1518027828250,1010.67676
1518027828289,1010.67676
1518027828325,1010.67676
1518027828364,1010.68414
1518027828401,1010.68414
1518027828442,1010.68414
1518027828480,1010.68414
1518027828519,1010.68414
1518027828556,1010.6943
1518027828596,1010.6943
1518027828634,1010.6943
1518027828671,1010.6943
1518027828711,1010.6993
1518027828747,1010.6993
1518027828787,1010.6993
1518027828825,1010.6993
1518027828863,1010.6935
1518027828902,1010.6935
1518027828940,1010.6935
1518027828977,1010.6935
1518027829017,1010.6867
1518027829057,1010.6867
1518027829094,1010.6867
1518027829134,1010.6867
1518027829173,1010.6952
1518027829211,1010.6952
1518027829264,1010.6952
1518027829300,1010.6952
1518027829325,1010.7012
1518027829362,1010.7012
1518027829401,1010.7012
1518027829441,1010.7012
1518027829480,1010.7012
1518027829518,1010.6995
1518027829555,1010.6995
1518027829596,1010.6995
1518027829635,1010.6995
1518027829672,1010.68427
1518027829710,1010.68427
1518027829747,1010.68427
1518027829785,1010.68427
1518027829824,1010.6826
1518027829866,1010.6826
1518027829905,1010.6826
1518027829943,1010.6826
1518027829979,1010.6751
1518027830018,1010.6751
1518027830062,1010.6751
1518027830093,1010.6751
1518027830131,1010.665
1518027830174,1010.665
1518027830212,1010.665
1518027830247,1010.665
1518027830304,1010.66327
1518027830326,1010.66327
1518027830363,1010.66327
1518027830401,1010.66327
1518027830440,1010.66327
1518027830478,1010.66833
1518027830517,1010.66833
1518027830556,1010.66833
1518027830594,1010.66833
1518027830632,1010.66754
1518027830672,1010.66754
1518027830711,1010.66754
1518027830754,1010.66754
1518027830786,1010.67267
1518027830824,1010.67267
1518027830863,1010.67267
1518027830902,1010.67267
1518027830941,1010.6766
1518027830979,1010.6766
1518027831016,1010.6766
1518027831055,1010.6766
1518027831096,1010.6749
1518027831133,1010.6749
1518027831171,1010.6749
1518027831210,1010.6749
1518027831249,1010.66815
1518027831284,1010.66815
1518027831325,1010.66815
1518027831363,1010.66815
1518027831401,1010.66815
1518027831441,1010.6732
1518027831479,1010.6732
1518027831518,1010.6732
1518027831554,1010.6732
1518027831594,1010.67755
1518027831632,1010.67755
1518027831675,1010.67755
1518027831708,1010.67755
1518027831748,1010.67584
1518027831787,1010.67584
1518027831823,1010.67584
1518027831862,1010.67584
1518027831900,1010.6725
1518027831938,1010.6725
1518027831978,1010.6725
1518027832016,1010.6725
1518027832056,1010.6725
1518027832093,1010.6725
1518027832134,1010.6725
1518027832170,1010.6725
1518027832209,1010.6725
1518027832247,1010.67755
1518027832285,1010.67755
1518027832324,1010.67755
1518027832363,1010.67755
1518027832403,1010.6818
1518027832441,1010.6818
1518027832479,1010.6818
1518027832516,1010.6818
1518027832555,1010.6751
1518027832593,1010.6751
1518027832632,1010.6751
1518027832672,1010.6751
1518027832709,1010.6818
1518027832763,1010.6818
1518027832789,1010.6818
1518027832823,1010.6818
1518027832864,1010.6734
1518027832902,1010.6734
1518027832941,1010.6734
1518027832982,1010.6734
1518027833017,1010.6768
1518027833056,1010.6768
1518027833092,1010.6768
1518027833131,1010.6768
1518027833170,1010.6768
1518027833208,1010.6717
1518027833247,1010.6717
1518027833292,1010.6717
1518027833322,1010.6717
1518027833363,1010.676
1518027833402,1010.676
1518027833439,1010.676
1518027833478,1010.676
1518027833515,1010.66925
1518027833554,1010.66925
1518027833594,1010.66925
1518027833634,1010.66925
1518027833670,1010.66925
1518027833711,1010.66925
1518027833748,1010.66925
1518027833786,1010.66925
1518027833824,1010.6743
1518027833863,1010.6743
1518027833902,1010.6743
1518027833939,1010.6743
1518027833982,1010.682
1518027834017,1010.682
1518027834055,1010.682
1518027834094,1010.682
1518027834133,1010.682
1518027834170,1010.6736
1518027834208,1010.6736
1518027834248,1010.6736
1518027834284,1010.6736
1518027834324,1010.67755
1518027834364,1010.67755
1518027834400,1010.67755
1518027834440,1010.67755
1518027834478,1010.67584
1518027834516,1010.67584
1518027834556,1010.67584
1518027834594,1010.67584
1518027834631,1010.67755
1518027834671,1010.67755
1518027834709,1010.67755
1518027834746,1010.67755
1518027834789,1010.6742
1518027834826,1010.6742
1518027834862,1010.6742
1518027834902,1010.6742
1518027834940,1010.6742
1518027834978,1010.6819
1518027835015,1010.6819
1518027835053,1010.6819
1518027835094,1010.6819
1518027835132,1010.68787
1518027835171,1010.68787
1518027835209,1010.68787
1518027835249,1010.68787
1518027835287,1010.67847
1518027835325,1010.67847
1518027835361,1010.67847
1518027835401,1010.67847
1518027835438,1010.6895
1518027835478,1010.6895
1518027835517,1010.6895
1518027835554,1010.6895
1518027835598,1010.6794
1518027835630,1010.6794
1518027835670,1010.6794
1518027835708,1010.6794
1518027835746,1010.67865
1518027835784,1010.67865
1518027835822,1010.67865
1518027835861,1010.67865
1518027835902,1010.67865
1518027835939,1010.6736
1518027835979,1010.6736
1518027836016,1010.6736
1518027836054,1010.6736
1518027836096,1010.6702
1518027836131,1010.6702
1518027836171,1010.6702
1518027836208,1010.6702
1518027836247,1010.6745
1518027836301,1010.6745
1518027836323,1010.6745
1518027836361,1010.6745
1518027836399,1010.67114
1518027836444,1010.67114
1518027836481,1010.67114
1518027836516,1010.67114
1518027836555,1010.66943
1518027836595,1010.66943
1518027836631,1010.66943
1518027836669,1010.66943
1518027836707,1010.66943
1518027836747,1010.66943
1518027836785,1010.66943
1518027836823,1010.66943
1518027836862,1010.66943
1518027836901,1010.6768
1518027836940,1010.6768
1518027836978,1010.6768
1518027837016,1010.6768
1518027837053,1010.6734
1518027837091,1010.6734
1518027837131,1010.6734
1518027837173,1010.6734
1518027837208,1010.67004
1518027837246,1010.67004
1518027837287,1010.67004
1518027837322,1010.67004
1518027837360,1010.6768
1518027837401,1010.6768
1518027837438,1010.6768
1518027837479,1010.6768
1518027837514,1010.6599
1518027837552,1010.6599
1518027837594,1010.6599
1518027837636,1010.6599
1518027837668,1010.6744
1518027837706,1010.6744
1518027837744,1010.6744
1518027837786,1010.6744
1518027837822,1010.6744
1518027837862,1010.6676
1518027837899,1010.6676
1518027837938,1010.6676
1518027837976,1010.6676
1518027838014,1010.6608
1518027838052,1010.6608
1518027838093,1010.6608
1518027838130,1010.6608
1518027838168,1010.66425
1518027838207,1010.66425
1518027838246,1010.66425
1518027838287,1010.66425
1518027838323,1010.6668
1518027838360,1010.6668
1518027838399,1010.6668
1518027838438,1010.6668
1518027838477,1010.67285
1518027838514,1010.67285
1518027838554,1010.67285
1518027838597,1010.67285
1518027838629,1010.67285
1518027838668,1010.67285
1518027838705,1010.67285
1518027838745,1010.67285
1518027838787,1010.67285
1518027838822,1010.67773
1518027838869,1010.67773
1518027838899,1010.67773
1518027838939,1010.67773
1518027838976,1010.6856
1518027839016,1010.6856
1518027839053,1010.6856
1518027839091,1010.6856
1518027839129,1010.68896
1518027839169,1010.68896
1518027839209,1010.68896
1518027839246,1010.68896
1518027839295,1010.6907
1518027839324,1010.6907
1518027839362,1010.6907
1518027839402,1010.6907
1518027839436,1010.6907
1518027839476,1010.6907
1518027839515,1010.6907
1518027839555,1010.6907
1518027839593,1010.6907
1518027839630,1010.6896
1518027839673,1010.6896
1518027839707,1010.6896
1518027839745,1010.6896
1518027839786,1010.6811
1518027839821,1010.6811
1518027839859,1010.6811
1518027839898,1010.6811
1518027839936,1010.71924
1518027839978,1010.71924
1518027840017,1010.71924
1518027840052,1010.71924
1518027840091,1010.7093
1518027840129,1010.7093
1518027840167,1010.7093
1518027840209,1010.7093
1518027840245,1010.67114
1518027840284,1010.67114
1518027840321,1010.67114
1518027840360,1010.67114
1518027840401,1010.67883
1518027840436,1010.67883
1518027840475,1010.67883
1518027840514,1010.67883
1518027840551,1010.67883
1518027840592,1010.68317
1518027840629,1010.68317
1518027840668,1010.68317
1518027840708,1010.68317
1518027840744,1010.6865
1518027840783,1010.6865
1518027840822,1010.6865
1518027840859,1010.6865
1518027840899,1010.6922
1518027840937,1010.6922
1518027840976,1010.6922
1518027841015,1010.6922
1518027841054,1010.68884
1518027841092,1010.68884
1518027841130,1010.68884
1518027841169,1010.68884
1518027841208,1010.6948
1518027841246,1010.6948
1518027841287,1010.6948
1518027841321,1010.6948
1518027841360,1010.6948
1518027841399,1010.6931
1518027841437,1010.6931
1518027841475,1010.6931
1518027841523,1010.6931
1518027841552,1010.6931
1518027841591,1010.6931
1518027841630,1010.6931
1518027841667,1010.6931
1518027841707,1010.6948
1518027841745,1010.6948
1518027841785,1010.6948
1518027841822,1010.6948
1518027841860,1010.70496
1518027841897,1010.70496
1518027841936,1010.70496
1518027841976,1010.70496
1518027842013,1010.7059
1518027842053,1010.7059
1518027842091,1010.7059
1518027842130,1010.7059
1518027842168,1010.6924
1518027842208,1010.6924
1518027842245,1010.6924
1518027842283,1010.6924
1518027842323,1010.6924
1518027842362,1010.7025
1518027842399,1010.7025
1518027842440,1010.7025
1518027842473,1010.7025
1518027842513,1010.6924
1518027842551,1010.6924
1518027842596,1010.6924
1518027842632,1010.6924
1518027842666,1010.6907
1518027842706,1010.6907
1518027842744,1010.6907
1518027842784,1010.6907
1518027842821,1010.69745
1518027842859,1010.69745
1518027842897,1010.69745
1518027842938,1010.69745
1518027842974,1010.6933
1518027843013,1010.6933
1518027843050,1010.6933
1518027843091,1010.6933
1518027843129,1010.695
1518027843167,1010.695
1518027843207,1010.695
1518027843247,1010.695
1518027843282,1010.695
1518027843322,1010.72205
1518027843361,1010.72205
1518027843400,1010.72205
1518027843437,1010.72205
1518027843476,1010.72034
1518027843513,1010.72034
1518027843554,1010.72034
1518027843591,1010.72034
1518027843630,1010.70514
1518027843668,1010.70514
1518027843706,1010.70514
1518027843745,1010.70514
1518027843783,1010.69763
1518027843823,1010.69763
1518027843861,1010.69763
1518027843899,1010.69763
1518027843935,1010.7153
1518027843978,1010.7153
1518027844011,1010.7153
1518027844051,1010.7153
1518027844089,1010.68146
1518027844128,1010.68146
1518027844167,1010.68146
1518027844205,1010.68146
1518027844244,1010.68146
1518027844282,1010.6638
1518027844321,1010.6638
1518027844359,1010.6638
1518027844399,1010.6638
1518027844437,1010.65875
1518027844474,1010.65875
1518027844513,1010.65875
1518027844550,1010.65875
1518027844589,1010.68976
1518027844628,1010.68976
1518027844667,1010.68976
1518027844704,1010.68976
1518027844743,1010.68134
1518027844782,1010.68134
1518027844820,1010.68134
1518027844859,1010.68134
1518027844897,1010.69147
1518027844936,1010.69147
1518027844974,1010.69147
1518027845013,1010.69147
1518027845052,1010.69147
1518027845090,1010.6847
1518027845128,1010.6847
1518027845166,1010.6847
1518027845205,1010.6847
1518027845243,1010.716
1518027845283,1010.716
1518027845319,1010.716
1518027845359,1010.716
1518027845396,1010.71265
1518027845435,1010.71265
1518027845472,1010.71265
1518027845513,1010.71265
1518027845551,1010.72205
1518027845588,1010.72205
1518027845628,1010.72205
1518027845666,1010.72205
1518027845705,1010.70685
1518027845742,1010.70685
1518027845781,1010.70685
1518027845822,1010.70685
1518027845859,1010.70514
1518027845900,1010.70514
1518027845937,1010.70514
1518027845976,1010.70514
1518027846014,1010.70514
1518027846052,1010.69257
1518027846091,1010.69257
1518027846129,1010.69257
1518027846166,1010.69257
1518027846207,1010.6959
1518027846246,1010.6959
1518027846282,1010.6959
1518027846326,1010.6959
1518027846360,1010.69763
1518027846398,1010.69763
1518027846437,1010.69763
1518027846482,1010.69763
1518027846512,1010.72894
1518027846551,1010.72894
1518027846597,1010.72894
1518027846629,1010.72894
1518027846665,1010.7076
1518027846704,1010.7076
1518027846743,1010.7076
1518027846780,1010.7076
1518027846819,1010.7025
1518027846857,1010.7025
1518027846897,1010.7025
1518027846936,1010.7025
1518027846976,1010.7025
1518027847013,1010.69916
1518027847050,1010.69916
1518027847089,1010.69916
1518027847134,1010.69916
1518027847165,1010.69574
1518027847205,1010.69574
1518027847243,1010.69574
1518027847283,1010.69574
1518027847321,1010.69073
1518027847358,1010.69073
1518027847398,1010.69073
1518027847435,1010.69073
1518027847475,1010.6941
1518027847514,1010.6941
1518027847551,1010.6941
1518027847591,1010.6941
1518027847629,1010.6856
1518027847671,1010.6856
1518027847704,1010.6856
1518027847742,1010.6856
1518027847782,1010.6772
1518027847821,1010.6772
1518027847859,1010.6772
1518027847896,1010.6772
1518027847935,1010.6772
1518027847974,1010.6849
1518027848014,1010.6849
1518027848052,1010.6849
1518027848091,1010.6849
1518027848130,1010.6866
1518027848166,1010.6866
1518027848205,1010.6866
1518027848244,1010.6866
1518027848282,1010.6798
1518027848321,1010.6798
1518027848362,1010.6798
1518027848399,1010.6798
1518027848435,1010.68414
1518027848474,1010.68414
1518027848513,1010.68414
1518027848550,1010.68414
1518027848589,1010.6943
1518027848628,1010.6943
1518027848682,1010.6943
1518027848704,1010.6943
1518027848743,1010.6943
1518027848780,1010.6943
1518027848820,1010.6943
1518027848862,1010.6943
1518027848896,1010.6943
1518027848936,1010.6943
1518027848973,1010.6943
1518027849026,1010.6943
1518027849056,1010.6943
1518027849091,1010.6807
1518027849126,1010.6807
1518027849166,1010.6807
1518027849204,1010.6807
1518027849245,1010.6783
1518027849283,1010.6783
1518027849319,1010.6783
1518027849358,1010.6783
1518027849397,1010.68
1518027849438,1010.68
1518027849472,1010.68
1518027849516,1010.68
1518027849552,1010.68335
1518027849589,1010.68335
1518027849628,1010.68335
1518027849669,1010.68335
1518027849703,1010.68335
1518027849744,1010.6749
1518027849781,1010.6749
1518027849821,1010.6749
1518027849860,1010.6749
1518027849895,1010.67584
1518027849934,1010.67584
1518027849973,1010.67584
1518027850015,1010.67584
1518027850052,1010.6809
1518027850090,1010.6809
1518027850129,1010.6809
1518027850168,1010.6809
1518027850204,1010.6894
1518027850243,1010.6894
1518027850280,1010.6894
1518027850320,1010.6894
1518027850357,1010.69104
1518027850399,1010.69104
1518027850445,1010.69104
1518027850472,1010.69104
1518027850513,1010.69275
1518027850552,1010.69275
1518027850591,1010.69275
1518027850627,1010.69275
1518027850667,1010.69275
1518027850703,1010.6967
1518027850743,1010.6967
1518027850779,1010.6967
1518027850821,1010.6967
1518027850859,1010.6967
1518027850897,1010.6967
1518027850933,1010.6967
1518027850973,1010.6967
1518027851012,1010.69934
1518027851048,1010.69934
1518027851088,1010.69934
1518027851125,1010.69934
1518027851166,1010.69763
1518027851204,1010.69763
1518027851241,1010.69763
1518027851282,1010.69763
1518027851320,1010.7037
1518027851359,1010.7037
1518027851397,1010.7037
1518027851436,1010.7037
1518027851473,1010.7037
1518027851515,1010.658
1518027851553,1010.658
1518027851590,1010.658
1518027851628,1010.658
1518027851679,1010.6479
1518027851704,1010.6479
1518027851742,1010.6479
1518027851784,1010.6479
1518027851820,1010.63434
1518027851859,1010.63434
1518027851898,1010.63434
1518027851938,1010.63434
1518027851977,1010.64374
1518027852012,1010.64374
1518027852052,1010.64374
1518027852089,1010.64374
1518027852137,1010.65216
1518027852168,1010.65216
1518027852203,1010.65216
1518027852243,1010.65216
1518027852281,1010.6573
1518027852318,1010.6573
1518027852358,1010.6573
1518027852394,1010.6573
1518027852438,1010.6573
1518027852474,1010.6657
1518027852512,1010.6657
1518027852551,1010.6657
1518027852590,1010.6657
1518027852627,1010.6717
1518027852671,1010.6717
1518027852704,1010.6717
1518027852743,1010.6717
1518027852787,1010.6818
1518027852822,1010.6818
1518027852856,1010.6818
