1549565972103,1010.1164
1549565972103,1010.1164
1549565972142,1010.1164
1549565972183,1010.1164
1549565972218,1010.1134
1549565972257,1010.1134
1549565972296,1010.1134
1549565972334,1010.1134
1549565972383,1010.1247
1549565972415,1010.1247
1549565972449,1010.1247
1549565972489,1010.1247
1549565972530,1010.1249
1549565972566,1010.1249
1549565972605,1010.1249
1549565972641,1010.1414
1549565972681,1010.1414
1549565972728,1010.1414
1549565972757,1010.1414
1549565972798,1010.16144
1549565972833,1010.16144
1549565972879,1010.16144
1549565972911,1010.16144
1549565972951,1010.15686
1549565972989,1010.15686
1549565973028,1010.15686
1549565973066,1010.15686
1549565973104,1010.1611
1549565973144,1010.1611
1549565973185,1010.1611
1549565973220,1010.1811
1549565973256,1010.1811
1549565973296,1010.1811
1549565973338,1010.1811
1549565973374,1010.19464
1549565973412,1010.19464
1549565973470,1010.19464
1549565973491,1010.19464
1549565973528,1010.29724
1549565973568,1010.29724
1549565973605,1010.29724
1549565973646,1010.28235
1549565973679,1010.28235
1549565973718,1010.28235
1549565973758,1010.28235
1549565973796,1010.24615
1549565973835,1010.24615
1549565973875,1010.24615
1549565973911,1010.24615
1549565973988,1010.17175
1549565973989,1010.17175
1549565974042,1010.17175
1549565974064,1010.17175
1549565974106,1010.1988
1549565974140,1010.1988
1549565974182,1010.1988
1549565974218,1010.2326
1549565974257,1010.2326
1549565974295,1010.2326
1549565974333,1010.2326
1549565974373,1010.70264
1549565974410,1010.70264
1549565974452,1010.70264
1549565974491,1010.70264
1549565974527,1010.9952
1549565974564,1010.9952
1549565974603,1010.9952
1549565974644,1010.9952
1549565974679,1010.74677
1549565974719,1010.74677
1549565974759,1010.74677
1549565974798,1010.0526
1549565974834,1010.0526
1549565974872,1010.0526
1549565974913,1010.0526
1549565974950,1010.0832
1549565974996,1010.0832
1549565975031,1010.0832
1549565975065,1010.0832
1549565975103,1010.0101
1549565975143,1010.0101
1549565975189,1010.0101
1549565975221,1010.2275
1549565975262,1010.2275
1549565975306,1010.2275
1549565975332,1010.2275
1549565975373,1010.79724
1549565975413,1010.79724
1549565975450,1010.79724
1549565975490,1010.79724
1549565975526,1010.4481
1549565975565,1010.4481
1549565975603,1010.4481
1549565975640,1010.4481
1549565975679,1010.1553
1549565975718,1010.1553
1549565975756,1010.1553
1549565975796,1010.3265
1549565975833,1010.3265
1549565975871,1010.3265
1549565975911,1010.3265
1549565975948,1009.9726
1549565976017,1009.9726
1549565976045,1009.9726
1549565976075,1009.9726
1549565976106,1009.8602
1549565976142,1009.8602
1549565976180,1009.8602
1549565976221,1009.8602
1549565976259,1010.4398
1549565976296,1010.4398
1549565976332,1010.4398
1549565976372,1010.2507
1549565976418,1010.2507
1549565976448,1010.2507
1549565976496,1010.2507
1549565976525,1010.1019
1549565976563,1010.1019
1549565976602,1010.1019
1549565976640,1010.1019
1549565976679,1010.35223
1549565976719,1010.35223
1549565976756,1010.35223
1549565976797,1009.8732
1549565976836,1009.8732
1549565976871,1009.8732
1549565976911,1009.8732
1549565976948,1010.37146
1549565976988,1010.37146
1549565977025,1010.37146
1549565977063,1010.37146
1549565977104,1010.5673
1549565977140,1010.5673
1549565977180,1010.5673
1549565977218,1010.5673
1549565977258,1009.78217
1549565977294,1009.78217
1549565977331,1009.78217
1549565977371,1009.9446
1549565977412,1009.9446
1549565977451,1009.9446
1549565977489,1009.9446
1549565977525,1010.1668
1549565977563,1010.1668
1549565977606,1010.1668
1549565977642,1010.1668
1549565977678,1010.0018
1549565977732,1010.0018
1549565977756,1010.0018
1549565977794,1010.0018
1549565977836,1010.4789
1549565977872,1010.4789
1549565977910,1010.4789
1549565977948,1010.3319
1549565977989,1010.3319
1549565978037,1010.3319
1549565978096,1010.3319
1549565978116,1009.7188
1549565978146,1009.7188
1549565978178,1009.7188
1549565978217,1009.7188
1549565978256,1010.0548
1549565978294,1010.0548
1549565978334,1010.0548
1549565978371,1010.1399
1549565978409,1010.1399
1549565978448,1010.1399
1549565978488,1010.1399
1549565978525,1010.1657
1549565978563,1010.1657
1549565978604,1010.1657
1549565978640,1010.1657
1549565978679,1010.769
1549565978716,1010.769
1549565978756,1010.769
1549565978795,1010.769
1549565978833,1010.50116
1549565978874,1010.50116
1549565978910,1010.50116
1549565978948,1009.84906
1549565978985,1009.84906
1549565979026,1009.84906
1549565979065,1009.84906
1549565979102,1010.0836
1549565979139,1010.0836
1549565979179,1010.0836
1549565979217,1010.0836
1549565979255,1009.963
1549565979297,1009.963
1549565979335,1009.963
1549565979370,1009.963
1549565979410,1010.00745
1549565979448,1010.00745
1549565979485,1010.00745
1549565979525,1010.48816
1549565979567,1010.48816
1549565979602,1010.48816
1549565979640,1010.48816
1549565979680,1010.2128
1549565979719,1010.2128
1549565979756,1010.2128
1549565979795,1010.2128
1549565979831,1009.84247
1549565979870,1009.84247
1549565979909,1009.84247
1549565979949,1010.1432
1549565979986,1010.1469
1549565980072,1010.1469
1549565980072,1010.1469
1549565980101,1009.7166
1549565980140,1009.7166
1549565980179,1009.7166
1549565980219,1009.7166
1549565980255,1010.07074
1549565980293,1010.07074
1549565980331,1010.07074
1549565980370,1010.07074
1549565980408,1010.32587
1549565980450,1010.32587
1549565980487,1010.32587
1549565980531,1010.1013
1549565980561,1010.1013
1549565980601,1010.1013
1549565980639,1010.1013
1549565980679,1010.04047
1549565980718,1010.04047
1549565980758,1010.04047
1549565980794,1010.04047
1549565980836,1010.28925
1549565980870,1010.28925
1549565980911,1010.28925
1549565980949,1010.28925
1549565980986,1010.14404
1549565981025,1010.14404
1549565981062,1010.14404
1549565981102,1010.5296
1549565981139,1010.5296
1549565981179,1010.5296
1549565981219,1010.5296
1549565981256,1010.46173
1549565981293,1010.46173
1549565981342,1010.46173
1549565981370,1010.46173
1549565981414,1009.86584
1549565981447,1009.86584
1549565981487,1009.86584
1549565981527,1009.86584
1549565981562,1010.1085
1549565981601,1010.1085
1549565981639,1010.1085
1549565981678,1009.8907
1549565981716,1009.8907
1549565981757,1009.8907
1549565981798,1009.8907
1549565981839,1009.8929
1549565981869,1009.8929
1549565981912,1009.8929
1549565981947,1009.8929
1549565981985,1010.5154
1549565982026,1010.5154
1549565982063,1010.5154
1549565982102,1010.2219
1549565982142,1010.2219
1549565982181,1010.2219
1549565982216,1010.2219
1549565982255,1009.978
1549565982298,1009.978
1549565982336,1009.978
1549565982372,1009.978
1549565982408,1010.0257
1549565982448,1010.0257
1549565982488,1010.0257
1549565982527,1010.0257
1549565982565,1009.5338
1549565982601,1009.5338
1549565982646,1009.5338
1549565982678,1009.63776
1549565982717,1009.63776
1549565982758,1009.63776
1549565982792,1009.63776
1549565982832,1010.4333
1549565982869,1010.4333
1549565982910,1010.4333
1549565982951,1010.4333
1549565982985,1009.87585
1549565983027,1009.87585
1549565983063,1009.87585
1549565983100,1009.87585
1549565983141,1009.74817
1549565983179,1009.74817
1549565983217,1009.74817
1549565983255,1010.29926
1549565983293,1010.29926
1549565983332,1010.29926
1549565983372,1010.29926
1549565983409,1009.8591
1549565983449,1009.8591
1549565983488,1009.8591
1549565983524,1009.8591
1549565983563,1010.2574
1549565983600,1010.2574
1549565983640,1010.2574
1549565983679,1010.43976
1549565983717,1010.43976
1549565983757,1010.43976
1549565983795,1010.43976
1549565983830,1009.9832
1549565983871,1009.9832
1549565983911,1009.9832
1549565983955,1009.9832
1549565983987,1009.97687
1549565984025,1009.97687
1549565984062,1009.97687
1549565984100,1009.97687
1549565984140,1010.2918
1549565984177,1010.2918
1549565984215,1010.2918
1549565984255,1010.0024
1549565984294,1010.0024
1549565984335,1010.0024
1549565984369,1010.0024
1549565984408,1010.4462
1549565984445,1010.4462
1549565984485,1010.4462
1549565984525,1010.4462
1549565984561,1010.41876
1549565984603,1010.41876
1549565984649,1010.41876
1549565984678,1010.41876
1549565984715,1009.56635
1549565984754,1009.56635
1549565984792,1009.56635
1549565984833,1009.713
1549565984869,1009.713
1549565984909,1009.713
1549565984945,1009.713
1549565984986,1009.9981
1549565985024,1009.9981
1549565985062,1009.9981
1549565985100,1009.9981
1549565985163,1009.93
1549565985180,1009.93
1549565985216,1009.93
1549565985253,1010.68994
1549565985292,1010.68994
1549565985333,1010.68994
1549565985373,1010.68994
1549565985407,1010.3616
1549565985446,1010.3616
1549565985484,1010.3616
1549565985522,1010.3616
1549565985561,1009.7621
1549565985601,1009.7621
1549565985638,1009.7621
1549565985677,1009.7621
1549565985717,1010.1407
1549565985756,1010.1407
1549565985792,1010.1407
1549565985834,1010.01776
1549565985869,1010.01776
1549565985909,1010.01776
1549565985948,1010.01776
1549565985986,1009.7881
1549565986024,1009.7881
1549565986062,1009.7881
1549565986100,1009.7881
1549565986138,1010.543
1549565986176,1010.543
1549565986215,1010.543
1549565986258,1010.543
1549565986293,1010.1247
1549565986339,1010.1247
1549565986368,1010.1247
1549565986408,1009.6641
1549565986446,1009.6641
1549565986484,1009.6641
1549565986523,1009.6641
1549565986564,1010.238
1549565986602,1010.238
1549565986641,1010.238
1549565986677,1010.238
1549565986716,1009.6952
1549565986754,1009.6952
1549565986794,1009.6952
1549565986830,1009.8783
1549565986869,1009.8783
1549565986906,1009.8783
1549565986947,1009.8783
1549565986985,1010.2323
1549565987023,1010.2323
1549565987061,1010.2323
1549565987100,1010.2323
1549565987138,1010.0835
1549565987176,1010.0835
1549565987220,1010.0835
1549565987253,1010.0835
1549565987295,1009.8216
1549565987330,1009.8216
1549565987369,1009.8216
1549565987406,1010.1669
1549565987451,1010.1669
1549565987484,1010.1669
1549565987525,1010.1669
1549565987562,1010.06024
1549565987604,1010.06024
1549565987641,1010.06024
1549565987679,1010.06024
1549565987715,1010.60425
1549565987752,1010.60425
1549565987791,1010.60425
1549565987831,1010.60425
1549565987871,1010.3849
1549565987910,1010.3849
1549565987945,1010.3849
1549565987983,1009.6662
1549565988024,1009.6662
1549565988061,1009.6662
1549565988102,1009.6662
1549565988139,1010.0099
1549565988178,1010.0099
1549565988215,1010.0099
1549565988254,1010.0099
1549565988292,1009.7733
1549565988330,1009.7733
1549565988370,1009.7733
1549565988408,1009.86017
1549565988446,1009.86017
1549565988488,1009.86017
1549565988522,1009.86017
1549565988560,1010.53455
1549565988601,1010.53455
1549565988638,1010.53455
1549565988676,1010.53455
1549565988719,1010.4895
1549565988757,1010.4895
1549565988792,1010.4895
1549565988830,1010.4895
1549565988867,1010.01404
1549565988908,1010.01404
1549565988944,1010.01404
1549565988984,1010.42456
1549565989022,1010.42456
1549565989062,1010.42456
1549565989100,1010.42456
1549565989140,1009.9222
1549565989180,1009.9222
1549565989224,1009.9222
1549565989252,1009.9222
1549565989293,1010.1744
1549565989331,1010.1744
1549565989368,1010.1744
1549565989406,1010.1744
1549565989448,1010.4128
1549565989484,1010.4128
1549565989523,1010.4128
1549565989561,1009.9179
1549565989598,1009.9179
1549565989640,1009.9179
1549565989677,1009.9179
1549565989715,1009.81134
1549565989754,1009.81134
1549565989792,1009.81134
1549565989835,1009.81134
1549565989868,1010.05444
1549565989908,1010.05444
1549565989948,1010.05444
1549565989989,1010.05444
1549565990024,1010.0926
1549565990061,1010.0926
1549565990098,1010.0926
1549565990139,1010.7109
1549565990186,1010.7109
1549565990216,1010.7109
1549565990253,1010.7109
1549565990290,1010.3527
1549565990329,1010.3527
1549565990368,1010.3527
1549565990406,1010.3527
1549565990444,1009.56537
1549565990486,1009.56537
1549565990525,1009.56537
1549565990563,1009.8287
1549565990604,1009.8287
1549565990638,1009.8287
1549565990676,1009.8287
1549565990715,1009.9155
1549565990758,1009.9155
1549565990792,1009.9155
1549565990831,1009.9155
1549565990869,1009.87067
1549565990911,1009.87067
1549565990945,1009.87067
1549565990982,1009.87067
1549565991022,1010.56445
1549565991062,1010.56445
1549565991102,1010.56445
1549565991139,1010.26483
1549565991178,1010.26483
1549565991261,1010.26483
1549565991261,1010.26483
1549565991291,1009.7116
1549565991329,1009.7116
1549565991368,1009.7116
1549565991408,1009.7116
1549565991447,1010.23474
1549565991487,1010.23474
1549565991525,1010.23474
1549565991561,1010.23474
1549565991601,1009.8912
1549565991637,1009.8912
1549565991675,1009.8912
1549565991718,1009.7911
1549565991752,1009.7911
1549565991795,1009.7911
1549565991829,1009.7911
1549565991868,1010.4326
1549565991908,1010.4326
1549565991948,1010.4326
1549565991985,1010.4326
1549565992023,1010.16943
1549565992070,1010.16943
1549565992098,1010.16943
1549565992138,1009.74963
1549565992179,1009.74963
1549565992215,1009.74963
1549565992254,1009.74963
1549565992299,1010.1989
1549565992344,1010.1989
1549565992367,1010.1989
1549565992407,1010.1989
1549565992446,1009.7246
1549565992485,1009.7246
1549565992524,1009.7246
1549565992565,1009.7246
1549565992599,1009.8045
1549565992636,1009.8045
1549565992676,1009.8045
1549565992716,1010.29395
1549565992759,1010.29395
1549565992791,1010.29395
1549565992828,1010.29395
1549565992877,1010.22076
1549565992906,1010.22076
1549565992945,1010.22076
1549565992983,1010.22076
1549565993022,1010.0523
1549565993062,1010.0523
1549565993104,1010.0523
1549565993138,1010.0523
1549565993177,1010.34155
1549565993216,1010.34155
1549565993252,1010.34155
1549565993292,1010.0977
1549565993332,1010.0977
1549565993378,1010.0977
1549565993407,1010.0977
1549565993444,1010.67725
1549565993482,1010.67725
1549565993521,1010.67725
1549565993560,1010.67725
1549565993600,1010.4105
1549565993637,1010.4105
1549565993678,1010.4105
1549565993715,1009.6471
1549565993753,1009.6471
1549565993791,1009.6471
1549565993829,1009.6471
1549565993867,1009.8167
1549565993906,1009.8167
1549565993945,1009.8167
1549565993985,1009.8167
1549565994039,1009.84906
1549565994058,1009.84906
1549565994098,1009.84906
1549565994136,1009.84906
1549565994178,1009.8955
1549565994214,1009.8955
1549565994254,1009.8955
1549565994291,1010.57336
1549565994330,1010.57336
1549565994369,1010.57336
1549565994406,1010.57336
1549565994446,1010.2732
1549565994485,1010.2732
1549565994521,1010.2732
1549565994559,1010.2732
1549565994598,1009.65106
1549565994638,1009.65106
1549565994676,1009.65106
1549565994715,1009.65106
1549565994754,1010.02423
1549565994792,1010.02423
1549565994832,1010.02423
1549565994872,1009.70404
1549565994905,1009.70404
1549565994947,1009.70404
1549565994985,1009.70404
1549565995030,1009.71173
1549565995060,1009.71173
1549565995130,1009.71173
1549565995143,1009.71173
1549565995174,1010.43536
1549565995214,1010.43536
1549565995254,1010.43536
1549565995292,1010.416
1549565995332,1010.42377
1549565995367,1010.42377
1549565995405,1010.42377
1549565995444,1009.838
1549565995482,1009.838
1549565995520,1009.838
1549565995563,1009.838
1549565995599,1010.20276
1549565995637,1010.20276
1549565995676,1010.20276
1549565995715,1010.20276
1549565995752,1009.6802
1549565995791,1009.6802
1549565995830,1009.6802
1549565995875,1009.8287
1549565995904,1009.8287
1549565995944,1009.8287
1549565995981,1009.8287
1549565996022,1010.0998
1549565996059,1010.0998
1549565996099,1010.0998
1549565996137,1010.0998
1549565996176,1010.14557
1549565996214,1010.14557
1549565996252,1010.14557
1549565996291,1010.14557
1549565996329,1009.76776
1549565996367,1009.76776
1549565996406,1009.76776
1549565996445,1010.1058
1549565996488,1010.1058
1549565996520,1010.1058
1549565996559,1010.1058
1549565996600,1009.8232
1549565996639,1009.8232
1549565996712,1009.8232
1549565996714,1009.8232
1549565996752,1010.24896
1549565996791,1010.24896
1549565996829,1010.24896
1549565996866,1010.24896
1549565996905,1010.158
1549565996945,1010.158
1549565996984,1010.158
1549565997021,1009.5353
1549565997061,1009.5353
1549565997098,1009.5353
1549565997140,1009.5353
1549565997176,1009.5494
1549565997214,1009.5494
1549565997252,1009.5494
1549565997290,1009.5494
1549565997330,1009.80096
1549565997370,1009.80096
1549565997407,1009.80096
1549565997444,1009.78864
1549565997490,1009.78864
1549565997520,1009.78864
1549565997558,1009.78864
1549565997597,1010.3623
1549565997637,1010.3623
1549565997677,1010.3623
1549565997714,1010.3623
1549565997753,1010.11224
1549565997790,1010.11224
1549565997831,1010.11224
1549565997866,1010.11224
1549565997908,1009.55444
1549565997944,1009.55444
1549565997983,1009.55444
1549565998020,1009.8302
1549565998061,1009.8302
1549565998099,1009.8302
1549565998138,1009.8302
1549565998174,1009.8564
1549565998212,1009.8564
1549565998252,1009.8564
1549565998288,1009.8564
1549565998327,1009.8471
1549565998366,1009.8471
1549565998404,1009.8471
1549565998443,1009.8471
1549565998481,1010.5309
1549565998522,1010.5309
1549565998561,1010.5309
1549565998597,1010.2791
1549565998636,1010.2791
1549565998677,1010.2791
1549565998712,1010.2791
1549565998752,1009.61
1549565998789,1009.61
1549565998831,1009.61
1549565998868,1009.61
1549565998905,1009.97
1549565998944,1009.97
1549565998982,1009.97
1549565999022,1009.67194
1549565999061,1009.67194
1549565999099,1009.67194
1549565999137,1009.67194
1549565999176,1009.6552
1549565999212,1009.6552
1549565999254,1009.6552
1549565999289,1009.6552
1549565999328,1010.23694
1549565999368,1010.23694
1549565999404,1010.23694
1549565999443,1010.23694
1549565999486,1010.2486
1549565999519,1010.2486
1549565999558,1010.2486
1549565999597,1009.8003
1549565999636,1009.8003
1549565999675,1009.8003
1549565999715,1009.8003
1549565999751,1010.1844
1549565999791,1010.1844
1549565999829,1010.1844
1549565999870,1010.1844
1549565999905,1009.6733
1549565999943,1009.6733
1549565999984,1009.6733
1549566000034,1009.6733
1549566000062,1009.7706
1549566000095,1009.7706
1549566000134,1009.7706
1549566000172,1009.9791
1549566000211,1009.9791
1549566000250,1009.9791
1549566000288,1009.9791
1549566000326,1009.8835
1549566000367,1009.8835
1549566000402,1009.8835
1549566000442,1009.8835
1549566000480,1009.63947
1549566000518,1009.63947
1549566000558,1009.63947
1549566000595,1010.06433
1549566000635,1010.06433
1549566000672,1010.06433
1549566000712,1010.06433
1549566000751,1009.7347
1549566000791,1009.7347
1549566000831,1009.7347
1549566000866,1009.7347
1549566000905,1010.18243
1549566000944,1010.18243
1549566000981,1010.18243
1549566001020,1010.18243
1549566001059,1010.1672
1549566001098,1010.1672
1549566001137,1010.1672
1549566001173,1009.49774
1549566001211,1009.49774
1549566001254,1009.49774
1549566001299,1009.49774
1549566001328,1009.4561
1549566001367,1009.4561
1549566001408,1009.4561
1549566001443,1009.4561
1549566001484,1009.7123
1549566001521,1009.7123
1549566001563,1009.7123
1549566001600,1009.7123
1549566001637,1009.66565
1549566001682,1009.66565
1549566001711,1009.66565
1549566001750,1010.27893
1549566001788,1010.27893
1549566001827,1010.27893
1549566001867,1010.27893
1549566001903,1010.0701
1549566001946,1010.0701
1549566001980,1010.0701
1549566002020,1010.0701
1549566002059,1009.3623
1549566002096,1009.3623
1549566002134,1009.3623
1549566002175,1009.717
1549566002214,1009.717
1549566002250,1009.717
1549566002291,1009.717
1549566002330,1009.70026
1549566002366,1009.70026
1549566002403,1009.70026
1549566002443,1009.70026
1549566002484,1009.7875
1549566002522,1009.7875
1549566002559,1009.7875
1549566002597,1009.7875
1549566002635,1010.5216
1549566002676,1010.5216
1549566002713,1010.5216
1549566002751,1010.17084
1549566002791,1010.17084
1549566002829,1010.17084
1549566002864,1010.17084
1549566002903,1009.51056
1549566002945,1009.51056
1549566002980,1009.51056
1549566003019,1009.51056
1549566003059,1009.86145
1549566003098,1009.86145
1549566003137,1009.86145
1549566003174,1009.86145
1549566003213,1009.6618
1549566003252,1009.6618
1549566003291,1009.6618
1549566003327,1009.6993
1549566003366,1009.6993
1549566003415,1009.6993
1549566003441,1009.6993
1549566003479,1010.3699
1549566003519,1010.3699
1549566003558,1010.3699
1549566003597,1010.3699
1549566003636,1010.0589
1549566003676,1010.0589
1549566003712,1010.0589
1549566003749,1010.0589
1549566003788,1009.5532
1549566003830,1009.5532
1549566003868,1009.5532
1549566003906,1010.0162
1549566003942,1010.0162
1549566003980,1010.0162
1549566004019,1010.0162
1549566004063,1009.5559
1549566004099,1009.5559
1549566004136,1009.5559
1549566004177,1009.5559
1549566004214,1009.52466
1549566004250,1009.52466
1549566004287,1009.52466
1549566004326,1010.0268
1549566004365,1010.0268
1549566004402,1010.0268
1549566004440,1010.0268
1549566004480,1009.9394
1549566004518,1009.9394
1549566004556,1009.9394
1549566004595,1009.9394
1549566004634,1009.5402
1549566004675,1009.5402
1549566004711,1009.5402
1549566004750,1009.5402
1549566004790,1010.1403
1549566004830,1010.1403
1549566004867,1010.1403
1549566004906,1009.69574
1549566004942,1009.69574
1549566004980,1009.69574
1549566005019,1009.69574
1549566005057,1010.0675
1549566005097,1010.0675
1549566005136,1010.0675
1549566005173,1010.0675
1549566005211,1010.05206
1549566005251,1010.05206
1549566005290,1010.05206
1549566005331,1010.05206
1549566005364,1009.6884
1549566005406,1009.6884
1549566005441,1009.6884
1549566005481,1009.5868
1549566005518,1009.5868
1549566005558,1009.5868
1549566005596,1009.5868
1549566005634,1009.9512
1549566005674,1009.9512
1549566005714,1009.9512
1549566005754,1009.9512
1549566005789,1009.75287
1549566005831,1009.75287
1549566005867,1009.75287
1549566005907,1010.3119
1549566005942,1010.3119
1549566005980,1010.3119
1549566006019,1010.3119
1549566006058,1010.1802
1549566006096,1010.1802
1549566006135,1010.1802
1549566006172,1010.1802
1549566006211,1009.37646
1549566006249,1009.37646
1549566006289,1009.37646
1549566006327,1009.37646
1549566006364,1009.70197
1549566006404,1009.70197
1549566006441,1009.70197
1549566006480,1009.74274
1549566006518,1009.74274
1549566006557,1009.74274
1549566006596,1009.74274
1549566006640,1009.8537
1549566006672,1009.8537
1549566006709,1009.8537
1549566006748,1009.8537
1549566006788,1010.5323
1549566006828,1010.5323
1549566006865,1010.5323
1549566006905,1010.5323
1549566006941,1010.36896
1549566006981,1010.36896
1549566007019,1010.36896
1549566007056,1009.6989
1549566007094,1009.6989
1549566007134,1009.6989
1549566007174,1009.6989
1549566007210,1010.0542
1549566007252,1010.0542
1549566007288,1010.0542
1549566007329,1010.0542
1549566007367,1009.5975
1549566007405,1009.5975
1549566007446,1009.5975
1549566007479,1009.7503
1549566007520,1009.7503
1549566007556,1009.7503
1549566007596,1009.7503
1549566007635,1009.9966
1549566007672,1009.9966
1549566007712,1009.9966
1549566007754,1009.9966
1549566007789,1009.7385
1549566007827,1009.7385
1549566007867,1009.7385
1549566007903,1009.7385
1549566007941,1009.5079
1549566007981,1009.5079
1549566008021,1009.5079
1549566008057,1009.8333
1549566008096,1009.8333
1549566008136,1009.8333
1549566008174,1009.8333
1549566008223,1009.6556
1549566008261,1009.6556
1549566008286,1009.6556
1549566008327,1009.6556
1549566008363,1010.151
1549566008404,1010.151
1549566008440,1010.151
1549566008479,1010.151
1549566008519,1009.9455
1549566008557,1009.9455
1549566008596,1009.9455
1549566008632,1009.2018
1549566008672,1009.2018
1549566008711,1009.2018
1549566008749,1009.2018
1549566008786,1009.75745
1549566008825,1009.75745
1549566008865,1009.75745
1549566008902,1009.75745
1549566008941,1009.5996
1549566008979,1009.5996
1549566009018,1009.5996
1549566009062,1009.61334
1549566009095,1009.61334
1549566009132,1009.61334
1549566009171,1009.61334
1549566009210,1010.13855
1549566009252,1010.13855
1549566009289,1010.13855
1549566009328,1010.13855
1549566009363,1010.12134
1549566009411,1010.12134
1549566009440,1010.12134
1549566009478,1010.12134
1549566009520,1009.8069
1549566009557,1009.8069
1549566009598,1009.8069
1549566009634,1010.0937
1549566009672,1010.0937
1549566009714,1010.0937
1549566009749,1010.0937
1549566009786,1009.7772
1549566009827,1009.7772
1549566009868,1009.7772
1549566009908,1009.7772
1549566009941,1010.2326
1549566009978,1010.2326
1549566010018,1010.2326
1549566010056,1010.2326
1549566010096,1010.00745
1549566010135,1010.00745
1549566010172,1010.00745
1549566010212,1010.2255
1549566010249,1010.2255
1549566010287,1010.2255
1549566010326,1010.2255
1549566010366,1010.02905
1549566010403,1010.02905
1549566010440,1010.02905
1549566010480,1010.02905
1549566010519,1010.07086
1549566010555,1010.07086
1549566010595,1010.07086
1549566010634,1009.9213
1549566010674,1009.9213
1549566010710,1009.9213
1549566010748,1009.9213
1549566010787,1010.1725
1549566010826,1010.1725
1549566010866,1010.1725
1549566010905,1010.1725
1549566010943,1010.0004
1549566010978,1010.0004
1549566011018,1010.0004
1549566011062,1010.0004
1549566011094,1010.11273
1549566011136,1010.11273
1549566011170,1010.11273
1549566011209,1010.2377
1549566011254,1010.2377
1549566011286,1010.2377
1549566011325,1010.2377
1549566011366,1010.4078
1549566011402,1010.4078
1549566011448,1010.4078
1549566011479,1010.4078
1549566011519,1010.05066
1549566011557,1010.05066
1549566011594,1010.05066
1549566011634,1010.05066
1549566011670,1010.2983
1549566011714,1010.2983
1549566011747,1010.2983
1549566011788,1010.1754
1549566011824,1010.1754
1549566011864,1010.1754
1549566011902,1010.1754
1549566011944,1009.8048
1549566011979,1009.8048
1549566012016,1009.8048
1549566012054,1009.8048
1549566012093,1009.9435
1549566012133,1009.9435
1549566012173,1009.9435
1549566012212,1010.10175
1549566012250,1010.10175
1549566012289,1010.10175
1549566012325,1010.10175
1549566012364,1009.9839
1549566012402,1009.9839
1549566012440,1009.9839
1549566012478,1009.9839
1549566012519,1010.3653
1549566012555,1010.3653
1549566012595,1010.3653
1549566012636,1010.3653
1549566012670,1010.0881
1549566012712,1010.0881
1549566012748,1010.0881
1549566012789,1009.47296
1549566012827,1009.47296
1549566012879,1009.47296
1549566012903,1009.47296
1549566012939,1010.02826
1549566012978,1010.02826
1549566013019,1010.02826
1549566013056,1010.02826
1549566013094,1010.1516
1549566013134,1010.1516
1549566013173,1010.1516
1549566013212,1010.1516
1549566013251,1009.96576
1549566013285,1009.96576
1549566013324,1009.96576
1549566013363,1010.3313
1549566013402,1010.3313
1549566013445,1010.3313
1549566013477,1010.3313
1549566013521,1010.2244
1549566013556,1010.2244
1549566013593,1010.2244
1549566013635,1010.2244
1549566013671,1009.7131
1549566013709,1009.7131
1549566013748,1009.7131
1549566013787,1009.9664
1549566013825,1009.9664
1549566013864,1009.9664
1549566013903,1009.9664
1549566013939,1009.8455
1549566013981,1009.8455
1549566014019,1009.8455
1549566014059,1009.8455
1549566014093,1009.67474
1549566014135,1009.67474
1549566014170,1009.67474
1549566014211,1009.67474
1549566014248,1010.18976
1549566014287,1010.18976
1549566014325,1010.18976
1549566014364,1009.9036
1549566014406,1009.9036
1549566014439,1009.9036
1549566014477,1009.9036
1549566014517,1009.63293
1549566014555,1009.63293
1549566014595,1009.63293
1549566014632,1009.63293
1549566014672,1010.0285
1549566014711,1010.0285
1549566014747,1010.0285
1549566014792,1010.0285
1549566014827,1009.4683
1549566014862,1009.4683
1549566014902,1009.4683
1549566014945,1009.5106
1549566014977,1009.5106
1549566015018,1009.5106
1549566015058,1009.5106
1549566015096,1009.7498
1549566015132,1009.7498
1549566015172,1009.7498
1549566015208,1009.7498
1549566015250,1009.45514
1549566015286,1009.45514
1549566015323,1009.45514
1549566015362,1009.3237
1549566015402,1009.3237
1549566015441,1009.3237
1549566015478,1009.3237
1549566015517,1009.7315
1549566015556,1009.7315
1549566015597,1009.7315
1549566015632,1009.7315
1549566015671,1009.71204
1549566015709,1009.71204
1549566015746,1009.71204
1549566015791,1009.71204
1549566015822,1010.09174
1549566015863,1010.09174
1549566015902,1010.09174
1549566015940,1009.9112
1549566015977,1009.9112
1549566016017,1009.9112
1549566016058,1009.9112
1549566016092,1009.9993
1549566016133,1009.9993
1549566016169,1009.9993
1549566016208,1009.9993
1549566016250,1010.15247
1549566016287,1010.15247
1549566016335,1010.15247
1549566016362,1010.15247
1549566016402,1010.18665
1549566016437,1010.18665
1549566016477,1010.18665
1549566016516,1010.1471
1549566016554,1010.1471
1549566016596,1010.1471
1549566016632,1010.1471
1549566016668,1010.5972
1549566016708,1010.5972
1549566016749,1010.5972
1549566016786,1010.5972
1549566016824,1010.1801
1549566016864,1010.1801
1549566016903,1010.1801
1549566016944,1010.00024
1549566016976,1010.00024
1549566017014,1010.00024
1549566017054,1010.00024
1549566017094,1009.7976
1549566017134,1009.7976
1549566017169,1009.7976
1549566017210,1009.7976
1549566017247,1010.17096
1549566017286,1010.17096
1549566017326,1010.17096
1549566017363,1010.17096
1549566017401,1009.96625
1549566017442,1009.96625
1549566017477,1009.96625
1549566017518,1010.51337
1549566017554,1010.51337
1549566017593,1010.51337
1549566017632,1010.51337
1549566017672,1010.1386
1549566017709,1010.1386
1549566017750,1010.1386
1549566017784,1010.1386
1549566017823,1009.25287
1549566017861,1009.25287
1549566017900,1009.25287
1549566017944,1009.25287
1549566017977,1009.81256
1549566018017,1009.81256
1549566018057,1009.81256
1549566018096,1009.9546
1549566018132,1009.9546
1549566018171,1009.9546
1549566018208,1009.9546
1549566018250,1009.73505
1549566018286,1009.73505
1549566018322,1009.73505
1549566018361,1009.73505
1549566018400,1010.34564
1549566018442,1010.34564
1549566018477,1010.34564
1549566018517,1010.0961
1549566018555,1010.0961
1549566018596,1010.0961
1549566018636,1010.0961
1549566018668,1009.39545
1549566018708,1009.39545
1549566018747,1009.39545
1549566018795,1009.39545
1549566018823,1009.78125
1549566018864,1009.78125
1549566018899,1009.78125
1549566018940,1009.78125
1549566018976,1009.90576
1549566019017,1009.90576
1549566019056,1009.90576
1549566019093,1009.705
1549566019130,1009.705
1549566019169,1009.705
1549566019211,1009.705
1549566019247,1010.3282
1549566019286,1010.3282
1549566019323,1010.3282
1549566019364,1010.3282
1549566019402,1010.0924
1549566019439,1010.0924
1549566019476,1010.0924
1549566019514,1010.0924
1549566019552,1009.4706
1549566019593,1009.4706
1549566019630,1009.4706
1549566019670,1009.8143
1549566019707,1009.8143
1549566019748,1009.8143
1549566019785,1009.8143
1549566019824,1009.91766
1549566019866,1009.91766
1549566019900,1009.91766
1549566019946,1009.91766
1549566019976,1009.6239
1549566020016,1009.6239
1549566020057,1009.6239
1549566020091,1010.54205
1549566020131,1010.54205
1549566020171,1010.54205
1549566020208,1010.54205
1549566020246,1010.05493
1549566020284,1010.05493
1549566020324,1010.05493
1549566020361,1010.05493
1549566020399,1009.73663
1549566020439,1009.73663
1549566020475,1009.73663
1549566020514,1009.73663
1549566020558,1009.9208
1549566020592,1009.9208
1549566020630,1009.9208
1549566020669,1009.92883
1549566020711,1009.92883
1549566020749,1009.92883
1549566020786,1009.92883
1549566020824,1009.9006
1549566020862,1009.9006
1549566020925,1009.9006
1549566020948,1009.9006
1549566020975,1010.4916
1549566021015,1010.4916
1549566021055,1010.4916
1549566021096,1010.4916
1549566021131,1010.2187
1549566021174,1010.2187
1549566021220,1010.2187
1549566021249,1009.5332
1549566021283,1009.5332
1549566021323,1009.5332
1549566021362,1009.5332
1549566021400,1009.6484
1549566021439,1009.6484
1549566021481,1009.6484
1549566021516,1009.6484
1549566021556,1009.61255
1549566021591,1009.61255
1549566021629,1009.61255
1549566021671,1009.60834
1549566021733,1009.60834
1549566021746,1009.60834
1549566021783,1009.60834
1549566021825,1010.4047
1549566021861,1010.4047
1549566021899,1010.4047
1549566021938,1010.4047
1549566021978,1010.0564
1549566022016,1010.0564
1549566022052,1010.0564
1549566022092,1010.0564
1549566022129,1009.6162
1549566022169,1009.6162
1549566022206,1009.6162
1549566022247,1009.85126
1549566022282,1009.85126
1549566022325,1009.85126
1549566022362,1009.85126
1549566022400,1009.8172
1549566022438,1009.8172
1549566022476,1009.8172
1549566022519,1009.8172
1549566022553,1009.6387
1549566022591,1009.6387
1549566022629,1009.6387
1549566022669,1009.6387
1549566022708,1010.25244
1549566022747,1010.25244
1549566022784,1010.25244
1549566022824,1010.1374
1549566022873,1010.1374
1549566022906,1010.1374
1549566022942,1010.1374
1549566022976,1009.7552
1549566023016,1009.7552
1549566023059,1009.7552
1549566023093,1009.7552
1549566023134,1010.1335
1549566023168,1010.1335
1549566023207,1010.1335
1549566023245,1009.69214
1549566023287,1009.69214
1549566023323,1009.69214
1549566023363,1009.69214
1549566023399,1010.22986
1549566023449,1010.22986
1549566023476,1010.22986
1549566023514,1010.22986
1549566023552,1010.13416
1549566023592,1010.13416
1549566023632,1010.13416
1549566023670,1010.13416
1549566023708,1009.9173
1549566023745,1009.9173
1549566023784,1009.9173
1549566023822,1009.70416
1549566023862,1009.70416
1549566023903,1009.70416
1549566023937,1009.70416
1549566023975,1010.0962
1549566024017,1010.0962
1549566024055,1010.0962
1549566024091,1010.0962
1549566024131,1009.8284
1549566024169,1009.8284
1549566024207,1009.8284
1549566024252,1009.8284
1549566024282,1010.31396
1549566024321,1010.31396
1549566024361,1010.31396
1549566024399,1010.1405
1549566024440,1010.1405
1549566024478,1010.1405
1549566024515,1010.1405
1549566024557,1009.35284
1549566024590,1009.35284
1549566024631,1009.35284
1549566024670,1009.35284
1549566024706,1009.74866
1549566024747,1009.74866
1549566024785,1009.74866
1549566024822,1009.58923
1549566024861,1009.58923
1549566024900,1009.58923
1549566024939,1009.58923
1549566024975,1009.62115
1549566025014,1009.62115
1549566025054,1009.62115
1549566025091,1009.62115
1549566025129,1010.3061
1549566025169,1010.3061
1549566025207,1010.3061
1549566025245,1010.3061
1549566025282,1010.11
1549566025324,1010.11
1549566025359,1010.11
1549566025399,1009.595
1549566025438,1009.595
1549566025481,1009.595
1549566025513,1009.595
1549566025554,1009.8749
1549566025592,1009.8749
1549566025631,1009.8749
1549566025668,1009.8749
1549566025706,1009.6793
1549566025747,1009.6793
1549566025784,1009.6793
1549566025822,1009.6793
1549566025860,1009.63947
1549566025899,1009.63947
1549566025937,1009.63947
1549566025975,1010.21075
1549566026015,1010.21075
1549566026055,1010.21075
1549566026091,1010.21075
1549566026131,1009.9784
1549566026170,1009.9784
1549566026206,1009.9784
1549566026247,1009.9784
1549566026282,1009.6088
1549566026321,1009.6088
1549566026359,1009.6088
1549566026400,1010.19385
1549566026439,1010.19385
1549566026475,1010.19385
1549566026513,1010.19385
1549566026559,1009.8033
1549566026591,1009.8033
1549566026630,1009.8033
1549566026672,1009.8033
1549566026705,1009.9618
1549566026747,1009.9618
1549566026783,1009.9618
1549566026826,1009.9618
1549566026859,1010.2241
1549566026898,1010.2241
1549566026937,1010.2241
1549566026979,1010.08777
1549566027013,1010.08777
1549566027053,1010.08777
1549566027091,1010.08777
1549566027130,1009.8534
1549566027167,1009.8534
1549566027206,1009.8534
1549566027245,1009.8534
1549566027287,1010.2348
1549566027321,1010.2348
1549566027359,1010.2348
1549566027399,1010.2348
1549566027437,1009.81085
1549566027476,1009.81085
1549566027517,1009.81085
1549566027553,1010.14484
1549566027589,1010.14484
1549566027629,1010.14484
1549566027673,1010.14484
1549566027707,1010.10126
1549566027749,1010.10126
1549566027785,1010.10126
1549566027822,1010.10126
1549566027858,1010.053
1549566027899,1010.053
1549566027936,1010.053
1549566027988,1009.7288
1549566028013,1009.7288
1549566028052,1009.7288
1549566028092,1009.7288
1549566028129,1010.09467
1549566028167,1010.09467
1549566028205,1010.09467
1549566028244,1010.09467
1549566028285,1009.8826
1549566028321,1009.8826
1549566028358,1009.8826
1549566028399,1009.8826
1549566028436,1009.77997
1549566028481,1009.77997
1549566028512,1009.77997
1549566028552,1009.93317
1549566028591,1009.93317
1549566028630,1009.93317
1549566028668,1009.93317
1549566028711,1009.9142
1549566028742,1009.9142
1549566028784,1009.9142
1549566028820,1009.9142
1549566028858,1009.68353
1549566028899,1009.68353
1549566028937,1009.68353
1549566028982,1009.94183
1549566029014,1009.94183
1549566029052,1009.94183
1549566029091,1009.94183
1549566029135,1009.9236
1549566029175,1009.9236
1549566029206,1009.9236
1549566029243,1009.9236
1549566029282,1010.41046
1549566029322,1010.41046
1549566029362,1010.41046
1549566029399,1010.41046
1549566029439,1010.1232
1549566029474,1010.1232
1549566029518,1010.1232
1549566029551,1009.21454
1549566029591,1009.21454
1549566029631,1009.21454
1549566029668,1009.21454
1549566029708,1009.7629
1549566029744,1009.7629
1549566029783,1009.7629
1549566029821,1009.7629
1549566029859,1009.8797
1549566029900,1009.8797
1549566029943,1009.8797
1549566029974,1009.8797
1549566030012,1009.75006
1549566030051,1009.75006
1549566030089,1009.75006
1549566030129,1010.39136
1549566030168,1010.39136
1549566030205,1010.39136
1549566030249,1010.39136
1549566030285,1010.17285
1549566030321,1010.17285
1549566030357,1010.17285
1549566030396,1010.17285
1549566030436,1009.57855
1549566030476,1009.57855
1549566030512,1009.57855
1549566030552,1009.86835
1549566030590,1009.86835
1549566030628,1009.86835
1549566030667,1009.86835
1549566030705,1009.7727
1549566030744,1009.7727
1549566030783,1009.7727
1549566030821,1009.7727
1549566030857,1009.7083
1549566030897,1009.7083
1549566030936,1009.7083
1549566030977,1009.7083
1549566031012,1010.169
1549566031052,1010.169
1549566031103,1010.169
1549566031131,1010.3611
1549566031165,1010.3611
1549566031204,1010.3611
1549566031243,1010.3611
1549566031283,1010.0247
1549566031320,1010.0247
1549566031359,1010.0247
1549566031397,1010.0247
1549566031436,1010.32574
1549566031482,1010.32574
1549566031514,1010.32574
1549566031552,1010.32574
1549566031590,1009.8722
1549566031628,1009.8722
1549566031666,1009.8722
1549566031705,1010.0146
1549566031745,1010.0146
1549566031784,1010.0146
1549566031820,1010.0146
1549566031861,1010.1818
1549566031897,1010.1818
1549566031939,1010.1818
1549566031977,1010.1818
1549566032013,1009.71246
1549566032051,1009.71246
1549566032090,1009.71246
1549566032128,1009.6761
1549566032165,1009.6761
1549566032204,1009.6761
1549566032245,1009.6761
1549566032283,1009.9892
1549566032321,1009.9892
1549566032361,1009.9892
1549566032398,1009.9892
1549566032437,1009.9406
1549566032474,1009.9406
1549566032512,1009.9406
1549566032549,1009.9406
1549566032591,1010.55597
1549566032627,1010.55597
1549566032665,1010.55597
1549566032706,1010.3547
1549566032744,1010.3547
1549566032781,1010.3547
1549566032820,1010.3547
1549566032860,1009.668
1549566032897,1009.668
1549566032935,1009.668
1549566032972,1009.668
1549566033011,1010.0969
1549566033051,1010.0969
1549566033095,1010.0969
1549566033128,1010.0969
1549566033167,1009.8659
1549566033206,1009.8659
1549566033244,1009.8659
1549566033280,1009.88776
1549566033320,1009.88776
1549566033359,1009.88776
1549566033398,1009.88776
1549566033436,1010.4028
1549566033473,1010.4028
1549566033512,1010.4028
1549566033551,1010.4028
1549566033589,1010.4419
1549566033627,1010.4419
1549566033665,1010.4419
1549566033705,1009.99207
1549566033743,1009.99207
1549566033785,1009.99207
1549566033819,1009.99207
1549566033858,1010.38605
1549566033899,1010.38605
1549566033936,1010.38605
1549566033972,1010.38605
1549566034012,1009.9658
1549566034051,1009.9658
1549566034095,1009.9658
1549566034128,1009.9658
1549566034166,1010.0348
1549566034204,1010.0348
1549566034242,1010.0348
1549566034284,1010.104
1549566034322,1010.104
1549566034359,1010.104
1549566034405,1010.104
1549566034434,1009.97
1549566034476,1009.97
1549566034511,1009.97
1549566034549,1009.97
1549566034588,1009.80383
1549566034629,1009.80383
1549566034664,1009.80383
1549566034705,1009.80383
1549566034742,1010.1169
1549566034781,1010.1169
1549566034819,1010.1169
1549566034859,1010.0319
1549566034898,1010.0319
1549566034938,1010.0319
1549566034981,1010.0319
1549566035011,1010.47675
1549566035050,1010.47675
1549566035088,1010.47675
1549566035127,1010.47675
1549566035166,1010.2673
1549566035210,1010.2673
1549566035245,1010.2673
1549566035279,1009.4893
1549566035320,1009.4893
1549566035356,1009.4893
1549566035398,1009.4893
1549566035437,1009.9424
1549566035475,1009.9424
1549566035511,1009.9424
1549566035549,1009.9424
1549566035589,1010.09076
1549566035627,1010.09076
1549566035669,1010.09076
1549566035704,1010.09076
1549566035749,1009.94946
1549566035781,1009.94946
1549566035819,1009.94946
1549566035858,1010.63104
1549566035897,1010.63104
1549566035934,1010.63104
1549566035975,1010.63104
1549566036010,1010.4842
1549566036051,1010.4842
1549566036093,1010.4842
1549566036126,1010.4842
1549566036167,1009.7556
1549566036205,1009.7556
1549566036241,1009.7556
1549566036282,1009.7556
1549566036319,1010.10016
1549566036361,1010.10016
1549566036395,1010.10016
1549566036435,1010.0679
1549566036474,1010.0679
1549566036511,1010.0679
1549566036550,1010.0679
1549566036589,1009.85266
1549566036630,1009.85266
1549566036668,1009.85266
1549566036702,1009.85266
1549566036742,1010.5708
1549566036783,1010.5708
1549566036819,1010.5708
1549566036858,1010.4433
1549566036899,1010.4433
1549566036934,1010.4433
1549566036975,1010.4433
1549566037011,1010.10284
1549566037049,1010.10284
1549566037089,1010.10284
1549566037127,1010.10284
1549566037165,1010.312
1549566037204,1010.312
1549566037240,1010.312
1549566037280,1010.312
1549566037320,1010.2655
1549566037358,1010.2655
1549566037396,1010.2655
1549566037455,1009.98364
1549566037478,1009.98364
1549566037511,1009.98364
1549566037551,1009.98364
1549566037588,1010.5158
1549566037626,1010.5158
1549566037667,1010.5158
1549566037704,1010.5158
1549566037741,1010.41516
1549566037783,1010.41516
1549566037817,1010.41516
1549566037857,1010.41516
1549566037895,1010.03015
1549566037934,1010.03015
1549566037974,1010.03015
1549566038013,1010.25214
1549566038050,1010.25214
1549566038090,1010.25214
1549566038132,1010.25214
1549566038166,1010.0755
1549566038213,1010.0755
1549566038241,1010.0755
1549566038279,1010.0755
1549566038318,1009.8483
1549566038359,1009.8483
1549566038396,1009.8483
1549566038433,1010.4544
1549566038473,1010.4544
1549566038513,1010.4544
1549566038549,1010.4544
1549566038589,1010.15375
1549566038628,1010.15375
1549566038665,1010.15375
1549566038703,1010.15375
1549566038746,1009.69836
1549566038780,1009.69836
1549566038819,1009.69836
1549566038859,1009.69836
1549566038897,1010.22015
1549566038936,1010.22015
1549566038975,1010.22015
1549566039025,1010.18085
1549566039049,1010.18085
1549566039087,1010.18085
1549566039126,1010.18085
1549566039166,1009.89056
1549566039202,1009.89056
1549566039248,1009.89056
1549566039280,1009.89056
1549566039317,1010.4598
1549566039356,1010.4598
1549566039402,1010.4598
1549566039434,1010.4598
1549566039474,1010.4205
1549566039509,1010.4205
1549566039547,1010.4205
1549566039587,1009.92523
1549566039625,1009.92523
1549566039665,1009.92523
1549566039704,1009.92523
1549566039741,1010.18
1549566039782,1010.18
1549566039817,1010.18
1549566039858,1010.18
1549566039897,1009.93024
1549566039933,1009.93024
1549566039975,1009.93024
1549566040015,1009.78925
1549566040048,1009.78925
1549566040087,1009.78925
1549566040124,1009.78925
1549566040164,1010.3058
1549566040204,1010.3058
1549566040241,1010.3058
1549566040280,1010.3058
1549566040321,1010.12604
1549566040359,1010.12604
1549566040394,1010.12604
1549566040433,1010.12604
1549566040475,1009.8868
1549566040512,1009.8868
1549566040549,1009.8868
1549566040588,1010.2806
1549566040626,1010.2806
1549566040667,1010.2806
1549566040705,1010.2806
1549566040744,1010.0955
1549566040780,1010.0955
1549566040819,1010.0955
1549566040858,1010.0955
1549566040895,1010.01764
1549566040933,1010.01764
1549566040971,1010.01764
1549566041018,1010.01764
1549566041048,1010.52716
1549566041090,1010.52716
1549566041126,1010.52716
1549566041165,1010.35986
1549566041206,1010.35986
1549566041240,1010.35986
1549566041282,1010.35986
1549566041321,1010.18207
1549566041358,1010.18207
1549566041397,1010.18207
1549566041433,1010.18207
1549566041473,1010.539
1549566041511,1010.539
1549566041549,1010.539
1549566041594,1010.1189
1549566041627,1010.1189
1549566041669,1010.1189
1549566041704,1010.1189
1549566041740,1010.0708
1549566041779,1010.0708
1549566041820,1010.0708
1549566041855,1010.0708
1549566041895,1010.44653
1549566041933,1010.44653
1549566041974,1010.44653
1549566042015,1010.44653
1549566042050,1010.19855
1549566042100,1010.19855
1549566042124,1010.19855
1549566042164,1009.96643
1549566042203,1009.96643
1549566042243,1009.96643
1549566042278,1009.96643
1549566042316,1010.4764
1549566042355,1010.4764
1549566042399,1010.4764
1549566042432,1010.4764
1549566042471,1010.097
1549566042514,1010.097
1549566042549,1010.097
1549566042586,1010.097
1549566042626,1010.37445
1549566042663,1010.37445
1549566042705,1010.37445
1549566042743,1010.358
1549566042782,1010.358
1549566042818,1010.358
1549566042858,1010.358
1549566042895,1010.13434
1549566042932,1010.13434
1549566042971,1010.13434
1549566043011,1010.13434
1549566043050,1009.7339
1549566043087,1009.7339
1549566043128,1009.7339
1549566043165,1010.1955
1549566043204,1010.1955
1549566043242,1010.1955
1549566043281,1010.1955
1549566043321,1009.9265
1549566043356,1009.9265
1549566043401,1009.9265
1549566043433,1009.9265
1549566043471,1010.208
1549566043508,1010.208
1549566043548,1010.208
1549566043588,1010.208
1549566043627,1010.3619
1549566043664,1010.3619
1549566043704,1010.3619
1549566043740,1010.1262
1549566043778,1010.1262
1549566043816,1010.1262
1549566043858,1010.1262
1549566043896,1009.67145
1549566043935,1009.67145
1549566043972,1009.67145
1549566044012,1009.67145
1549566044048,1009.9775
1549566044088,1009.9775
1549566044125,1009.9775
1549566044163,1009.9775
1549566044202,1009.8681
1549566044240,1009.8681
1549566044278,1009.8681
1549566044318,1010.48267
1549566044355,1010.48267
1549566044394,1010.48267
1549566044433,1010.48267
1549566044483,1010.3662
1549566044510,1010.3662
1549566044546,1010.3662
1549566044590,1010.3662
1549566044624,1010.10724
1549566044666,1010.10724
1549566044705,1010.10724
1549566044740,1010.3227
1549566044779,1010.3227
1549566044818,1010.3227
1549566044856,1010.3227
1549566044898,1010.63696
1549566044933,1010.63696
1549566044972,1010.63696
1549566045010,1010.63696
1549566045047,1010.2839
1549566045086,1010.2839
1549566045127,1010.2839
1549566045168,1010.2839
1549566045206,1010.81604
1549566045241,1010.81604
1549566045279,1010.81604
1549566045318,1010.5313
1549566045355,1010.5313
1549566045393,1010.5313
1549566045433,1010.5313
1549566045478,1010.1928
1549566045514,1010.1928
1549566045547,1010.1928
1549566045586,1010.1928
1549566045624,1010.4585
1549566045665,1010.4585
1549566045701,1010.4585
1549566045742,1010.5401
1549566045777,1010.5401
1549566045816,1010.5401
1549566045858,1010.5401
1549566045896,1010.471
1549566045935,1010.471
1549566045970,1010.471
1549566046011,1010.471
1549566046047,1011.12537
1549566046088,1011.12537
1549566046126,1011.12537
1549566046163,1011.12537
1549566046200,1010.70215
1549566046239,1010.70215
1549566046280,1010.70215
1549566046316,1010.0126
1549566046354,1010.0126
1549566046394,1010.0126
1549566046434,1010.0126
1549566046471,1010.28503
1549566046511,1010.28503
1549566046547,1010.28503
1549566046590,1010.28503
1549566046626,1009.969
1549566046664,1009.969
1549566046702,1009.969
1549566046739,1009.969
1549566046780,1010.0557
1549566046821,1010.0557
1549566046857,1010.0557
1549566046899,1010.3687
1549566046934,1010.3687
1549566046972,1010.3687
1549566047013,1010.3687
1549566047050,1010.2891
1549566047085,1010.2891
1549566047125,1010.2891
1549566047163,1010.2891
1549566047199,1009.9156
1549566047239,1009.9156
1549566047278,1009.9156
1549566047315,1010.35126
1549566047354,1010.35126
1549566047393,1010.35126
1549566047433,1010.35126
1549566047471,1010.0245
1549566047513,1010.0245
1549566047547,1010.0245
1549566047586,1010.0245
1549566047625,1010.49194
1549566047661,1010.49194
1549566047701,1010.49194
1549566047741,1010.49194
1549566047780,1010.27545
1549566047820,1010.27545
1549566047855,1010.27545
1549566047897,1009.4982
1549566047931,1009.4982
1549566047969,1009.4982
1549566048010,1009.4982
1549566048051,1009.864
1549566048086,1009.864
1549566048123,1009.864
1549566048163,1009.864
1549566048201,1010.0771
1549566048252,1010.0771
1549566048279,1010.0771
1549566048316,1010.0771
1549566048359,1010.0904
1549566048394,1010.0904
1549566048431,1010.0904
1549566048470,1010.73114
1549566048511,1010.73114
1549566048547,1010.73114
1549566048589,1010.73114
1549566048622,1010.37286
1549566048664,1010.37286
1549566048700,1010.37286
1549566048739,1010.37286
1549566048778,1009.63605
1549566048815,1009.63605
1549566048855,1009.63605
1549566048894,1010.15753
1549566048933,1010.15753
1549566048971,1010.15753
1549566049012,1010.15753
1549566049049,1009.74023
1549566049086,1009.74023
1549566049125,1009.74023
1549566049162,1009.74023
1549566049201,1009.77576
1549566049240,1009.77576
1549566049280,1009.77576
1549566049317,1009.77576
1549566049355,1010.3837
1549566049392,1010.3837
1549566049431,1010.3837
1549566049471,1010.2077
1549566049510,1010.2077
1549566049545,1010.2077
1549566049584,1010.2077
1549566049623,1009.77057
1549566049661,1009.77057
1549566049703,1009.77057
1549566049740,1009.77057
1549566049778,1010.1712
1549566049821,1010.1712
1549566049855,1010.1712
1549566049892,1010.1712
1549566049935,1009.7498
1549566049969,1009.7498
1549566050024,1009.7498
1549566050047,1010.345
1549566050084,1010.345
1549566050124,1010.345
1549566050162,1010.345
1549566050201,1010.2951
1549566050238,1010.2951
1549566050278,1010.2951
1549566050315,1010.2951
1549566050353,1009.94586
1549566050391,1009.94586
1549566050430,1009.94586
1549566050469,1009.8718
1549566050513,1009.8718
1549566050545,1009.8718
1549566050587,1009.8718
1549566050622,1010.2411
1549566050663,1010.2411
1549566050701,1010.2411
1549566050739,1010.2411
1549566050777,1010.2106
1549566050817,1010.2106
1549566050856,1010.2106
1549566050897,1010.2106
1549566050932,1010.81793
1549566050971,1010.81793
1549566051007,1010.81793
1549566051045,1010.497
1549566051086,1010.497
1549566051122,1010.497
1549566051161,1010.497
1549566051200,1009.9337
1549566051238,1009.9337
1549566051277,1009.9337
1549566051317,1009.9337
1549566051354,1010.15204
1549566051394,1010.15204
1549566051432,1010.15204
1549566051471,1010.15204
1549566051529,1009.96027
1549566051547,1009.96027
1549566051584,1009.96027
1549566051624,1010.105
1549566051663,1010.105
1549566051700,1010.105
1549566051741,1010.105
1549566051779,1010.4515
1549566051817,1010.4515
1549566051857,1010.4515
1549566051899,1010.4515
1549566051931,1010.2194
1549566051968,1010.2194
1549566052008,1010.2194
1549566052045,1009.8442
1549566052084,1009.8442
1549566052123,1009.8442
1549566052162,1009.8442
1549566052202,1010.37787
1549566052238,1010.37787
1549566052276,1010.37787
1549566052316,1010.37787
1549566052355,1009.913
1549566052396,1009.913
1549566052434,1009.913
1549566052468,1009.913
1549566052507,1010.56586
1549566052546,1010.56586
1549566052583,1010.56586
1549566052625,1010.2275
1549566052662,1010.2275
1549566052701,1010.2275
1549566052740,1010.2275
1549566052777,1010.0217
1549566052817,1010.0217
1549566052853,1010.0217
1549566052897,1010.0217
1549566052931,1010.0087
1549566052969,1010.0087
1549566053013,1010.0087
1549566053048,1010.0087
1549566053085,1010.1534
1549566053125,1010.1534
1549566053165,1010.1534
1549566053199,1010.1702
1549566053243,1010.1702
1549566053275,1010.1702
1549566053317,1010.1702
1549566053356,1010.7339
1549566053391,1010.7339
1549566053430,1010.7339
1549566053469,1010.7339
1549566053509,1010.3354
1549566053551,1010.3354
1549566053582,1010.3354
1549566053627,1009.5379
1549566053661,1009.5379
1549566053702,1009.5379
1549566053739,1009.5379
1549566053776,1010.0909
1549566053816,1010.0909
1549566053855,1010.0909
1549566053892,1010.0909
1549566053933,1010.02704
1549566053969,1010.02704
1549566054009,1010.02704
1549566054045,1010.02704
1549566054083,1009.9703
1549566054126,1009.9703
1549566054162,1009.9703
1549566054200,1010.5865
1549566054239,1010.5865
1549566054279,1010.5865
1549566054316,1010.5865
1549566054354,1010.3001
1549566054391,1010.3001
1549566054430,1010.3001
1549566054468,1010.3001
1549566054508,1009.7094
1549566054546,1009.7094
1549566054583,1009.7094
1549566054622,1010.0887
1549566054661,1010.0887
1549566054700,1010.0887
1549566054740,1010.0887
1549566054775,1010.11444
1549566054816,1010.11444
1549566054852,1010.11444
1549566054891,1010.11444
1549566054930,1009.83514
1549566054967,1009.83514
1549566055007,1009.83514
1549566055047,1009.83514
1549566055084,1010.38806
1549566055123,1010.38806
1549566055159,1010.38806
1549566055200,1010.25116
1549566055240,1010.25116
1549566055276,1010.25116
1549566055314,1010.25116
1549566055354,1009.61115
1549566055390,1009.61115
1549566055432,1009.61115
1549566055469,1009.61115
1549566055508,1010.0554
1549566055546,1010.0554
1549566055587,1010.0554
1549566055624,1010.0554
1549566055665,1010.14984
1549566055700,1010.14984
1549566055737,1010.14984
1549566055779,1010.00665
1549566055816,1010.00665
1549566055857,1010.00665
1549566055891,1010.00665
1549566055930,1010.1881
1549566055968,1010.1881
1549566056007,1010.1881
1549566056044,1010.1881
1549566056083,1010.33276
1549566056121,1010.33276
1549566056160,1010.33276
1549566056199,1010.4459
1549566056236,1010.4459
1549566056277,1010.4459
1549566056315,1010.4459
1549566056355,1009.9686
1549566056392,1009.9686
1549566056429,1009.9686
1549566056469,1009.9686
1549566056507,1009.9842
1549566056544,1009.9842
1549566056584,1009.9842
1549566056623,1009.9842
1549566056661,1010.03253
1549566056697,1010.03253
1549566056739,1010.03253
1549566056777,1010.22626
1549566056817,1010.22626
1549566056854,1010.22626
1549566056893,1010.22626
1549566056929,1010.18866
1549566056971,1010.18866
1549566057006,1010.18866
1549566057048,1010.18866
1549566057085,1010.09
1549566057122,1010.09
1549566057159,1010.09
1549566057198,1010.09
1549566057241,1010.0758
1549566057281,1010.0758
1549566057313,1010.0758
1549566057354,1010.0403
1549566057391,1010.0403
1549566057431,1010.0403
1549566057469,1010.0403
1549566057509,1010.26776
1549566057548,1010.26776
1549566057584,1010.26776
1549566057621,1010.26776
1549566057661,1010.0726
1549566057701,1010.0726
1549566057737,1010.0726
1549566057777,1010.00726
1549566057813,1010.00726
1549566057852,1010.00726
1549566057898,1010.00726
1549566057931,1010.30084
1549566057968,1010.30084
1549566058009,1010.30084
1549566058061,1010.30084
1549566058084,1009.9982
1549566058122,1009.9982
1549566058160,1009.9982
1549566058197,1009.9982
1549566058239,1009.9504
1549566058278,1009.9504
1549566058315,1009.9504
1549566058354,1009.95544
1549566058390,1009.95544
1549566058429,1009.95544
1549566058468,1009.95544
1549566058507,1009.9827
1549566058546,1009.9827
1549566058582,1009.9827
1549566058621,1009.9827
1549566058660,1010.00006
1549566058699,1010.00006
1549566058738,1010.00006
1549566058779,1010.00006
1549566058813,1010.017
1549566058851,1010.017
1549566058891,1010.017
1549566058930,1010.02203
1549566058966,1010.02203
1549566059007,1010.02203
1549566059049,1010.02203
1549566059082,1010.04236
1549566059122,1010.04236
1549566059159,1010.04236
1549566059200,1010.04236
1549566059238,1010.04706
1549566059276,1010.04706
1549566059314,1010.04706
1549566059352,1010.05914
1549566059390,1010.05914
1549566059430,1010.05914
1549566059469,1010.05914
1549566059506,1010.0829
1549566059546,1010.0829
1549566059581,1010.0829
1549566059620,1010.0829
1549566059660,1010.1121
1549566059698,1010.1121
1549566059743,1010.1121
1549566059776,1010.1121
1549566059811,1010.11664
1549566059850,1010.11664
1549566059889,1010.11664
1549566059929,1010.0949
1549566059968,1010.0949
1549566060006,1010.0949
1549566060046,1010.0949
1549566060082,1010.0982
1549566060119,1010.0982
1549566060159,1010.0982
1549566060198,1010.0982
1549566060235,1010.1117
1549566060273,1010.1117
1549566060316,1010.1117
1549566060351,1010.1117
1549566060390,1010.13776
1549566060428,1010.13776
