1549565885931,1010.1114
1549565885931,1010.1114
1549565885969,1010.1114
1549565886008,1010.1114
1549565886047,1010.1114
1549565886088,1010.1114
1549565886123,1010.1114
1549565886162,1010.1114
1549565886200,1010.12
1549565886242,1010.12
1549565886277,1010.12
1549565886317,1010.12
1549565886357,1010.1283
1549565886398,1010.1283
1549565886432,1010.1283
1549565886470,1010.13336
1549565886510,1010.13336
1549565886551,1010.13336
1549565886585,1010.13336
1549565886628,1010.14166
1549565886663,1010.14166
1549565886705,1010.14166
1549565886765,1010.14166
1549565886780,1010.1485
1549565886817,1010.1485
1549565886856,1010.1485
1549565886894,1010.1485
1549565886932,1010.1496
1549565886975,1010.1496
1549565887009,1010.1496
1549565887048,1010.14905
1549565887086,1010.14905
1549565887127,1010.14905
1549565887163,1010.14905
1549565887202,1010.1466
1549565887242,1010.1466
1549565887279,1010.1466
1549565887317,1010.1466
1549565887355,1010.14465
1549565887395,1010.14465
1549565887434,1010.14465
1549565887481,1010.14465
1549565887508,1010.1457
1549565887547,1010.1457
1549565887591,1010.1457
1549565887626,1010.147
1549565887665,1010.147
1549565887701,1010.147
1549565887740,1010.147
1549565887813,1010.1468
1549565887831,1010.1468
1549565887909,1010.1468
1549565887910,1010.1468
1549565887932,1010.1584
1549565887971,1010.1584
1549565888008,1010.1584
1549565888046,1010.16473
1549565888087,1010.16473
1549565888124,1010.16473
1549565888163,1010.16473
1549565888202,1010.16046
1549565888242,1010.16046
1549565888277,1010.16046
1549565888318,1010.16046
1549565888367,1010.16327
1549565888392,1010.16327
1549565888431,1010.16327
1549565888476,1010.16327
1549565888508,1010.16064
1549565888546,1010.16064
1549565888594,1010.16064
1549565888624,1010.167
1549565888662,1010.167
1549565888702,1010.167
1549565888742,1010.167
1549565888778,1010.16754
1549565888818,1010.16754
1549565888857,1010.16754
1549565888896,1010.16754
1549565888931,1010.1684
1549565888974,1010.1684
1549565889009,1010.1684
1549565889048,1010.1684
1549565889089,1010.17316
1549565889128,1010.17316
1549565889165,1010.17316
1549565889201,1010.167
1549565889240,1010.167
1549565889281,1010.167
1549565889315,1010.167
1549565889355,1010.168
1549565889395,1010.168
1549565889432,1010.168
1549565889470,1010.168
1549565889507,1010.17084
1549565889552,1010.17084
1549565889585,1010.17084
1549565889625,1010.1772
1549565889666,1010.1772
1549565889701,1010.1772
1549565889741,1010.1772
1549565889779,1010.1712
1549565889861,1010.1712
1549565889862,1010.1712
1549565889896,1010.1712
1549565889938,1010.1635
1549565889970,1010.1635
1549565890009,1010.1635
1549565890047,1010.1635
1549565890085,1010.1628
1549565890124,1010.1628
1549565890162,1010.1628
1549565890204,1010.1533
1549565890241,1010.1533
1549565890276,1010.1533
1549565890319,1010.1533
1549565890372,1010.1438
1549565890392,1010.1438
1549565890432,1010.1438
1549565890474,1010.1438
1549565890508,1010.13434
1549565890546,1010.13434
1549565890584,1010.13434
1549565890651,1010.13434
1549565890672,1010.12134
1549565890703,1010.12134
1549565890740,1010.12134
1549565890778,1010.1173
1549565890827,1010.1173
1549565890860,1010.1173
1549565890895,1010.1173
1549565890932,1010.10077
1549565890970,1010.10077
1549565891009,1010.10077
1549565891048,1010.10077
1549565891086,1010.0788
1549565891127,1010.0788
1549565891165,1010.0788
1549565891200,1010.06226
1549565891241,1010.06226
1549565891278,1010.06226
1549565891317,1010.06226
1549565891356,1010.04974
1549565891394,1010.04974
1549565891434,1010.04974
1549565891470,1010.04974
1549565891508,1010.0385
1549565891547,1010.0385
1549565891587,1010.0385
1549565891623,1010.0385
1549565891667,1010.0197
1549565891702,1010.0197
1549565891739,1010.0197
1549565891781,1009.9997
1549565891865,1009.9997
1549565891865,1009.9997
1549565891901,1009.9997
1549565891936,1009.98895
1549565891970,1009.98895
1549565892007,1009.98895
1549565892047,1009.98895
1549565892085,1009.9795
1549565892147,1009.9795
1549565892162,1009.9795
1549565892199,1009.9795
1549565892237,1009.96844
1549565892277,1009.96844
1549565892314,1009.96844
1549565892352,1009.96594
1549565892391,1009.96594
1549565892433,1009.96594
1549565892474,1009.96594
1549565892507,1009.96173
1549565892549,1009.96173
1549565892585,1009.96173
1549565892625,1009.96173
1549565892668,1009.9505
1549565892700,1009.9505
1549565892738,1009.9505
1549565892779,1009.93396
1549565892816,1009.93396
1549565892857,1009.93396
1549565892895,1009.93396
1549565892933,1009.9157
1549565892980,1009.9157
1549565893031,1009.9157
1549565893046,1009.9157
1549565893086,1009.9045
1549565893122,1009.9045
1549565893163,1009.9045
1549565893203,1009.9045
1549565893239,1009.89545
1549565893276,1009.89545
1549565893317,1009.89545
1549565893358,1009.88947
1549565893394,1009.88947
1549565893432,1009.88947
1549565893475,1009.88947
1549565893512,1009.8785
1549565893549,1009.8785
1549565893587,1009.8785
1549565893623,1009.8785
1549565893661,1009.86774
1549565893701,1009.86774
1549565893745,1009.86774
1549565893780,1009.86774
1549565893815,1009.8637
1549565893891,1009.8637
1549565893892,1009.8637
1549565893929,1009.86
1549565893969,1009.86
1549565894008,1009.86
1549565894045,1009.86
1549565894084,1009.83997
1549565894124,1009.83997
1549565894161,1009.83997
1549565894199,1009.83997
1549565894238,1009.8252
1549565894282,1009.8252
1549565894315,1009.8252
1549565894354,1009.8106
1549565894391,1009.8106
1549565894434,1009.8106
1549565894468,1009.8106
1549565894508,1009.7946
1549565894547,1009.7946
1549565894584,1009.7946
1549565894623,1009.7946
1549565894660,1009.7818
1549565894699,1009.7818
1549565894739,1009.7818
1549565894781,1009.7818
1549565894816,1009.773
1549565894856,1009.773
1549565894892,1009.773
1549565894930,1009.76227
1549565894972,1009.76227
1549565895007,1009.76227
1549565895046,1009.76227
1549565895085,1009.75476
1549565895123,1009.75476
1549565895164,1009.75476
1549565895200,1009.75476
1549565895237,1009.73676
1549565895276,1009.73676
1549565895316,1009.73676
1549565895352,1009.73676
1549565895390,1009.71466
1549565895434,1009.71466
1549565895469,1009.71466
1549565895507,1009.7112
1549565895547,1009.7112
1549565895585,1009.7112
1549565895624,1009.7112
1549565895662,1009.69464
1549565895704,1009.69464
1549565895737,1009.69464
1549565895777,1009.69464
1549565895819,1009.6889
1549565895855,1009.6889
1549565895895,1009.6889
1549565895934,1009.6746
1549565895976,1009.6746
1549565896010,1009.6746
1549565896046,1009.6746
1549565896084,1009.6546
1549565896121,1009.6546
1549565896162,1009.6546
1549565896204,1009.6546
1549565896239,1009.6581
1549565896275,1009.6581
1549565896316,1009.6581
1549565896352,1009.6581
1549565896394,1009.6418
1549565896431,1009.6418
1549565896471,1009.6418
1549565896506,1009.6312
1549565896545,1009.6312
1549565896587,1009.6312
1549565896622,1009.6312
1549565896662,1009.6117
1549565896702,1009.6117
1549565896739,1009.6117
1549565896777,1009.6117
1549565896816,1009.5994
1549565896853,1009.5994
1549565896893,1009.5994
1549565896932,1009.5994
1549565896972,1009.58307
1549565897007,1009.58307
1549565897045,1009.58307
1549565897086,1009.5776
1549565897123,1009.5776
1549565897163,1009.5776
1549565897203,1009.5776
1549565897237,1009.5535
1549565897277,1009.5535
1549565897316,1009.5535
1549565897353,1009.5535
1549565897392,1009.53754
1549565897429,1009.53754
1549565897469,1009.53754
1549565897508,1009.523
1549565897547,1009.523
1549565897583,1009.523
1549565897624,1009.523
1549565897660,1009.51245
1549565897699,1009.51245
1549565897737,1009.51245
1549565897776,1009.51245
1549565897813,1009.49066
1549565897853,1009.49066
1549565897892,1009.49066
1549565897929,1009.49066
1549565897968,1009.4801
1549565898006,1009.4801
1549565898047,1009.4801
1549565898084,1009.4588
1549565898124,1009.4588
1549565898161,1009.4588
1549565898199,1009.4588
1549565898237,1009.4397
1549565898277,1009.4397
1549565898318,1009.4397
1549565898357,1009.4397
1549565898394,1009.42914
1549565898432,1009.42914
1549565898476,1009.42914
1549565898509,1009.42914
1549565898545,1009.4151
1549565898584,1009.4151
1549565898621,1009.4151
1549565898660,1009.3938
1549565898698,1009.3938
1549565898745,1009.3938
1549565898777,1009.3938
1549565898816,1009.37976
1549565898852,1009.37976
1549565898891,1009.37976
1549565898927,1009.37976
1549565898966,1009.3752
1549565899006,1009.3752
1549565899044,1009.3752
1549565899081,1009.3671
1549565899120,1009.3671
1549565899159,1009.3671
1549565899198,1009.3671
1549565899236,1009.36554
1549565899274,1009.36554
1549565899317,1009.36554
1549565899353,1009.36554
1549565899390,1009.359
1549565899431,1009.359
1549565899468,1009.359
1549565899504,1009.359
1549565899543,1009.3502
1549565899582,1009.3502
1549565899621,1009.3502
1549565899658,1009.33264
1549565899697,1009.33264
1549565899735,1009.33264
1549565899774,1009.33264
1549565899813,1009.3204
1549565899852,1009.3204
1549565899892,1009.3204
1549565899930,1009.3204
1549565899968,1009.31757
1549565900007,1009.31757
1549565900046,1009.31757
1549565900081,1009.31757
1549565900120,1009.30347
1549565900158,1009.30347
1549565900198,1009.30347
1549565900235,1009.2896
1549565900274,1009.2896
1549565900312,1009.2896
1549565900351,1009.2896
1549565900389,1009.2773
1549565900432,1009.2773
1549565900467,1009.2773
1549565900507,1009.2773
1549565900544,1009.2673
1549565900582,1009.2673
1549565900621,1009.2673
1549565900662,1009.25165
1549565900697,1009.25165
1549565900739,1009.25165
1549565900773,1009.25165
1549565900814,1009.2376
1549565900853,1009.2376
1549565900891,1009.2376
1549565900929,1009.2376
1549565900967,1009.22754
1549565901006,1009.22754
1549565901043,1009.22754
1549565901083,1009.22754
1549565901123,1009.2065
1549565901162,1009.2065
1549565901198,1009.2065
1549565901237,1009.1896
1549565901275,1009.1896
1549565901315,1009.1896
1549565901352,1009.1896
1549565901391,1009.16693
1549565901430,1009.16693
1549565901467,1009.16693
1549565901506,1009.16693
1549565901547,1009.14636
1549565901582,1009.14636
1549565901622,1009.14636
1549565901662,1009.14636
1549565901700,1009.14526
1549565901738,1009.14526
1549565901780,1009.14526
1549565901812,1009.1287
1549565901851,1009.1287
1549565901891,1009.1287
1549565901930,1009.1287
1549565901967,1009.11676
1549565902006,1009.11676
1549565902048,1009.11676
1549565902081,1009.11676
1549565902121,1009.105
1549565902158,1009.105
1549565902198,1009.105
1549565902237,1009.0927
1549565902275,1009.1004
1549565902314,1009.1004
1549565902351,1009.1004
1549565902391,1009.08704
1549565902430,1009.08704
1549565902470,1009.08704
1549565902509,1009.08704
1549565902545,1009.08795
1549565902585,1009.08795
1549565902620,1009.08795
1549565902658,1009.08795
1549565902699,1009.0886
1549565902736,1009.0886
1549565902779,1009.0886
1549565902816,1009.0863
1549565902852,1009.0863
1549565902890,1009.0863
1549565902929,1009.0863
1549565902967,1009.08527
1549565903007,1009.08527
1549565903044,1009.08527
1549565903084,1009.08527
1549565903121,1009.08966
1549565903160,1009.08966
1549565903203,1009.08966
1549565903242,1009.08966
1549565903275,1009.08685
1549565903313,1009.08685
1549565903354,1009.08685
1549565903391,1009.08575
1549565903431,1009.08575
1549565903467,1009.08575
1549565903511,1009.08575
1549565903543,1009.08716
1549565903590,1009.08716
1549565903621,1009.08716
1549565903661,1009.08716
1549565903698,1009.0866
1549565903737,1009.0866
1549565903776,1009.0866
1549565903818,1009.08026
1549565903854,1009.08026
1549565903893,1009.08026
1549565903930,1009.08026
1549565903968,1009.07587
1549565904009,1009.07587
1549565904045,1009.07587
1549565904082,1009.07587
1549565904120,1009.0771
1549565904160,1009.0771
1549565904200,1009.0771
1549565904236,1009.0771
1549565904287,1009.0727
1549565904314,1009.0727
1549565904351,1009.0727
1549565904390,1009.0704
1549565904430,1009.0704
1549565904468,1009.0704
1549565904509,1009.0704
1549565904544,1009.0767
1549565904591,1009.0767
1549565904620,1009.0767
1549565904660,1009.0767
1549565904698,1009.07263
1549565904736,1009.07263
1549565904778,1009.07263
1549565904811,1009.07263
1549565904852,1009.06647
1549565904892,1009.06647
1549565904930,1009.06647
1549565904967,1009.07294
1549565905007,1009.07294
1549565905043,1009.07294
1549565905081,1009.07294
1549565905121,1009.07434
1549565905158,1009.07434
1549565905197,1009.07434
1549565905238,1009.07434
1549565905277,1009.0717
1549565905316,1009.0717
1549565905352,1009.0717
1549565905391,1009.0717
1549565905428,1009.07837
1549565905466,1009.07837
1549565905508,1009.07837
1549565905542,1009.0798
1549565905581,1009.0798
1549565905624,1009.0798
1549565905660,1009.0798
1549565905697,1009.10925
1549565905737,1009.10925
1549565905775,1009.10925
1549565905813,1009.10925
1549565905861,1009.10693
1549565905889,1009.10693
1549565905928,1009.10693
1549565905965,1009.11005
1549565906008,1009.11005
1549565906042,1009.11005
1549565906088,1009.11005
1549565906122,1009.0881
1549565906163,1009.0881
1549565906200,1009.0881
1549565906237,1009.0881
1549565906275,1009.1473
1549565906314,1009.1473
1549565906353,1009.1473
1549565906390,1009.1473
1549565906429,1009.0992
1549565906466,1009.0992
1549565906505,1009.0992
1549565906542,1009.1127
1549565906587,1009.1127
1549565906620,1009.1127
1549565906658,1009.1127
1549565906696,1009.09296
1549565906736,1009.09296
1549565906775,1009.09296
1549565906813,1009.09296
1549565906851,1009.06793
1549565906890,1009.06793
1549565906926,1009.06793
1549565906965,1009.06793
