1549565406206,1010.2672
1549565406206,1010.2672
1549565406240,1010.2723
1549565406278,1010.2723
1549565406321,1010.2723
1549565406358,1010.2705
1549565406394,1010.2705
1549565406434,1010.2705
1549565406472,1010.2705
1549565406510,1010.25946
1549565406551,1010.25946
1549565406589,1010.25946
1549565406631,1010.25946
1549565406668,1010.28577
1549565406706,1010.28577
1549565406744,1010.28577
1549565406779,1010.28577
1549565406819,1010.30505
1549565406860,1010.30505
1549565406897,1010.30505
1549565406937,1010.3417
1549565406972,1010.3417
1549565407014,1010.3417
1549565407050,1010.3417
1549565407089,1010.3575
1549565407128,1010.3575
1549565407167,1010.3575
1549565407206,1010.3575
1549565407242,1010.27106
1549565407279,1010.27106
1549565407319,1010.27106
1549565407378,1010.27106
1549565407402,1010.2675
1549565407449,1010.2675
1549565407470,1010.2675
1549565407509,1010.2971
1549565407548,1010.2971
1549565407586,1010.2971
1549565407627,1010.2971
1549565407666,1010.3234
1549565407704,1010.3234
1549565407741,1010.3234
1549565407784,1010.3234
1549565407820,1010.3199
1549565407856,1010.3199
1549565407896,1010.3199
1549565407932,1010.32465
1549565407972,1010.32465
1549565408009,1010.32465
1549565408048,1010.32465
1549565408088,1010.3314
1549565408125,1010.3314
1549565408166,1010.3314
1549565408203,1010.3314
1549565408240,1010.354
1549565408279,1010.354
1549565408321,1010.354
1549565408355,1010.354
1549565408394,1010.3558
1549565408432,1010.3558
1549565408474,1010.3558
1549565408511,1010.3833
1549565408548,1010.3833
1549565408588,1010.3833
1549565408625,1010.3833
1549565408666,1010.476
1549565408702,1010.476
1549565408740,1010.476
1549565408779,1010.476
1549565408820,1010.39484
1549565408856,1010.39484
1549565408894,1010.39484
1549565408934,1010.3791
1549565408972,1010.3791
1549565409010,1010.3791
1549565409048,1010.3791
1549565409087,1010.4292
1549565409127,1010.4292
1549565409164,1010.4292
1549565409202,1010.4292
1549565409242,1010.30817
1549565409279,1010.30817
1549565409319,1010.30817
1549565409356,1010.30817
1549565409426,1010.443
1549565409434,1010.443
1549565409489,1010.443
1549565409509,1010.69476
1549565409548,1010.69476
1549565409589,1010.69476
1549565409629,1010.69476
1549565409663,1010.87885
1549565409703,1010.87885
1549565409745,1010.87885
1549565409780,1010.87885
1549565409818,1010.7536
1549565409856,1010.7536
1549565409893,1010.7536
1549565409932,1010.7536
1549565409971,1010.2797
1549565410009,1010.2797
1549565410048,1010.2797
1549565410089,1010.3391
1549565410128,1010.3391
1549565410168,1010.3391
1549565410202,1010.3391
1549565410243,1010.28595
1549565410282,1010.28595
1549565410319,1010.28595
1549565410361,1010.28595
1549565410394,1010.53094
1549565410434,1010.53094
1549565410471,1010.53094
1549565410514,1010.4953
1549565410548,1010.4953
1549565410588,1010.4953
1549565410624,1010.4953
1549565410665,1010.23584
1549565410702,1010.23584
1549565410741,1010.23584
1549565410778,1010.23584
1549565410825,1010.4969
1549565410860,1010.4969
1549565410895,1010.4969
1549565410932,1010.4969
1549565410972,1010.48914
1549565411009,1010.48914
1549565411049,1010.48914
1549565411088,1010.78314
1549565411126,1010.78314
1549565411164,1010.78314
1549565411206,1010.78314
1549565411240,1010.2289
1549565411279,1010.2289
1549565411320,1010.2289
1549565411356,1010.2289
1549565411421,1010.07214
1549565411436,1010.07214
1549565411474,1010.07214
1549565411531,1010.07214
1549565411549,1010.1275
1549565411589,1010.1275
1549565411624,1010.1275
1549565411665,1010.20764
1549565411703,1010.20764
1549565411741,1010.20764
1549565411778,1010.20764
1549565411818,1010.37946
1549565411857,1010.37946
1549565411893,1010.37946
1549565411932,1010.37946
1549565411976,1010.381
1549565412009,1010.381
1549565412047,1010.381
1549565412086,1010.2928
1549565412126,1010.2928
1549565412163,1010.2928
1549565412202,1010.2928
1549565412242,1010.50995
1549565412280,1010.50995
1549565412318,1010.50995
1549565412355,1010.50995
1549565412396,1010.6497
1549565412435,1010.6497
1549565412470,1010.6497
1549565412510,1010.6497
1549565412551,1010.7735
1549565412590,1010.7735
1549565412627,1010.7735
1549565412663,1010.18066
1549565412703,1010.18066
1549565412745,1010.18066
1549565412778,1010.18066
1549565412819,1010.1028
1549565412857,1010.1028
1549565412895,1010.1028
1549565412933,1010.1028
1549565412971,1010.1757
1549565413010,1010.1757
1549565413048,1010.1757
1549565413091,1010.1757
1549565413127,1010.36273
1549565413168,1010.36273
1549565413203,1010.36273
1549565413241,1010.55835
1549565413279,1010.55835
1549565413317,1010.55835
1549565413356,1010.55835
1549565413393,1010.1649
1549565413431,1010.1649
1549565413476,1010.1649
1549565413509,1010.1649
1549565413546,1010.3856
1549565413586,1010.3856
1549565413625,1010.3856
1549565413663,1010.5627
1549565413701,1010.5627
1549565413741,1010.5627
1549565413777,1010.5627
1549565413818,1010.70746
1549565413854,1010.70746
1549565413892,1010.70746
1549565413931,1010.70746
1549565413971,1010.61786
1549565414009,1010.61786
1549565414053,1010.61786
1549565414088,1010.61786
1549565414127,1010.27893
1549565414163,1010.27893
1549565414205,1010.27893
1549565414239,1010.31555
1549565414281,1010.31555
1549565414320,1010.31555
1549565414358,1010.31555
1549565414394,1010.19934
1549565414434,1010.19934
1549565414469,1010.19934
1549565414511,1010.19934
1549565414551,1010.29553
1549565414591,1010.29553
1549565414624,1010.29553
1549565414668,1010.29553
1549565414702,1010.4721
1549565414742,1010.4721
1549565414780,1010.4721
1549565414819,1010.1142
1549565414855,1010.1142
1549565414893,1010.1142
1549565414932,1010.1142
1549565414971,1010.39825
1549565415010,1010.39825
1549565415049,1010.39825
1549565415091,1010.39825
1549565415128,1010.60284
1549565415164,1010.60284
1549565415202,1010.60284
1549565415241,1010.65344
1549565415277,1010.65344
1549565415318,1010.65344
1549565415354,1010.65344
1549565415393,1010.6582
1549565415437,1010.6582
1549565415471,1010.6582
1549565415511,1010.6582
1549565415549,1010.28455
1549565415587,1010.28455
1549565415627,1010.28455
1549565415666,1010.28455
1549565415703,1010.2227
1549565415741,1010.2227
1549565415777,1010.2227
1549565415819,1010.2174
1549565415857,1010.2174
1549565415894,1010.2174
1549565415931,1010.2174
1549565415970,1010.31036
1549565416010,1010.31036
1549565416048,1010.31036
1549565416090,1010.31036
1549565416124,1010.4556
1549565416165,1010.4556
1549565416205,1010.4556
1549565416240,1010.4556
1549565416278,1010.3189
1549565416315,1010.3189
1549565416364,1010.3189
1549565416392,1010.403
1549565416431,1010.403
1549565416473,1010.403
1549565416509,1010.403
1549565416548,1010.55676
1549565416586,1010.55676
1549565416625,1010.55676
1549565416668,1010.55676
1549565416702,1010.63196
1549565416741,1010.63196
1549565416777,1010.63196
1549565416820,1010.8563
1549565416858,1010.8563
1549565416892,1010.8563
1549565416932,1010.8563
1549565416970,1010.4456
1549565417008,1010.4456
1549565417047,1010.4456
1549565417086,1010.4456
1549565417127,1010.1932
1549565417166,1010.1932
1549565417204,1010.1932
1549565417240,1010.1932
1549565417278,1010.258
1549565417317,1010.258
1549565417359,1010.258
1549565417394,1010.22455
1549565417441,1010.22455
1549565417470,1010.22455
1549565417510,1010.22455
1549565417548,1010.4156
1549565417585,1010.4156
1549565417624,1010.4156
1549565417662,1010.4156
1549565417701,1010.49097
1549565417742,1010.49097
1549565417781,1010.49097
1549565417817,1010.49097
1549565417855,1010.2789
1549565417893,1010.2789
1549565417933,1010.2789
1549565417969,1010.45435
1549565418010,1010.45435
1549565418047,1010.45435
1549565418089,1010.45435
1549565418126,1010.4561
1549565418166,1010.4561
1549565418207,1010.4561
1549565418240,1010.4561
1549565418281,1010.70856
1549565418316,1010.70856
1549565418354,1010.70856
1549565418393,1010.5876
1549565418433,1010.5876
1549565418472,1010.5876
1549565418510,1010.5876
1549565418549,1010.1616
1549565418585,1010.1616
1549565418624,1010.1616
1549565418663,1010.1616
1549565418704,1010.1651
1549565418739,1010.1651
1549565418777,1010.1651
1549565418817,1010.1651
1549565418855,1010.10724
1549565418894,1010.10724
1549565418941,1010.10724
1549565418969,1010.1376
1549565419007,1010.1376
1549565419048,1010.1376
1549565419087,1010.1376
1549565419124,1010.31464
1549565419164,1010.31464
1549565419202,1010.31464
1549565419239,1010.31464
1549565419278,1010.3637
1549565419318,1010.3637
1549565419355,1010.3637
1549565419392,1010.3637
1549565419431,1010.3532
1549565419470,1010.3532
1549565419508,1010.3532
1549565419548,1010.54974
1549565419587,1010.54974
1549565419624,1010.54974
1549565419666,1010.54974
1549565419701,1010.6257
1549565419741,1010.6257
1549565419810,1010.6257
1549565419816,1010.6257
1549565419856,1010.8711
1549565419895,1010.8711
1549565419931,1010.8711
1549565419970,1010.55206
1549565420010,1010.55206
1549565420050,1010.55206
1549565420087,1010.55206
1549565420123,1010.1822
1549565420165,1010.1822
1549565420202,1010.1822
1549565420240,1010.1822
1549565420278,1010.24176
1549565420317,1010.24176
1549565420365,1010.24176
1549565420393,1010.24176
1549565420431,1010.17535
1549565420469,1010.17535
1549565420509,1010.17535
1549565420547,1010.22797
1549565420595,1010.22797
1549565420623,1010.22797
1549565420664,1010.22797
1549565420701,1010.3436
1549565420738,1010.3436
1549565420778,1010.3436
1549565420822,1010.3436
1549565420858,1010.41376
1549565420894,1010.41376
1549565420931,1010.41376
1549565420969,1010.41376
1549565421012,1010.22095
1549565421049,1010.22095
1549565421088,1010.22095
1549565421124,1010.44586
1549565421163,1010.44586
1549565421200,1010.44586
1549565421245,1010.44586
1549565421279,1010.4646
1549565421318,1010.4646
1549565421357,1010.4646
1549565421392,1010.4646
1549565421438,1010.63464
1549565421470,1010.63464
1549565421506,1010.63464
1549565421546,1010.56805
1549565421585,1010.56805
1549565421622,1010.56805
1549565421662,1010.56805
1549565421699,1010.2104
1549565421740,1010.2104
1549565421782,1010.2104
1549565421817,1010.2104
1549565421854,1010.1829
1549565421893,1010.1829
1549565421930,1010.1829
1549565421970,1010.1829
1549565422011,1010.20917
1549565422047,1010.20917
1549565422087,1010.20917
1549565422134,1010.27075
1549565422161,1010.27075
1549565422201,1010.27075
1549565422237,1010.27075
1549565422278,1010.23395
1549565422317,1010.23395
1549565422352,1010.23395
1549565422391,1010.23395
1549565422431,1010.273
1549565422471,1010.273
1549565422509,1010.273
1549565422545,1010.273
1549565422584,1010.4924
1549565422624,1010.4924
1549565422662,1010.4924
1549565422702,1010.4819
1549565422738,1010.4819
1549565422778,1010.4819
1549565422820,1010.4819
1549565422861,1010.4994
1549565422890,1010.4994
1549565422930,1010.4994
1549565422968,1010.4994
1549565423010,1010.2224
1549565423045,1010.2224
1549565423089,1010.2224
1549565423126,1010.25275
1549565423165,1010.25275
1549565423198,1010.25275
1549565423237,1010.25275
1549565423276,1010.27673
1549565423317,1010.27673
1549565423354,1010.27673
1549565423392,1010.27673
1549565423432,1010.279
1549565423473,1010.279
1549565423508,1010.279
1549565423544,1010.279
1549565423584,1010.3283
1549565423624,1010.3283
1549565423661,1010.3283
1549565423701,1010.41595
1549565423740,1010.41595
1549565423776,1010.41595
1549565423815,1010.41595
1549565423855,1010.4177
1549565423893,1010.4177
1549565423934,1010.4177
1549565423974,1010.4177
1549565424008,1010.5983
1549565424052,1010.5983
1549565424083,1010.5983
1549565424124,1010.4826
1549565424162,1010.4826
1549565424199,1010.4826
1549565424244,1010.4826
1549565424281,1010.47034
1549565424314,1010.47034
1549565424352,1010.47034
1549565424391,1010.47034
1549565424431,1010.3411
1549565424468,1010.3411
1549565424506,1010.3411
1549565424544,1010.3411
1549565424584,1010.1413
1549565424621,1010.1413
1549565424660,1010.1413
1549565424700,1010.32306
1549565424737,1010.32306
1549565424777,1010.32306
1549565424818,1010.32306
1549565424853,1010.4458
1549565424896,1010.4458
1549565424930,1010.4458
1549565424970,1010.4458
1549565425008,1010.4235
1549565425048,1010.4235
1549565425084,1010.4235
1549565425122,1010.4235
1549565425161,1010.4007
1549565425200,1010.4007
1549565425240,1010.4007
1549565425282,1010.39374
1549565425317,1010.39374
1549565425354,1010.39374
1549565425389,1010.39374
1549565425430,1010.0869
1549565425472,1010.0869
1549565425508,1010.0869
1549565425553,1010.0869
1549565425587,1010.3832
1549565425626,1010.3832
1549565425660,1010.3832
1549565425699,1010.47437
1549565425738,1010.47437
1549565425778,1010.47437
1549565425816,1010.47437
1549565425871,1010.6374
1549565425897,1010.6374
1549565425930,1010.6374
1549565425971,1010.6374
1549565426008,1010.6181
1549565426046,1010.6181
1549565426086,1010.6181
1549565426122,1010.6181
1549565426160,1010.1798
1549565426199,1010.1798
1549565426239,1010.1798
1549565426276,1010.0887
1549565426318,1010.0887
1549565426359,1010.0887
1549565426394,1010.0887
1549565426429,1010.1623
1549565426468,1010.1623
1549565426508,1010.1623
1549565426548,1010.1623
1549565426582,1010.16754
1549565426621,1010.16754
1549565426662,1010.16754
1549565426701,1010.16754
1549565426738,1010.36237
1549565426775,1010.36237
1549565426815,1010.36237
1549565426855,1010.4413
1549565426891,1010.4413
1549565426929,1010.4413
1549565426969,1010.4413
1549565427008,1010.2517
1549565427045,1010.2517
1549565427085,1010.2517
1549565427123,1010.2517
1549565427162,1010.52893
1549565427200,1010.52893
1549565427239,1010.52893
1549565427276,1010.6076
1549565427322,1010.6076
1549565427359,1010.6076
1549565427394,1010.6076
1549565427428,1010.9091
1549565427467,1010.9091
1549565427506,1010.9091
1549565427545,1010.9091
1549565427584,1010.3902
1549565427622,1010.3902
1549565427661,1010.3902
1549565427699,1010.3902
1549565427742,1010.0326
1549565427777,1010.0326
1549565427816,1010.0326
1549565427857,1010.19037
1549565427889,1010.19037
1549565427931,1010.19037
1549565427967,1010.19037
1549565428015,1010.20807
1549565428044,1010.20807
1549565428084,1010.20807
1549565428126,1010.20807
1549565428161,1010.3992
1549565428198,1010.3992
1549565428236,1010.3992
1549565428275,1010.3992
1549565428312,1010.5557
1549565428356,1010.5557
1549565428392,1010.5557
1549565428431,1010.1983
1549565428469,1010.1983
1549565428511,1010.1983
1549565428544,1010.1983
1549565428582,1010.49286
1549565428621,1010.49286
1549565428661,1010.49286
1549565428699,1010.49286
1549565428742,1010.58575
1549565428774,1010.58575
1549565428818,1010.58575
1549565428850,1010.7055
1549565428892,1010.7055
1549565428928,1010.7055
1549565428968,1010.7055
1549565429004,1010.3954
1549565429046,1010.3954
1549565429084,1010.3954
1549565429122,1010.3954
1549565429160,1010.0009
1549565429201,1010.0009
1549565429237,1010.0009
1549565429275,1010.0009
1549565429317,1010.0991
1549565429352,1010.0991
1549565429392,1010.0991
1549565429428,1010.0625
1549565429467,1010.0625
1549565429506,1010.0625
1549565429545,1010.0625
1549565429586,1010.2624
1549565429624,1010.2624
1549565429660,1010.2624
1549565429699,1010.2624
1549565429740,1010.50256
1549565429774,1010.50256
1549565429812,1010.50256
1549565429856,1010.50256
1549565429891,1010.17975
1549565429928,1010.17975
1549565429970,1010.17975
1549565430007,1010.4342
1549565430054,1010.4342
1549565430083,1010.4342
1549565430121,1010.4342
1549565430161,1010.5341
1549565430204,1010.5341
1549565430239,1010.5341
1549565430279,1010.5341
1549565430312,1010.6639
1549565430352,1010.6639
1549565430392,1010.6639
1549565430428,1010.6919
1549565430468,1010.6919
1549565430509,1010.6919
1549565430548,1010.6919
1549565430585,1010.1905
1549565430620,1010.1905
1549565430661,1010.1905
1549565430698,1010.1905
1549565430740,1010.1642
1549565430777,1010.1642
1549565430814,1010.1642
1549565430853,1010.1642
1549565430890,1010.10986
1549565430928,1010.10986
1549565430969,1010.10986
1549565431007,1010.1782
1549565431044,1010.1782
1549565431083,1010.1782
1549565431119,1010.1782
1549565431169,1010.4447
1549565431197,1010.4447
1549565431239,1010.4447
1549565431274,1010.4447
1549565431316,1010.35175
1549565431353,1010.35175
1549565431393,1010.35175
1549565431428,1010.35175
1549565431467,1010.4534
1549565431507,1010.4534
1549565431543,1010.4534
1549565431582,1010.66187
1549565431622,1010.66187
1549565431659,1010.66187
1549565431699,1010.66187
1549565431742,1010.74426
1549565431780,1010.74426
1549565431814,1010.74426
1549565431854,1010.74426
1549565431892,1010.89655
1549565431927,1010.89655
1549565431974,1010.89655
1549565432004,1010.30927
1549565432045,1010.30927
1549565432082,1010.30927
1549565432121,1010.30927
1549565432158,1010.1497
1549565432199,1010.1497
1549565432236,1010.1497
1549565432277,1010.1497
1549565432316,1010.1983
1549565432351,1010.1983
1549565432396,1010.1983
1549565432430,1010.1983
1549565432467,1010.2559
1549565432504,1010.2559
1549565432545,1010.2559
1549565432580,1010.4909
1549565432621,1010.4909
1549565432660,1010.4909
1549565432698,1010.4909
1549565432737,1010.3576
1549565432776,1010.3576
1549565432812,1010.3576
1549565432852,1010.3576
1549565432891,1010.3869
1549565432928,1010.3869
1549565432965,1010.3869
1549565433006,1010.3869
1549565433046,1010.64984
1549565433088,1010.64984
1549565433121,1010.64984
1549565433159,1010.7726
1549565433197,1010.7726
1549565433235,1010.7726
1549565433274,1010.7726
1549565433314,1010.7691
1549565433352,1010.7691
1549565433393,1010.7691
1549565433428,1010.7691
1549565433467,1010.2589
1549565433509,1010.2589
1549565433547,1010.2589
1549565433583,1010.13776
1549565433619,1010.13776
1549565433659,1010.13776
1549565433699,1010.13776
1549565433737,1010.1395
1549565433773,1010.1395
1549565433813,1010.1395
1549565433852,1010.1395
1549565433909,1010.21136
1549565433926,1010.21136
1549565433967,1010.21136
1549565434004,1010.21136
1549565434047,1010.47437
1549565434083,1010.47437
1549565434121,1010.47437
1549565434160,1010.22565
1549565434197,1010.22565
1549565434238,1010.22565
1549565434274,1010.22565
1549565434316,1010.3694
1549565434351,1010.3694
1549565434394,1010.3694
1549565434429,1010.3694
1549565434468,1010.5973
1549565434507,1010.5973
1549565434545,1010.5973
1549565434596,1010.5973
1549565434618,1010.70404
1549565434657,1010.70404
1549565434701,1010.70404
1549565434735,1010.69
1549565434775,1010.69
1549565434812,1010.69
1549565434853,1010.69
1549565434905,1010.1695
1549565434926,1010.1695
1549565434968,1010.1695
1549565435005,1010.1695
1549565435044,1010.13446
1549565435082,1010.13446
1549565435124,1010.13446
1549565435159,1010.1783
1549565435200,1010.1783
1549565435236,1010.1783
1549565435277,1010.1783
1549565435312,1010.24493
1549565435353,1010.24493
1549565435390,1010.24493
1549565435426,1010.24493
1549565435466,1010.4551
1549565435503,1010.4551
1549565435543,1010.4551
1549565435581,1010.4551
1549565435620,1010.1518
1549565435666,1010.1518
1549565435700,1010.1518
1549565435734,1010.3569
1549565435774,1010.3569
1549565435810,1010.3569
1549565435850,1010.3569
1549565435887,1010.55853
1549565435928,1010.55853
1549565435967,1010.55853
1549565436005,1010.55853
1549565436046,1010.7233
1549565436081,1010.7233
1549565436142,1010.7233
1549565436157,1010.5317
1549565436194,1010.5317
1549565436241,1010.5317
1549565436272,1010.5317
1549565436315,1010.2722
1549565436367,1010.2722
1549565436388,1010.2722
1549565436425,1010.2722
1549565436463,1010.2815
1549565436504,1010.2815
1549565436540,1010.2815
1549565436580,1010.2815
1549565436618,1010.1816
1549565436656,1010.1816
1549565436696,1010.1816
1549565436734,1010.3809
1549565436775,1010.3809
1549565436814,1010.3809
1549565436849,1010.3809
1549565436890,1010.55676
1549565436925,1010.55676
1549565436965,1010.55676
1549565437004,1010.55676
1549565437041,1010.2254
1549565437080,1010.2254
1549565437118,1010.2254
1549565437158,1010.2254
1549565437197,1010.3692
1549565437234,1010.3692
1549565437273,1010.3692
1549565437312,1010.51996
1549565437352,1010.51996
1549565437388,1010.51996
1549565437425,1010.51996
1549565437466,1010.5903
1549565437503,1010.5903
1549565437542,1010.5903
1549565437580,1010.5903
1549565437620,1010.6399
1549565437656,1010.6399
1549565437696,1010.6399
1549565437737,1010.20337
1549565437772,1010.20337
1549565437812,1010.20337
1549565437850,1010.20337
1549565437890,1010.08417
1549565437927,1010.08417
1549565437965,1010.08417
1549565438006,1010.08417
1549565438040,1010.14923
1549565438082,1010.14923
1549565438151,1010.14923
1549565438164,1010.14923
1549565438197,1010.19885
1549565438236,1010.19885
1549565438273,1010.19885
1549565438312,1010.4094
1549565438350,1010.4094
1549565438387,1010.4094
1549565438427,1010.4094
1549565438464,1010.4086
1549565438505,1010.4086
1549565438543,1010.4086
1549565438590,1010.4086
1549565438618,1010.2621
1549565438657,1010.2621
1549565438698,1010.2621
1549565438736,1010.2621
1549565438776,1010.5275
1549565438811,1010.5275
1549565438851,1010.5275
1549565438890,1010.5406
1549565438930,1010.5406
1549565438966,1010.5406
1549565439006,1010.5406
1549565439042,1010.7855
1549565439081,1010.7855
1549565439118,1010.7855
1549565439158,1010.7855
1549565439198,1010.3532
1549565439241,1010.3532
1549565439274,1010.3532
1549565439311,1010.0649
1549565439350,1010.0649
1549565439390,1010.0649
1549565439433,1010.0649
1549565439465,1010.1585
1549565439504,1010.1585
1549565439540,1010.1585
1549565439578,1010.1585
1549565439618,1010.1372
1549565439657,1010.1372
1549565439696,1010.1372
1549565439735,1010.1372
1549565439777,1010.18054
1549565439815,1010.18054
1549565439848,1010.18054
1549565439890,1010.4152
1549565439932,1010.4152
1549565439965,1010.4152
1549565440003,1010.4152
1549565440045,1010.33234
1549565440081,1010.33234
1549565440118,1010.33234
1549565440162,1010.33234
1549565440198,1010.51764
1549565440233,1010.51764
1549565440272,1010.51764
1549565440313,1010.51764
1549565440350,1010.4069
1549565440389,1010.4069
1549565440426,1010.4069
1549565440465,1010.52765
1549565440509,1010.52765
1549565440542,1010.52765
1549565440580,1010.52765
1549565440618,1010.19385
1549565440658,1010.19385
1549565440697,1010.19385
1549565440733,1010.19385
1549565440775,1010.1042
1549565440813,1010.1042
1549565440849,1010.1042
1549565440887,1010.1056
1549565440930,1010.1056
1549565440964,1010.1056
1549565441008,1010.1056
1549565441042,1010.1579
1549565441082,1010.1579
1549565441121,1010.1579
1549565441157,1010.1579
1549565441195,1010.2734
1549565441232,1010.2734
1549565441270,1010.2734
1549565441310,1010.2734
1549565441349,1010.2065
1549565441388,1010.2065
1549565441428,1010.2065
1549565441466,1010.4101
1549565441504,1010.4101
1549565441541,1010.4101
1549565441580,1010.4101
1549565441619,1010.5398
1549565441657,1010.5398
1549565441699,1010.5398
1549565441734,1010.5398
1549565441771,1010.69965
1549565441811,1010.69965
1549565441848,1010.69965
1549565441889,1010.69965
1549565441932,1010.36633
1549565441965,1010.36633
1549565442005,1010.36633
1549565442044,1010.10547
1549565442082,1010.10547
1549565442119,1010.10547
1549565442163,1010.10547
1549565442195,1010.2159
1549565442233,1010.2159
1549565442272,1010.2159
1549565442312,1010.2159
1549565442351,1010.11786
1549565442392,1010.11786
1549565442427,1010.11786
1549565442466,1010.18097
1549565442504,1010.18097
1549565442543,1010.18097
1549565442584,1010.18097
1549565442620,1010.3603
1549565442660,1010.3603
1549565442695,1010.3603
1549565442733,1010.3603
1549565442772,1010.27985
1549565442809,1010.27985
1549565442850,1010.27985
1549565442888,1010.27985
1549565442926,1010.47266
1549565442965,1010.47266
1549565443004,1010.47266
1549565443042,1010.63776
1549565443082,1010.63776
1549565443119,1010.63776
1549565443156,1010.63776
1549565443197,1010.6066
1549565443231,1010.6066
1549565443274,1010.6066
1549565443309,1010.6066
1549565443352,1010.49554
1549565443391,1010.49554
1549565443430,1010.49554
1549565443465,1010.49554
1549565443502,1010.35016
1549565443540,1010.35016
1549565443579,1010.35016
1549565443618,1010.4471
1549565443657,1010.4471
1549565443696,1010.4471
1549565443734,1010.4471
1549565443774,1010.41595
1549565443813,1010.41595
1549565443850,1010.41595
1549565443889,1010.41595
1549565443930,1010.41583
1549565443964,1010.41583
1549565444005,1010.41583
1549565444051,1010.4389
1549565444080,1010.4389
1549565444118,1010.4389
1549565444156,1010.4389
1549565444196,1010.29144
1549565444235,1010.29144
1549565444277,1010.29144
1549565444311,1010.29144
1549565444349,1010.27057
1549565444391,1010.27057
1549565444429,1010.27057
1549565444462,1010.27057
1549565444502,1010.4886
1549565444540,1010.4886
1549565444585,1010.4886
1549565444619,1010.6622
1549565444659,1010.6622
1549565444698,1010.6622
1549565444734,1010.6622
1549565444770,1010.72345
1549565444809,1010.72345
1549565444847,1010.72345
1549565444890,1010.72345
1549565444926,1010.29584
1549565444965,1010.29584
1549565445002,1010.29584
1549565445047,1010.29584
1549565445081,1010.1436
1549565445118,1010.1436
1549565445158,1010.1436
1549565445194,1010.23505
1549565445233,1010.23505
1549565445272,1010.23505
1549565445312,1010.23505
1549565445352,1010.27234
1549565445387,1010.27234
1549565445429,1010.27234
1549565445464,1010.27234
1549565445506,1010.4512
1549565445540,1010.4512
1549565445578,1010.4512
1549565445618,1010.4867
1549565445657,1010.4867
1549565445696,1010.4867
1549565445732,1010.4867
1549565445772,1010.3079
1549565445810,1010.3079
1549565445849,1010.3079
1549565445889,1010.3079
1549565445930,1010.55475
1549565445964,1010.55475
1549565446002,1010.55475
1549565446041,1010.55475
1549565446079,1010.6114
1549565446121,1010.6114
1549565446155,1010.6114
1549565446199,1010.82245
1549565446232,1010.82245
1549565446270,1010.82245
1549565446318,1010.82245
1549565446350,1010.30646
1549565446388,1010.30646
1549565446427,1010.30646
1549565446462,1010.30646
1549565446502,1009.9857
1549565446539,1009.9857
1549565446580,1009.9857
1549565446618,1009.9857
1549565446656,1010.12476
1549565446694,1010.12476
1549565446737,1010.12476
1549565446772,1010.10406
1549565446813,1010.10406
1549565446848,1010.10406
1549565446888,1010.10406
1549565446927,1010.31665
1549565446964,1010.31665
1549565447000,1010.31665
1549565447044,1010.31665
1549565447079,1010.4798
1549565447119,1010.4798
1549565447160,1010.4798
1549565447194,1010.2304
1549565447234,1010.2304
1549565447272,1010.2304
1549565447309,1010.2304
1549565447347,1010.53253
1549565447395,1010.53253
1549565447425,1010.53253
1549565447463,1010.53253
1549565447502,1010.64874
1549565447542,1010.64874
1549565447586,1010.64874
1549565447615,1010.64874
1549565447656,1010.86786
1549565447698,1010.86786
1549565447732,1010.86786
1549565447776,1010.278
1549565447811,1010.278
1549565447848,1010.278
1549565447899,1010.278
1549565447924,1010.05884
1549565447962,1010.05884
1549565448006,1010.05884
1549565448040,1010.05884
1549565448077,1010.1129
1549565448129,1010.1129
1549565448157,1010.1129
1549565448195,1010.1129
1549565448231,1010.17596
1549565448270,1010.17596
1549565448308,1010.17596
1549565448349,1010.5255
1549565448390,1010.5255
1549565448423,1010.5255
1549565448465,1010.5255
1549565448502,1010.56683
1549565448541,1010.56683
1549565448577,1010.56683
1549565448617,1010.56683
1549565448655,1010.46643
1549565448695,1010.46643
1549565448734,1010.46643
1549565448772,1010.599
1549565448810,1010.599
1549565448851,1010.599
1549565448891,1010.599
1549565448927,1010.7266
1549565448961,1010.7266
1549565449005,1010.7266
1549565449038,1010.7266
1549565449084,1010.8176
1549565449116,1010.8176
1549565449155,1010.8176
1549565449197,1010.8176
1549565449232,1010.2836
1549565449272,1010.2836
1549565449311,1010.2836
1549565449348,1009.9849
1549565449388,1009.9849
1549565449428,1009.9849
1549565449462,1009.9849
1549565449503,1010.0999
1549565449540,1010.0999
1549565449576,1010.0999
1549565449615,1010.0999
1549565449655,1010.21173
1549565449694,1010.21173
1549565449733,1010.21173
1549565449776,1010.21173
1549565449808,1010.4971
1549565449849,1010.4971
1549565449885,1010.4971
1549565449926,1010.74585
1549565449962,1010.74585
1549565450006,1010.74585
1549565450041,1010.74585
1549565450080,1010.3816
1549565450118,1010.3816
1549565450156,1010.3816
1549565450192,1010.3816
1549565450232,1010.47943
1549565450270,1010.47943
1549565450308,1010.47943
1549565450348,1010.5411
1549565450385,1010.5411
1549565450425,1010.5411
1549565450462,1010.5411
1549565450500,1010.8174
1549565450540,1010.8174
1549565450577,1010.8174
1549565450616,1010.8174
1549565450655,1010.6829
1549565450696,1010.6829
1549565450736,1010.6829
1549565450770,1010.6829
1549565450811,1010.25354
1549565450849,1010.25354
1549565450887,1010.25354
1549565450924,1010.18774
1549565450964,1010.18774
1549565451000,1010.18774
1549565451037,1010.18774
1549565451077,1010.1275
1549565451119,1010.1275
1549565451155,1010.1275
1549565451194,1010.1275
1549565451232,1010.33844
1549565451270,1010.33844
1549565451311,1010.33844
1549565451347,1010.33844
1549565451385,1010.59247
1549565451432,1010.59247
1549565451462,1010.59247
1549565451500,1010.3388
1549565451540,1010.3388
1549565451578,1010.3388
1549565451622,1010.3388
1549565451657,1010.4888
1549565451704,1010.4888
1549565451732,1010.4888
1549565451770,1010.4888
1549565451808,1010.5737
1549565451849,1010.5737
1549565451885,1010.5737
1549565451925,1010.6068
1549565451975,1010.6068
1549565451999,1010.6068
1549565452040,1010.6068
1549565452076,1010.8486
1549565452115,1010.8486
1549565452157,1010.8486
1549565452194,1010.8486
1549565452233,1010.47003
1549565452271,1010.47003
1549565452309,1010.47003
1549565452348,1010.47003
1549565452386,1010.1163
1549565452422,1010.1163
1549565452470,1010.1163
1549565452500,1010.1509
1549565452539,1010.1509
1549565452579,1010.1509
1549565452617,1010.1509
1549565452654,1010.0938
1549565452692,1010.0938
1549565452732,1010.0938
1549565452770,1010.0938
1549565452810,1010.3216
1549565452848,1010.3216
1549565452885,1010.3216
1549565452923,1010.3216
1549565452963,1010.4898
1549565453000,1010.4898
1549565453040,1010.4898
1549565453079,1010.2697
1549565453118,1010.2697
1549565453155,1010.2697
1549565453193,1010.2697
1549565453231,1010.3903
1549565453280,1010.3903
1549565453307,1010.3903
1549565453348,1010.3903
1549565453388,1010.544
1549565453425,1010.544
1549565453476,1010.544
1549565453498,1010.6647
1549565453537,1010.6647
1549565453578,1010.6647
1549565453614,1010.6647
1549565453651,1010.2494
1549565453690,1010.2494
1549565453730,1010.2494
1549565453768,1010.2494
1549565453807,1009.9458
1549565453847,1009.9458
1549565453883,1009.9458
1549565453923,1009.9458
1549565453960,1010.0631
1549565454000,1010.0631
1549565454037,1010.0631
1549565454079,1010.1343
1549565454116,1010.1343
1549565454154,1010.1343
1549565454191,1010.1343
1549565454231,1010.42755
1549565454269,1010.42755
1549565454308,1010.42755
1549565454347,1010.42755
1549565454384,1010.43756
1549565454422,1010.43756
1549565454461,1010.43756
1549565454499,1010.43756
1549565454536,1010.2495
1549565454576,1010.2495
1549565454617,1010.2495
1549565454652,1010.4494
1549565454691,1010.4494
1549565454733,1010.4494
1549565454767,1010.4494
1549565454807,1010.53357
1549565454847,1010.53357
1549565454886,1010.53357
1549565454927,1010.53357
1549565454962,1010.823
1549565455002,1010.823
1549565455037,1010.823
1549565455075,1010.4346
1549565455125,1010.4346
1549565455153,1010.4346
1549565455192,1010.4346
1549565455230,1010.0338
1549565455268,1010.0338
1549565455308,1010.0338
1549565455345,1010.0338
1549565455383,1010.11774
1549565455421,1010.11774
1549565455463,1010.11774
1549565455499,1010.11774
1549565455539,1010.13324
1549565455576,1010.13324
1549565455615,1010.13324
1549565455655,1010.4338
1549565455707,1010.4338
1549565455729,1010.4338
1549565455773,1010.4338
1549565455809,1010.41235
1549565455847,1010.41235
1549565455886,1010.41235
1549565455925,1010.41235
1549565455961,1010.2559
1549565456005,1010.2559
1549565456037,1010.2559
1549565456077,1010.2559
1549565456115,1010.5371
1549565456155,1010.5371
1549565456192,1010.5371
1549565456232,1010.5772
1549565456276,1010.5772
1549565456307,1010.5772
1549565456352,1010.5772
1549565456387,1010.8247
1549565456426,1010.8247
1549565456460,1010.8247
1549565456504,1010.8247
1549565456537,1010.3819
1549565456580,1010.3819
1549565456617,1010.3819
1549565456652,1010.0689
1549565456694,1010.0689
1549565456731,1010.0689
1549565456770,1010.0689
1549565456808,1010.185
1549565456847,1010.185
1549565456884,1010.185
1549565456923,1010.185
1549565456962,1010.1408
1549565457005,1010.1408
1549565457039,1010.1408
1549565457077,1010.1408
1549565457115,1010.3407
1549565457154,1010.3407
1549565457190,1010.3407
1549565457229,1010.56366
1549565457267,1010.56366
1549565457307,1010.56366
1549565457345,1010.56366
1549565457390,1010.14874
1549565457424,1010.14874
1549565457462,1010.14874
1549565457500,1010.14874
1549565457536,1010.3241
1549565457575,1010.3241
1549565457615,1010.3241
1549565457653,1010.3241
1549565457692,1010.5135
1549565457729,1010.5135
1549565457767,1010.5135
1549565457811,1010.717
1549565457843,1010.717
1549565457885,1010.717
1549565457924,1010.717
1549565457963,1010.44604
1549565458000,1010.44604
1549565458039,1010.44604
1549565458075,1010.44604
1549565458115,1010.0446
1549565458156,1010.0446
1549565458191,1010.0446
1549565458233,1010.1514
1549565458270,1010.1514
1549565458305,1010.1514
1549565458344,1010.1514
1549565458382,1010.08966
1549565458422,1010.08966
1549565458460,1010.08966
1549565458500,1010.08966
1549565458538,1010.256
1549565458579,1010.256
1549565458612,1010.256
1549565458652,1010.256
1549565458691,1010.5877
1549565458730,1010.5877
1549565458768,1010.5877
1549565458807,1010.35895
1549565458854,1010.35895
1549565458884,1010.35895
1549565458924,1010.35895
1549565458962,1010.4688
1549565459002,1010.4688
1549565459038,1010.4688
1549565459076,1010.4688
1549565459115,1010.4632
1549565459152,1010.4632
1549565459190,1010.4632
1549565459237,1010.4632
1549565459268,1010.5681
1549565459307,1010.5681
1549565459345,1010.5681
1549565459383,1010.64703
1549565459422,1010.64703
1549565459462,1010.64703
1549565459500,1010.64703
1549565459535,1010.2448
1549565459577,1010.2448
1549565459614,1010.2448
1549565459656,1010.2448
1549565459693,1010.0737
1549565459732,1010.0737
1549565459770,1010.0737
1549565459808,1010.1032
1549565459846,1010.1032
1549565459885,1010.1032
1549565459922,1010.1032
1549565459958,1010.1519
1549565460001,1010.1519
1549565460036,1010.1519
1549565460073,1010.1519
1549565460112,1010.36945
1549565460150,1010.36945
1549565460189,1010.36945
1549565460231,1010.36945
1549565460269,1010.4798
1549565460304,1010.4798
1549565460344,1010.4798
1549565460385,1010.31256
1549565460422,1010.31256
1549565460463,1010.31256
1549565460500,1010.31256
1549565460537,1010.4897
1549565460577,1010.4897
1549565460621,1010.4897
1549565460651,1010.4897
1549565460695,1010.5257
1549565460729,1010.5257
1549565460768,1010.5257
1549565460805,1010.5257
1549565460846,1010.76086
1549565460882,1010.76086
1549565460920,1010.76086
1549565460961,1010.59515
1549565461001,1010.59515
1549565461038,1010.59515
1549565461074,1010.59515
1549565461112,1010.16595
1549565461153,1010.16595
1549565461192,1010.16595
1549565461232,1010.16595
1549565461267,1010.18445
1549565461308,1010.18445
1549565461346,1010.18445
1549565461382,1010.1964
1549565461421,1010.1964
1549565461461,1010.1964
1549565461500,1010.1964
1549565461555,1010.1923
1549565461578,1010.1923
1549565461614,1010.1923
1549565461654,1010.1923
1549565461689,1010.31836
1549565461729,1010.31836
1549565461767,1010.31836
1549565461806,1010.31836
1549565461843,1010.27057
1549565461884,1010.27057
1549565461924,1010.27057
1549565461959,1010.32043
1549565461999,1010.32043
1549565462036,1010.32043
1549565462078,1010.32043
1549565462116,1010.5328
1549565462154,1010.5328
1549565462192,1010.5328
1549565462231,1010.5328
1549565462269,1010.6379
1549565462324,1010.6379
1549565462347,1010.6379
1549565462388,1010.6379
1549565462420,1010.8776
1549565462460,1010.8776
1549565462498,1010.8776
1549565462543,1010.5639
1549565462575,1010.5639
1549565462613,1010.5639
1549565462654,1010.5639
1549565462692,1010.02747
1549565462732,1010.02747
1549565462766,1010.02747
1549565462808,1010.02747
1549565462843,1010.11127
1549565462884,1010.11127
1549565462921,1010.11127
1549565462960,1010.1351
1549565462998,1010.1351
1549565463039,1010.1351
1549565463076,1010.1351
1549565463115,1010.379
1549565463151,1010.379
1549565463190,1010.379
1549565463229,1010.379
1549565463269,1010.5525
1549565463305,1010.5525
1549565463344,1010.5525
1549565463387,1010.5525
1549565463420,1010.3352
1549565463459,1010.3352
1549565463497,1010.3352
1549565463538,1010.46796
1549565463575,1010.46796
1549565463613,1010.46796
1549565463651,1010.46796
1549565463690,1010.4917
1549565463730,1010.4917
1549565463766,1010.4917
1549565463806,1010.4917
1549565463845,1010.6742
1549565463883,1010.6742
1549565463923,1010.6742
1549565463961,1010.6742
1549565463999,1010.812
1549565464036,1010.812
1549565464076,1010.812
1549565464114,1010.3878
1549565464154,1010.3878
1549565464191,1010.3878
1549565464228,1010.3878
1549565464266,1010.30786
1549565464305,1010.30786
1549565464345,1010.30786
1549565464382,1010.30786
1549565464423,1010.26337
1549565464457,1010.26337
1549565464496,1010.26337
1549565464562,1010.3105
1549565464576,1010.3105
1549565464613,1010.3105
1549565464657,1010.3105
1549565464689,1010.60315
1549565464730,1010.60315
1549565464768,1010.60315
1549565464806,1010.60315
1549565464844,1010.44916
1549565464882,1010.44916
1549565464923,1010.44916
1549565464960,1010.44916
1549565464999,1010.4644
1549565465038,1010.4644
1549565465074,1010.4644
1549565465115,1010.6744
1549565465152,1010.6744
1549565465193,1010.6744
1549565465229,1010.6744
1549565465268,1010.8124
1549565465305,1010.8124
1549565465345,1010.8124
1549565465382,1010.8124
1549565465420,1010.81537
1549565465459,1010.81537
1549565465498,1010.81537
1549565465540,1010.81537
1549565465573,1010.28357
1549565465614,1010.28357
1549565465652,1010.28357
1549565465692,1010.2315
1549565465749,1010.2315
1549565465766,1010.2315
1549565465805,1010.2315
1549565465843,1010.21466
1549565465881,1010.21466
1549565465922,1010.21466
1549565465959,1010.21466
1549565465998,1010.407
1549565466036,1010.407
1549565466073,1010.407
1549565466111,1010.5765
1549565466151,1010.5765
1549565466188,1010.5765
1549565466232,1010.5765
1549565466268,1010.42365
1549565466307,1010.42365
1549565466344,1010.42365
1549565466381,1010.42365
1549565466418,1010.5806
1549565466457,1010.5806
1549565466497,1010.5806
1549565466539,1010.5806
1549565466573,1010.72906
1549565466611,1010.72906
1549565466650,1010.72906
1549565466692,1010.81537
1549565466727,1010.81537
1549565466764,1010.81537
1549565466806,1010.81537
1549565466844,1010.88574
1549565466881,1010.88574
1549565466924,1010.88574
1549565466959,1010.88574
1549565467004,1010.45197
1549565467055,1010.45197
1549565467073,1010.45197
1549565467111,1010.45197
1549565467152,1010.2201
1549565467191,1010.2201
1549565467228,1010.2201
1549565467266,1010.23236
1549565467304,1010.23236
1549565467341,1010.23236
1549565467391,1010.23236
1549565467419,1010.257
1549565467461,1010.257
1549565467504,1010.257
1549565467542,1010.257
1549565467574,1010.38184
1549565467610,1010.38184
1549565467654,1010.38184
1549565467688,1010.38184
1549565467731,1010.4697
1549565467764,1010.4697
1549565467805,1010.4697
1549565467843,1010.3221
1549565467884,1010.3221
1549565467921,1010.3221
1549565467957,1010.3221
1549565467996,1010.49945
1549565468040,1010.49945
1549565468072,1010.49945
1549565468112,1010.49945
1549565468151,1010.5223
1549565468188,1010.5223
1549565468232,1010.5223
1549565468265,1010.79126
1549565468304,1010.79126
1549565468341,1010.79126
1549565468380,1010.79126
1549565468419,1010.5939
1549565468459,1010.5939
1549565468497,1010.5939
1549565468539,1010.5939
1549565468576,1010.18243
1549565468611,1010.18243
1549565468652,1010.18243
1549565468692,1010.18243
1549565468728,1010.1923
1549565468767,1010.1923
1549565468808,1010.1923
1549565468843,1010.1798
1549565468882,1010.1798
1549565468920,1010.1798
1549565468960,1010.1798
1549565468997,1010.2338
1549565469036,1010.2338
1549565469078,1010.2338
1549565469115,1010.2338
1549565469149,1010.3245
1549565469188,1010.3245
1549565469226,1010.3245
1549565469267,1010.3245
1549565469307,1010.298
1549565469345,1010.298
1549565469381,1010.298
1549565469421,1010.3593
1549565469457,1010.3593
1549565469498,1010.3593
1549565469540,1010.3593
1549565469573,1010.504
1549565469612,1010.504
1549565469652,1010.504
1549565469689,1010.504
1549565469728,1010.6497
1549565469766,1010.6497
1549565469805,1010.6497
1549565469842,1010.7932
1549565469881,1010.7932
1549565469917,1010.7932
1549565469958,1010.7932
1549565470003,1010.34247
1549565470040,1010.34247
1549565470073,1010.34247
1549565470114,1010.34247
1549565470153,1010.1724
1549565470192,1010.1724
1549565470232,1010.1724
1549565470266,1010.1724
1549565470305,1010.2474
1549565470345,1010.2474
1549565470384,1010.2474
1549565470420,1010.2429
1549565470460,1010.2429
1549565470510,1010.2429
1549565470545,1010.2429
1549565470574,1010.3038
1549565470613,1010.3038
1549565470649,1010.3038
1549565470688,1010.3038
1549565470726,1010.5527
1549565470763,1010.5527
1549565470804,1010.5527
1549565470842,1010.5527
1549565470880,1010.40436
1549565470920,1010.40436
1549565470961,1010.40436
1549565470995,1010.62335
1549565471035,1010.62335
1549565471076,1010.62335
1549565471112,1010.62335
1549565471150,1010.68945
1549565471189,1010.68945
1549565471228,1010.68945
1549565471264,1010.68945
1549565471302,1010.7362
1549565471340,1010.7362
1549565471381,1010.7362
1549565471417,1010.66644
1549565471461,1010.66644
1549565471499,1010.66644
1549565471539,1010.66644
1549565471576,1010.31067
1549565471611,1010.31067
1549565471649,1010.31067
1549565471690,1010.31067
1549565471727,1010.2289
1549565471766,1010.2289
1549565471805,1010.2289
1549565471843,1010.2289
1549565471880,1010.2352
1549565471919,1010.2352
1549565471958,1010.2352
1549565471998,1010.2609
1549565472032,1010.2609
1549565472072,1010.2609
1549565472110,1010.2609
1549565472150,1010.3581
1549565472187,1010.3581
1549565472228,1010.3581
1549565472267,1010.3581
1549565472306,1010.4908
1549565472340,1010.4908
1549565472379,1010.4908
1549565472426,1010.4908
1549565472457,1010.32294
1549565472496,1010.32294
1549565472534,1010.32294
1549565472574,1010.57306
1549565472610,1010.57306
1549565472661,1010.57306
1549565472688,1010.57306
1549565472727,1010.6372
1549565472764,1010.6372
1549565472804,1010.6372
1549565472840,1010.6372
1549565472880,1010.7292
1549565472918,1010.7292
1549565472960,1010.7292
1549565472997,1010.7038
1549565473035,1010.7038
1549565473073,1010.7038
1549565473110,1010.7038
1549565473150,1010.23486
1549565473187,1010.23486
1549565473225,1010.23486
1549565473269,1010.23486
1549565473307,1010.1955
1549565473341,1010.1955
1549565473382,1010.1955
1549565473418,1010.1955
1549565473457,1010.1783
1549565473494,1010.1783
1549565473535,1010.1783
1549565473572,1010.2319
1549565473611,1010.2319
1549565473649,1010.2319
1549565473690,1010.2319
1549565473725,1010.32556
1549565473766,1010.32556
1549565473803,1010.32556
1549565473841,1010.32556
1549565473881,1010.47406
1549565473917,1010.47406
1549565473965,1010.47406
1549565473996,1010.47406
1549565474034,1010.25665
1549565474078,1010.25665
1549565474111,1010.25665
1549565474148,1010.4546
1549565474189,1010.4546
1549565474229,1010.4546
1549565474269,1010.4546
1549565474303,1010.5714
1549565474341,1010.5714
1549565474382,1010.5714
1549565474426,1010.5714
1549565474457,1010.7546
1549565474506,1010.7546
1549565474537,1010.7546
1549565474581,1010.54596
1549565474609,1010.54596
1549565474648,1010.54596
1549565474689,1010.54596
1549565474726,1010.1054
1549565474764,1010.1054
1549565474805,1010.1054
1549565474843,1010.1054
1549565474882,1010.17474
1549565474917,1010.17474
1549565474956,1010.17474
1549565474994,1010.17474
1549565475034,1010.17004
1549565475076,1010.17004
1549565475109,1010.17004
1549565475149,1010.29565
1549565475192,1010.29565
1549565475227,1010.29565
1549565475264,1010.29565
1549565475304,1010.4595
1549565475341,1010.4595
1549565475383,1010.4595
1549565475418,1010.4595
1549565475458,1010.4018
1549565475496,1010.4018
1549565475539,1010.4018
1549565475572,1010.4018
1549565475609,1010.5095
1549565475648,1010.5095
1549565475688,1010.5095
1549565475728,1010.6527
1549565475763,1010.6527
1549565475803,1010.6527
1549565475839,1010.6527
1549565475878,1010.69196
1549565475921,1010.69196
1549565475957,1010.69196
1549565475995,1010.69196
1549565476032,1010.8258
1549565476073,1010.8258
1549565476109,1010.8258
1549565476147,1010.5573
1549565476192,1010.5573
1549565476225,1010.5573
1549565476289,1010.5573
1549565476302,1010.1856
1549565476345,1010.1856
1549565476380,1010.1856
1549565476424,1010.1856
1549565476458,1010.2159
1549565476501,1010.2159
1549565476534,1010.2159
1549565476574,1010.2159
1549565476611,1010.13763
1549565476648,1010.13763
1549565476688,1010.13763
1549565476727,1010.3297
1549565476765,1010.3297
1549565476806,1010.3297
1549565476842,1010.3297
1549565476885,1010.51276
1549565476920,1010.51276
1549565476959,1010.51276
1549565476996,1010.51276
1549565477034,1010.3098
1549565477072,1010.3098
1549565477108,1010.3098
1549565477148,1010.3098
1549565477188,1010.39996
1549565477226,1010.39996
1549565477262,1010.39996
1549565477302,1010.5502
1549565477339,1010.5502
1549565477379,1010.5502
1549565477418,1010.5502
1549565477456,1010.7457
1549565477494,1010.7457
1549565477532,1010.7457
1549565477573,1010.7457
1549565477608,1010.8643
1549565477649,1010.8643
1549565477685,1010.8643
1549565477724,1010.3927
1549565477764,1010.3927
1549565477805,1010.3927
1549565477841,1010.3927
1549565477879,1010.22986
1549565477916,1010.22986
1549565477956,1010.22986
1549565477993,1010.22986
1549565478033,1010.25354
1549565478077,1010.25354
1549565478109,1010.25354
1549565478149,1010.25354
1549565478187,1010.2207
1549565478227,1010.2207
1549565478265,1010.2207
1549565478302,1010.3234
1549565478340,1010.3234
1549565478379,1010.3234
1549565478421,1010.3234
1549565478455,1010.53
1549565478493,1010.53
1549565478533,1010.53
1549565478572,1010.53
1549565478610,1010.33606
1549565478649,1010.33606
1549565478686,1010.33606
1549565478725,1010.33606
1549565478768,1010.4245
1549565478803,1010.4245
1549565478843,1010.4245
1549565478883,1010.5347
1549565478917,1010.5347
1549565478958,1010.5347
1549565478996,1010.5347
1549565479034,1010.6131
1549565479074,1010.6131
1549565479109,1010.6131
1549565479146,1010.6131
1549565479186,1010.6505
1549565479225,1010.6505
1549565479264,1010.6505
1549565479302,1010.34216
1549565479338,1010.34216
1549565479378,1010.34216
1549565479419,1010.34216
1549565479457,1010.2255
1549565479495,1010.2255
1549565479532,1010.2255
1549565479574,1010.2255
1549565479610,1010.30914
1549565479651,1010.30914
1549565479687,1010.30914
1549565479725,1010.30914
1549565479768,1010.27454
1549565479801,1010.27454
1549565479841,1010.27454
1549565479879,1010.32477
1549565479918,1010.32477
1549565479956,1010.32477
1549565479995,1010.32477
1549565480033,1010.46967
1549565480071,1010.46967
1549565480130,1010.46967
1549565480148,1010.46967
1549565480186,1010.40765
1549565480225,1010.40765
1549565480266,1010.40765
1549565480301,1010.40765
1549565480339,1010.32965
1549565480377,1010.32965
1549565480418,1010.32965
1549565480454,1010.56433
1549565480499,1010.56433
1549565480534,1010.56433
1549565480574,1010.56433
1549565480610,1010.6181
1549565480648,1010.6181
1549565480687,1010.6181
1549565480725,1010.6181
1549565480763,1010.8774
1549565480801,1010.8774
1549565480844,1010.8774
1549565480878,1010.6212
1549565480917,1010.6212
1549565480956,1010.6212
1549565480997,1010.6212
1549565481033,1010.1759
1549565481079,1010.1759
1549565481109,1010.1759
1549565481147,1010.1759
1549565481192,1010.205
1549565481228,1010.205
1549565481262,1010.205
1549565481301,1010.205
1549565481341,1010.17975
1549565481377,1010.17975
1549565481417,1010.17975
1549565481456,1010.26984
1549565481494,1010.26984
1549565481534,1010.26984
1549565481576,1010.26984
1549565481609,1010.4938
1549565481645,1010.4938
1549565481691,1010.4938
1549565481725,1010.4938
1549565481767,1010.36835
1549565481801,1010.36835
1549565481840,1010.36835
1549565481879,1010.36835
1549565481917,1010.5661
1549565481955,1010.5661
1549565481996,1010.5661
1549565482034,1010.6513
1549565482072,1010.6513
1549565482108,1010.6513
1549565482147,1010.6513
1549565482186,1010.6342
1549565482222,1010.6342
1549565482268,1010.6342
1549565482300,1010.6342
1549565482339,1010.8197
1549565482378,1010.8197
1549565482419,1010.8197
1549565482456,1010.5246
1549565482493,1010.5169
1549565482531,1010.5169
1549565482571,1010.5169
1549565482609,1010.1629
1549565482648,1010.1629
1549565482687,1010.1629
1549565482728,1010.1629
1549565482762,1010.2026
1549565482804,1010.2026
1549565482841,1010.2026
1549565482879,1010.2026
1549565482916,1010.1512
1549565482956,1010.1512
1549565482996,1010.1512
1549565483033,1010.2875
1549565483071,1010.2875
1549565483111,1010.2875
1549565483149,1010.2875
1549565483186,1010.5788
1549565483230,1010.5788
1549565483267,1010.5788
1549565483300,1010.5788
1549565483340,1010.2286
1549565483379,1010.2286
1549565483416,1010.2286
1549565483455,1010.2286
1549565483497,1010.3129
1549565483532,1010.3129
1549565483570,1010.3129
1549565483612,1010.62305
1549565483647,1010.62305
1549565483688,1010.62305
1549565483722,1010.62305
1549565483762,1010.6524
1549565483804,1010.6524
1549565483839,1010.6524
1549565483883,1010.6524
1549565483916,1010.7543
1549565483958,1010.7543
1549565483992,1010.7543
1549565484034,1010.2992
1549565484071,1010.2992
1549565484108,1010.2992
1549565484149,1010.2992
1549565484186,1010.07086
1549565484222,1010.07086
1549565484264,1010.07086
1549565484301,1010.07086
1549565484341,1010.1634
1549565484385,1010.1634
1549565484416,1010.1634
1549565484453,1010.1634
1549565484493,1010.11774
1549565484532,1010.11774
1549565484569,1010.11774
1549565484607,1010.39575
1549565484649,1010.39575
1549565484686,1010.39575
1549565484722,1010.39575
1549565484762,1010.5468
1549565484800,1010.5468
1549565484843,1010.5468
1549565484880,1010.5468
1549565484916,1010.2818
1549565484954,1010.2818
1549565484993,1010.2818
1549565485031,1010.2818
1549565485073,1010.40375
1549565485106,1010.40375
1549565485146,1010.40375
1549565485188,1010.4587
1549565485226,1010.4587
1549565485262,1010.4587
1549565485302,1010.4587
1549565485337,1010.58936
1549565485377,1010.58936
1549565485414,1010.58936
1549565485455,1010.58936
1549565485493,1010.6739
1549565485533,1010.6739
1549565485570,1010.6739
1549565485610,1010.1863
1549565485647,1010.1863
1549565485685,1010.1863
1549565485728,1010.1863
1549565485761,1010.12726
1549565485801,1010.12726
1549565485841,1010.12726
1549565485878,1010.12726
1549565485918,1010.19476
1549565485953,1010.19476
1549565485991,1010.19476
1549565486031,1010.19476
1549565486069,1010.145
1549565486111,1010.145
1549565486147,1010.145
1549565486187,1010.31964
1549565486224,1010.31964
1549565486261,1010.31964
1549565486300,1010.31964
1549565486337,1010.4995
1549565486377,1010.4995
1549565486415,1010.4995
1549565486456,1010.4995
1549565486493,1010.2104
1549565486535,1010.2104
1549565486570,1010.2104
1549565486609,1010.2104
1549565486646,1010.3822
1549565486687,1010.3822
1549565486725,1010.3822
1549565486763,1010.4815
1549565486800,1010.4815
1549565486842,1010.4815
1549565486878,1010.4815
1549565486916,1010.67914
1549565486958,1010.67914
1549565486991,1010.67914
1549565487031,1010.67914
1549565487067,1010.7227
1549565487106,1010.7227
1549565487146,1010.7227
1549565487182,1010.1706
1549565487223,1010.1706
1549565487262,1010.1706
1549565487298,1010.1706
1549565487339,1010.0661
1549565487379,1010.0661
1549565487416,1010.0661
1549565487454,1010.0661
1549565487493,1010.0939
1549565487531,1010.0939
1549565487571,1010.0939
1549565487612,1010.0939
1549565487645,1010.1425
1549565487684,1010.1425
1549565487723,1010.1425
1549565487769,1010.32965
1549565487800,1010.32965
1549565487837,1010.32965
1549565487877,1010.32965
1549565487917,1010.3537
1549565487954,1010.3537
1549565487993,1010.3537
1549565488030,1010.3537
1549565488089,1010.2563
1549565488113,1010.2563
1549565488146,1010.2563
1549565488183,1010.2563
1549565488224,1010.5052
1549565488262,1010.5052
1549565488300,1010.5052
1549565488338,1010.57263
1549565488377,1010.57263
1549565488418,1010.57263
1549565488452,1010.57263
1549565488490,1010.83685
1549565488530,1010.83685
1549565488575,1010.83685
1549565488608,1010.83685
1549565488645,1010.3228
1549565488684,1010.3228
1549565488722,1010.3228
1549565488761,1009.9529
1549565488806,1009.9529
1549565488839,1009.9529
1549565488877,1009.9529
1549565488914,1010.05566
1549565488956,1010.05566
1549565488993,1010.05566
1549565489029,1010.05566
1549565489067,1010.0406
1549565489109,1010.0406
1549565489148,1010.0406
1549565489185,1010.0406
1549565489230,1010.24506
1549565489260,1010.24506
1549565489297,1010.24506
1549565489343,1010.5334
1549565489375,1010.5334
1549565489414,1010.5334
1549565489455,1010.5334
1549565489492,1010.2142
1549565489528,1010.2142
1549565489570,1010.2142
1549565489612,1010.2142
1549565489644,1010.31854
1549565489684,1010.31854
1549565489722,1010.31854
1549565489760,1010.31854
1549565489800,1010.4492
1549565489837,1010.4492
1549565489877,1010.4492
1549565489922,1010.56696
1549565489952,1010.56696
1549565489991,1010.56696
1549565490031,1010.56696
1549565490069,1010.58997
1549565490108,1010.58997
1549565490146,1010.58997
1549565490184,1010.58997
1549565490221,1010.06866
1549565490259,1010.06866
1549565490298,1010.06866
1549565490336,1010.02496
1549565490382,1010.02496
1549565490412,1010.02496
1549565490450,1010.02496
1549565490489,1010.1326
1549565490528,1010.1326
1549565490569,1010.1326
1549565490609,1010.1326
1549565490644,1010.1818
1549565490683,1010.1818
1549565490722,1010.1818
1549565490768,1010.1818
1549565490803,1010.36127
1549565490837,1010.36127
1549565490875,1010.36127
1549565490914,1010.363
1549565490952,1010.363
1549565490992,1010.363
1549565491029,1010.363
1549565491068,1010.2036
1549565491115,1010.2036
1549565491143,1010.2036
1549565491183,1010.2036
1549565491222,1010.4566
1549565491261,1010.4566
1549565491299,1010.4566
1549565491338,1010.4566
1549565491375,1010.5761
1549565491415,1010.5761
1549565491454,1010.5761
1549565491489,1010.7957
1549565491530,1010.7957
1549565491567,1010.7957
1549565491606,1010.7957
1549565491644,1010.50885
1549565491685,1010.50885
1549565491720,1010.50885
1549565491761,1010.50885
1549565491800,1010.03973
1549565491838,1010.03973
1549565491877,1010.03973
1549565491916,1010.1065
1549565491955,1010.1065
1549565491992,1010.1065
1549565492042,1010.1065
1549565492068,1010.0819
1549565492108,1010.0819
1549565492144,1010.0819
1549565492184,1010.0819
1549565492221,1010.2802
1549565492261,1010.2802
1549565492297,1010.2802
1549565492337,1010.2802
1549565492374,1010.4783
1549565492412,1010.4783
1549565492454,1010.4783
1549565492492,1010.2391
1549565492528,1010.2391
1549565492569,1010.2391
1549565492605,1010.2391
1549565492645,1010.39496
1549565492683,1010.39496
1549565492724,1010.39496
1549565492770,1010.39496
1549565492801,1010.50543
1549565492838,1010.50543
1549565492874,1010.50543
1549565492916,1010.50543
1549565492952,1010.5722
1549565492991,1010.5722
1549565493030,1010.5722
1549565493070,1010.59454
1549565493108,1010.59454
1549565493145,1010.59454
1549565493182,1010.59454
1549565493221,1010.1182
1549565493261,1010.1182
1549565493301,1010.1182
1549565493337,1010.1182
1549565493379,1010.0999
1549565493415,1010.0999
1549565493457,1010.0999
1549565493493,1010.179
1549565493530,1010.175
1549565493566,1010.175
1549565493607,1010.175
1549565493645,1010.13983
1549565493682,1010.13983
1549565493722,1010.13983
1549565493758,1010.13983
1549565493798,1010.29584
1549565493837,1010.29584
1549565493875,1010.29584
1549565493915,1010.29584
1549565493952,1010.543
1549565493989,1010.543
1549565494030,1010.543
1549565494068,1010.23834
1549565494108,1010.23834
1549565494145,1010.23834
1549565494183,1010.23834
1549565494220,1010.3664
1549565494263,1010.3664
1549565494298,1010.3664
1549565494336,1010.3664
1549565494374,1010.5871
1549565494413,1010.5871
1549565494452,1010.5871
1549565494490,1010.5871
1549565494530,1010.71655
1549565494568,1010.71655
1549565494608,1010.71655
1549565494645,1010.86743
1549565494684,1010.86743
1549565494723,1010.86743
1549565494760,1010.86743
1549565494801,1010.32587
1549565494837,1010.32587
1549565494879,1010.32587
1549565494914,1010.32587
1549565494950,1010.08624
1549565494990,1010.08624
1549565495033,1010.08624
1549565495073,1010.151
1549565495111,1010.151
1549565495146,1010.151
1549565495181,1010.151
1549565495221,1010.1608
1549565495262,1010.1608
1549565495299,1010.1608
1549565495344,1010.1608
1549565495379,1010.3569
1549565495414,1010.3569
1549565495452,1010.3569
1549565495490,1010.3569
1549565495527,1010.47406
1549565495569,1010.47406
1549565495609,1010.47406
1549565495646,1010.3193
1549565495681,1010.3193
1549565495721,1010.3193
1549565495760,1010.3193
1549565495799,1010.3871
1549565495837,1010.3871
1549565495878,1010.3871
1549565495916,1010.3871
1549565495956,1010.61847
1549565495989,1010.61847
1549565496027,1010.61847
1549565496068,1010.61847
1549565496108,1010.76886
1549565496146,1010.76886
1549565496186,1010.76886
1549565496222,1010.89636
1549565496259,1010.89636
1549565496298,1010.89636
1549565496337,1010.89636
1549565496376,1010.37616
1549565496417,1010.37616
1549565496452,1010.37616
1549565496493,1010.37616
1549565496539,1010.1313
1549565496566,1010.1313
1549565496605,1010.1313
1549565496643,1010.2437
1549565496683,1010.2397
1549565496725,1010.2397
1549565496760,1010.2397
1549565496799,1010.2337
1549565496837,1010.2337
1549565496873,1010.2337
1549565496912,1010.2337
1549565496951,1010.5316
1549565496990,1010.5316
1549565497032,1010.5316
1549565497079,1010.5316
1549565497105,1010.5478
1549565497142,1010.5478
1549565497182,1010.5478
1549565497222,1010.2196
1549565497262,1010.2196
1549565497300,1010.2196
1549565497339,1010.2196
1549565497374,1010.41016
1549565497411,1010.41016
1549565497449,1010.41016
1549565497491,1010.41016
1549565497527,1010.57086
1549565497567,1010.57086
1549565497604,1010.57086
1549565497650,1010.57086
1549565497681,1010.77167
1549565497719,1010.77167
1549565497757,1010.77167
1549565497796,1010.4302
1549565497834,1010.4302
1549565497872,1010.4302
1549565497911,1010.4302
1549565497949,1010.0219
1549565497989,1010.0219
1549565498027,1010.0219
1549565498068,1010.0219
1549565498105,1010.0869
1549565498153,1010.0869
1549565498189,1010.0869
1549565498220,1010.05884
1549565498257,1010.0551
1549565498297,1010.0551
1549565498337,1010.0551
1549565498374,1010.28876
1549565498418,1010.28876
1549565498453,1010.28876
1549565498489,1010.28876
1549565498529,1010.4691
1549565498565,1010.4691
1549565498605,1010.4691
1549565498664,1010.4691
1549565498683,1010.15826
1549565498720,1010.15826
1549565498758,1010.15826
1549565498797,1010.31036
1549565498836,1010.31036
1549565498873,1010.31036
1549565498917,1010.31036
1549565498951,1010.51056
1549565498993,1010.51056
1549565499029,1010.51056
1549565499071,1010.51056
1549565499106,1010.7259
1549565499145,1010.7259
1549565499182,1010.7259
1549565499223,1010.7259
1549565499257,1010.5623
1549565499301,1010.5623
1549565499336,1010.5623
1549565499371,1010.1536
1549565499411,1010.1536
1549565499451,1010.1536
1549565499488,1010.1536
1549565499527,1010.1143
1549565499566,1010.1143
1549565499607,1010.1143
1549565499644,1010.1143
1549565499681,1010.0772
1549565499722,1010.0772
1549565499761,1010.0772
1549565499797,1010.0772
1549565499837,1010.28394
1549565499873,1010.28394
1549565499913,1010.28394
1549565499949,1010.41144
1549565499991,1010.41144
1549565500030,1010.41144
1549565500066,1010.41144
1549565500102,1010.08405
1549565500152,1010.08405
1549565500181,1010.08405
1549565500220,1010.08405
1549565500257,1010.26776
1549565500300,1010.26776
1549565500334,1010.26776
1549565500375,1010.48883
1549565500412,1010.48883
1549565500452,1010.48883
1549565500489,1010.48883
1549565500526,1010.6868
1549565500567,1010.6868
1549565500603,1010.6868
1549565500649,1010.6868
1549565500680,1010.55786
1549565500722,1010.55786
1549565500760,1010.55786
1549565500798,1010.55786
1549565500834,1010.1761
1549565500874,1010.1761
1549565500915,1010.1761
1549565500952,1010.1899
1549565500991,1010.1899
1549565501029,1010.1899
1549565501067,1010.1899
1549565501104,1010.1156
1549565501146,1010.1156
1549565501186,1010.1156
1549565501217,1010.1156
1549565501257,1010.25946
1549565501304,1010.25946
1549565501334,1010.25946
1549565501374,1010.25946
1549565501410,1010.4451
1549565501451,1010.4451
1549565501490,1010.4451
1549565501528,1010.14056
1549565501567,1010.14056
1549565501605,1010.14056
1549565501641,1010.14056
1549565501680,1010.3405
1549565501720,1010.3405
1549565501758,1010.3405
1549565501798,1010.3405
1549565501835,1010.4981
1549565501873,1010.4981
1549565501915,1010.4981
1549565501949,1010.6402
1549565501987,1010.6402
1549565502026,1010.6402
1549565502064,1010.6402
1549565502111,1010.63416
1549565502141,1010.63416
1549565502179,1010.63416
1549565502222,1010.63416
1549565502258,1010.29297
1549565502301,1010.29297
1549565502336,1010.29297
1549565502376,1010.29297
1549565502412,1010.24005
1549565502449,1010.24005
1549565502490,1010.24005
1549565502526,1010.1556
1549565502571,1010.1556
1549565502603,1010.1556
1549565502644,1010.1556
1549565502679,1010.2393
1549565502718,1010.2393
1549565502758,1010.2393
1549565502796,1010.2393
1549565502836,1010.50433
1549565502873,1010.50433
1549565502911,1010.50433
1549565502951,1010.50433
1549565502987,1010.12976
1549565503028,1010.12976
1549565503067,1010.12976
1549565503106,1010.4053
1549565503145,1010.4053
1549565503182,1010.4053
1549565503219,1010.4053
1549565503257,1010.5558
1549565503300,1010.5558
1549565503336,1010.5558
1549565503378,1010.5558
1549565503409,1010.66974
1549565503456,1010.66974
1549565503490,1010.66974
1549565503528,1010.70416
1549565503566,1010.70416
1549565503603,1010.70416
1549565503642,1010.70416
1549565503681,1010.2646
1549565503717,1010.2646
1549565503761,1010.2646
1549565503797,1010.2646
1549565503836,1010.19415
1549565503875,1010.19415
1549565503915,1010.19415
1549565503949,1010.19415
1549565503988,1010.12494
1549565504027,1010.12494
1549565504065,1010.12494
1549565504106,1010.272
1549565504149,1010.272
1549565504180,1010.272
1549565504219,1010.272
1549565504257,1010.45087
1549565504295,1010.45087
1549565504335,1010.45087
1549565504374,1010.45087
1549565504412,1010.1097
1549565504450,1010.1097
1549565504488,1010.1097
1549565504526,1010.1097
1549565504565,1010.351
1549565504605,1010.351
1549565504650,1010.351
1549565504682,1010.54926
1549565504718,1010.54926
1549565504760,1010.54926
1549565504795,1010.54926
1549565504833,1010.6154
1549565504874,1010.6154
1549565504912,1010.6154
1549565504949,1010.6154
1549565504989,1010.6885
1549565505028,1010.6885
1549565505065,1010.6885
1549565505103,1010.3283
1549565505142,1010.3283
1549565505180,1010.3283
1549565505223,1010.3283
1549565505257,1010.2573
1549565505300,1010.2573
1549565505334,1010.2573
1549565505379,1010.2573
1549565505413,1010.1811
1549565505450,1010.1811
1549565505489,1010.1811
1549565505526,1010.1811
1549565505565,1010.3896
1549565505601,1010.3896
1549565505642,1010.3896
1549565505678,1010.5843
1549565505721,1010.5843
1549565505757,1010.5843
1549565505799,1010.5843
1549565505836,1010.206
1549565505873,1010.206
1549565505912,1010.206
1549565505952,1010.206
1549565505989,1010.4478
1549565506028,1010.4478
1549565506065,1010.4478
1549565506102,1010.4478
1549565506143,1010.60394
1549565506181,1010.60394
1549565506218,1010.60394
1549565506260,1010.78
1549565506294,1010.78
1549565506334,1010.78
1549565506372,1010.78
1549565506412,1010.4422
1549565506450,1010.4422
1549565506487,1010.4422
1549565506527,1010.4422
1549565506565,1010.03107
1549565506611,1010.03107
1549565506647,1010.03107
1549565506678,1010.1061
1549565506721,1010.1061
1549565506757,1010.1061
1549565506794,1010.1061
1549565506834,1010.09186
1549565506872,1010.09186
1549565506913,1010.09186
1549565506953,1010.09186
1549565506986,1010.3266
1549565507026,1010.3266
1549565507063,1010.3266
1549565507103,1010.3266
1549565507144,1010.4067
1549565507195,1010.4067
1549565507220,1010.4067
1549565507255,1010.2359
1549565507297,1010.2359
1549565507337,1010.2359
1549565507374,1010.2359
1549565507409,1010.5058
1549565507450,1010.5058
1549565507488,1010.5058
1549565507527,1010.5058
1549565507563,1010.49384
1549565507604,1010.49384
1549565507639,1010.49384
1549565507681,1010.49384
1549565507717,1010.76056
1549565507759,1010.76056
1549565507794,1010.76056
1549565507834,1010.277
1549565507875,1010.277
1549565507911,1010.277
1549565507948,1010.277
1549565507989,1010.0041
1549565508028,1010.0041
1549565508064,1010.0041
1549565508101,1010.0041
1549565508140,1010.09717
1549565508186,1010.09717
1549565508218,1010.09717
1549565508255,1010.1245
1549565508296,1010.1245
1549565508332,1010.1245
1549565508372,1010.1245
1549565508410,1010.3644
1549565508447,1010.3644
1549565508487,1010.3644
1549565508525,1010.3644
1549565508564,1010.4444
1549565508601,1010.4444
1549565508641,1010.4444
1549565508685,1010.4444
1549565508716,1010.2892
1549565508757,1010.2892
1549565508796,1010.2892
1549565508834,1010.5134
1549565508872,1010.5134
1549565508910,1010.5134
1549565508949,1010.5134
1549565508988,1010.543
1549565509036,1010.543
1549565509061,1010.543
1549565509102,1010.543
1549565509141,1010.76904
1549565509183,1010.76904
1549565509217,1010.76904
1549565509258,1010.76904
1549565509295,1010.296
1549565509333,1010.296
1549565509377,1010.296
1549565509409,1010.0711
1549565509447,1010.0711
1549565509488,1010.0711
1549565509527,1010.0711
1549565509569,1010.13727
1549565509601,1010.13727
1549565509640,1010.13727
1549565509681,1010.13727
1549565509718,1010.1634
1549565509758,1010.1634
1549565509796,1010.1634
1549565509835,1010.37164
1549565509870,1010.37164
1549565509910,1010.37164
1549565509946,1010.37164
1549565509987,1010.4349
1549565510026,1010.4349
1549565510063,1010.4349
1549565510101,1010.4349
1549565510144,1010.3112
1549565510181,1010.3112
1549565510216,1010.3112
1549565510258,1010.3112
1549565510294,1010.5425
1549565510335,1010.5425
1549565510375,1010.5425
1549565510411,1010.52594
1549565510449,1010.52594
1549565510487,1010.52594
1549565510523,1010.52594
1549565510562,1010.85956
1549565510601,1010.85956
1549565510641,1010.85956
1549565510681,1010.85956
1549565510716,1010.3976
1549565510754,1010.3976
1549565510794,1010.3976
1549565510832,1010.3976
1549565510871,1010.0301
1549565510907,1010.0301
1549565510952,1010.0301
1549565510986,1010.1225
1549565511027,1010.1225
1549565511066,1010.1225
1549565511103,1010.1225
1549565511140,1010.10645
1549565511185,1010.10645
1549565511218,1010.10645
1549565511257,1010.10645
1549565511294,1010.3886
1549565511332,1010.3886
1549565511369,1010.3886
1549565511410,1010.52356
1549565511448,1010.52356
1549565511487,1010.52356
1549565511525,1010.52356
1549565511562,1010.3159
1549565511601,1010.3159
1549565511639,1010.3159
1549565511692,1010.3159
1549565511714,1010.5369
1549565511754,1010.5369
1549565511795,1010.5369
1549565511833,1010.5369
1549565511870,1010.5926
1549565511918,1010.5926
1549565511949,1010.5926
1549565511991,1010.7978
1549565512025,1010.7978
1549565512065,1010.7978
1549565512102,1010.7978
1549565512138,1010.4361
1549565512181,1010.4361
1549565512217,1010.4361
1549565512256,1010.4361
1549565512295,1010.0652
1549565512332,1010.0652
1549565512384,1010.0652
1549565512408,1010.0652
1549565512455,1010.1547
1549565512486,1010.1547
1549565512525,1010.1547
1549565512562,1010.10205
1549565512606,1010.10205
1549565512641,1010.10205
1549565512689,1010.10205
1549565512718,1010.3371
1549565512754,1010.3371
1549565512792,1010.3371
1549565512833,1010.3371
1549565512870,1010.4492
1549565512908,1010.4492
1549565512947,1010.4492
1549565512987,1010.25964
1549565513024,1010.25964
1549565513064,1010.25964
1549565513103,1010.25964
1549565513141,1010.49786
1549565513179,1010.49786
1549565513217,1010.49786
1549565513257,1010.49786
1549565513295,1010.57513
1549565513344,1010.57513
1549565513372,1010.57513
1549565513407,1010.57513
1549565513448,1010.86127
1549565513484,1010.86127
1549565513524,1010.86127
1549565513565,1010.4252
1549565513602,1010.4252
1549565513641,1010.4252
1549565513683,1010.4252
1549565513727,1010.06354
1549565513754,1010.06354
1549565513793,1010.06354
1549565513831,1010.06354
1549565513874,1010.0967
1549565513911,1010.0967
1549565513947,1010.0967
1549565513989,1010.11774
1549565514032,1010.11774
1549565514061,1010.11774
1549565514104,1010.11774
1549565514140,1010.3653
1549565514176,1010.3653
1549565514216,1010.3653
1549565514257,1010.3653
1549565514293,1010.45306
1549565514331,1010.45306
1549565514371,1010.45306
1549565514409,1010.45306
1549565514450,1010.21204
1549565514485,1010.21204
1549565514526,1010.21204
1549565514568,1010.3999
1549565514600,1010.3999
1549565514639,1010.3999
1549565514682,1010.3999
1549565514736,1010.49994
1549565514756,1010.49994
1549565514792,1010.49994
1549565514831,1010.49994
1549565514868,1010.78784
1549565514909,1010.78784
1549565514945,1010.78784
1549565514984,1010.78784
1549565515023,1010.52106
1549565515065,1010.52106
1549565515102,1010.52106
1549565515141,1010.09247
1549565515190,1010.09247
1549565515226,1010.09247
1549565515255,1010.09247
1549565515292,1010.1469
1549565515332,1010.1469
1549565515372,1010.1469
1549565515410,1010.1469
1549565515449,1010.0674
1549565515486,1010.0674
1549565515526,1010.0674
1549565515563,1010.0674
1549565515599,1010.2868
1549565515645,1010.2868
1549565515677,1010.2868
1549565515719,1010.4957
1549565515752,1010.4957
1549565515799,1010.4957
1549565515837,1010.4957
1549565515871,1010.11475
1549565515910,1010.11475
1549565515948,1010.11475
1549565515986,1010.11475
1549565516026,1010.357
1549565516061,1010.357
1549565516103,1010.357
1549565516139,1010.54816
1549565516179,1010.54816
1549565516218,1010.54816
1549565516254,1010.54816
1549565516298,1010.6974
1549565516332,1010.6974
1549565516369,1010.6974
1549565516407,1010.6974
1549565516448,1010.71796
1549565516484,1010.71796
1549565516522,1010.71796
1549565516561,1010.71796
1549565516606,1010.23395
1549565516639,1010.23395
1549565516677,1010.23395
1549565516717,1010.19305
1549565516755,1010.19305
1549565516793,1010.19305
1549565516836,1010.19305
1549565516869,1010.149
1549565516908,1010.149
1549565516947,1010.149
1549565516985,1010.149
1549565517024,1010.33453
1549565517068,1010.33453
1549565517100,1010.33453
1549565517139,1010.33453
1549565517178,1010.49426
1549565517214,1010.49426
1549565517255,1010.49426
1549565517295,1010.09753
1549565517333,1010.09753
1549565517368,1010.09753
1549565517407,1010.09753
1549565517447,1010.3145
1549565517487,1010.3145
1549565517526,1010.3145
1549565517564,1010.3145
1549565517602,1010.5199
1549565517637,1010.5199
1549565517677,1010.5199
1549565517717,1010.65137
1549565517759,1010.65137
1549565517793,1010.65137
1549565517829,1010.65137
1549565517869,1010.65137
1549565517909,1010.65137
1549565517945,1010.65137
1549565517984,1010.65137
1549565518023,1010.1229
1549565518062,1010.1229
1549565518101,1010.1229
1549565518138,1010.1229
1549565518178,1010.12994
1549565518219,1010.12994
1549565518254,1010.12994
1549565518295,1010.1335
1549565518329,1010.1335
1549565518368,1010.1335
1549565518409,1010.1335
1549565518460,1010.3032
1549565518482,1010.3032
1549565518526,1010.3032
1549565518561,1010.3032
1549565518603,1010.46124
1549565518639,1010.46124
1549565518681,1010.46124
1549565518724,1010.46124
1549565518752,1010.11993
1549565518792,1010.11993
1549565518829,1010.11993
1549565518870,1010.3236
1549565518908,1010.3236
1549565518947,1010.3236
1549565518986,1010.3236
1549565519025,1010.4726
1549565519063,1010.4726
1549565519099,1010.4726
1549565519136,1010.4726
1549565519178,1010.7096
1549565519218,1010.7096
1549565519253,1010.7096
1549565519292,1010.63885
1549565519331,1010.63885
1549565519369,1010.63885
1549565519412,1010.63885
1549565519445,1010.2209
1549565519483,1010.2209
1549565519522,1010.2209
1549565519561,1010.2209
1549565519597,1010.21857
1549565519639,1010.21857
1549565519679,1010.21857
1549565519719,1010.21857
1549565519753,1010.1745
1549565519791,1010.1745
1549565519830,1010.1745
1549565519870,1010.3724
1549565519909,1010.3724
1549565519946,1010.3724
1549565519993,1010.3724
1549565520026,1010.6514
1549565520062,1010.6514
1549565520100,1010.6514
1549565520138,1010.6514
1549565520174,1010.32477
1549565520214,1010.32477
1549565520252,1010.32477
1549565520290,1010.32477
1549565520329,1010.4406
1549565520368,1010.4406
1549565520407,1010.4406
1549565520446,1010.61914
1549565520487,1010.61914
1549565520520,1010.61914
1549565520559,1010.61914
1549565520599,1010.7225
1549565520636,1010.7225
1549565520674,1010.7225
1549565520712,1010.7225
1549565520752,1010.83136
1549565520790,1010.83136
1549565520830,1010.83136
1549565520868,1010.2866
1549565520909,1010.2866
1549565520946,1010.2866
1549565520986,1010.2866
1549565521023,1010.0495
1549565521064,1010.0495
1549565521103,1010.0495
1549565521138,1010.0495
1549565521179,1010.1337
1549565521217,1010.1337
1549565521251,1010.1337
1549565521293,1010.1337
1549565521330,1010.2215
1549565521369,1010.2215
1549565521408,1010.2215
1549565521448,1010.4527
1549565521490,1010.4527
1549565521522,1010.4527
1549565521563,1010.4527
1549565521598,1010.3858
1549565521638,1010.3858
1549565521675,1010.3858
1549565521716,1010.3858
1549565521752,1010.212
1549565521791,1010.212
1549565521830,1010.212
1549565521867,1010.212
1549565521908,1010.57886
1549565521944,1010.57886
1549565521984,1010.57886
1549565522026,1010.59644
1549565522065,1010.59644
1549565522098,1010.59644
1549565522137,1010.59644
1549565522175,1010.7386
1549565522221,1010.7386
1549565522254,1010.7386
1549565522295,1010.7386
1549565522329,1010.2694
1549565522368,1010.2694
1549565522412,1010.2694
1549565522445,1009.955
1549565522483,1009.955
1549565522528,1009.955
1549565522559,1009.955
1549565522599,1010.09717
1549565522639,1010.09717
1549565522678,1010.09717
1549565522716,1010.09717
1549565522753,1010.09894
1549565522795,1010.09894
1549565522829,1010.09894
1549565522867,1010.09894
1549565522907,1010.27094
1549565522966,1010.27094
1549565522983,1010.27094
1549565523022,1010.35645
1549565523060,1010.35645
1549565523098,1010.35645
1549565523138,1010.35645
1549565523176,1010.1072
1549565523218,1010.1072
1549565523260,1010.1072
1549565523293,1010.1072
1549565523329,1010.3793
1549565523371,1010.3793
1549565523406,1010.3793
1549565523445,1010.3793
1549565523484,1010.49567
1549565523521,1010.49567
1549565523562,1010.49567
1549565523611,1010.7198
1549565523637,1010.7198
1549565523675,1010.7198
1549565523714,1010.7198
1549565523754,1010.67065
1549565523792,1010.67065
1549565523829,1010.67065
1549565523868,1010.67065
1549565523905,1010.20526
1549565523947,1010.20526
1549565523983,1010.20526
1549565524024,1010.17017
1549565524060,1010.17017
1549565524105,1010.17017
1549565524137,1010.17017
1549565524174,1010.08966
1549565524227,1010.08966
1549565524253,1010.08966
1549565524291,1010.08966
1549565524329,1010.279
1549565524372,1010.279
1549565524407,1010.279
1549565524447,1010.279
1549565524487,1010.523
1549565524520,1010.523
1549565524560,1010.523
1549565524599,1010.12823
1549565524642,1010.12823
1549565524679,1010.12823
1549565524718,1010.12823
1549565524752,1010.39685
1549565524791,1010.39685
1549565524830,1010.39685
1549565524868,1010.39685
1549565524907,1010.6203
1549565524946,1010.6203
1549565524984,1010.6203
1549565525040,1010.7063
1549565525059,1010.7063
1549565525097,1010.7063
1549565525138,1010.7063
1549565525178,1010.8257
1549565525213,1010.8257
1549565525252,1010.8257
1549565525290,1010.8257
1549565525329,1010.3038
1549565525366,1010.3038
1549565525408,1010.3038
1549565525444,1010.3038
1549565525486,1010.20374
1549565525522,1010.20374
1549565525562,1010.20374
1549565525598,1010.13153
1549565525636,1010.13153
1549565525676,1010.13153
1549565525717,1010.13153
1549565525752,1010.3633
1549565525798,1010.3633
1549565525827,1010.3633
1549565525870,1010.3633
1549565525904,1010.5669
1549565525947,1010.5669
1549565525983,1010.5669
1549565526022,1010.5669
1549565526061,1010.1228
1549565526098,1010.1228
1549565526139,1010.1228
1549565526174,1010.4019
1549565526216,1010.4019
1549565526251,1010.4019
1549565526291,1010.4019
1549565526329,1010.5506
1549565526368,1010.5506
1549565526404,1010.5506
1549565526444,1010.5506
1549565526482,1010.7347
1549565526520,1010.7347
1549565526559,1010.7347
1549565526597,1010.80664
1549565526639,1010.80664
1549565526676,1010.80664
1549565526715,1010.80664
1549565526750,1010.2778
1549565526790,1010.2778
1549565526829,1010.2778
1549565526869,1010.2778
1549565526904,1010.0865
1549565526945,1010.0865
1549565526983,1010.0865
1549565527023,1010.0865
1549565527060,1010.081
1549565527096,1010.081
1549565527135,1010.081
1549565527177,1010.2758
1549565527219,1010.2758
1549565527250,1010.2758
1549565527291,1010.2758
1549565527328,1010.54913
1549565527367,1010.54913
1549565527406,1010.54913
1549565527445,1010.54913
1549565527483,1010.33124
1549565527523,1010.33124
1549565527559,1010.33124
1549565527596,1010.33124
1549565527637,1010.415
1549565527675,1010.415
1549565527722,1010.415
1549565527756,1010.6713
1549565527789,1010.6713
1549565527828,1010.6713
1549565527867,1010.6713
1549565527909,1010.7764
1549565527942,1010.7764
1549565527985,1010.7764
1549565528019,1010.7764
1549565528059,1010.80396
1549565528096,1010.80396
1549565528136,1010.80396
1549565528184,1010.2809
1549565528217,1010.2809
1549565528250,1010.2809
1549565528288,1010.2809
1549565528326,1010.16504
1549565528367,1010.16504
1549565528404,1010.16504
1549565528447,1010.16504
1549565528488,1010.1468
1549565528522,1010.1468
1549565528561,1010.1468
1549565528600,1010.1468
1549565528636,1010.3414
1549565528674,1010.3414
1549565528712,1010.3414
1549565528751,1010.56586
1549565528790,1010.56586
1549565528826,1010.56586
1549565528866,1010.56586
1549565528906,1010.25696
1549565528945,1010.25696
1549565528982,1010.25696
1549565529022,1010.25696
1549565529059,1010.34595
1549565529098,1010.34595
1549565529137,1010.34595
1549565529178,1010.34595
1549565529219,1010.52124
1549565529250,1010.52124
1549565529290,1010.52124
1549565529327,1010.60724
1549565529364,1010.60724
1549565529407,1010.60724
1549565529442,1010.60724
1549565529483,1010.6441
1549565529522,1010.6441
1549565529559,1010.6441
1549565529601,1010.6441
1549565529635,1010.21356
1549565529676,1010.21356
1549565529726,1010.21356
1549565529751,1010.11505
1549565529788,1010.11505
1549565529829,1010.11505
1549565529868,1010.11505
1549565529906,1010.0905
1549565529942,1010.0905
1549565529986,1010.0905
1549565530018,1010.0905
1549565530057,1010.13916
1549565530100,1010.13916
1549565530136,1010.13916
1549565530176,1010.13916
1549565530215,1010.33746
1549565530255,1010.33746
1549565530291,1010.33746
1549565530329,1010.3776
1549565530366,1010.3776
1549565530404,1010.3776
1549565530442,1010.3776
1549565530482,1010.25653
1549565530525,1010.25653
1549565530562,1010.25653
1549565530597,1010.25653
1549565530639,1010.57776
1549565530675,1010.57776
1549565530714,1010.57776
1549565530752,1010.57776
1549565530790,1010.58954
1549565530828,1010.58954
1549565530866,1010.58954
1549565530905,1010.8089
1549565530941,1010.8089
1549565530985,1010.8089
1549565531021,1010.8089
1549565531058,1010.4403
1549565531097,1010.4403
1549565531138,1010.4403
1549565531174,1010.4403
1549565531216,1010.00323
1549565531249,1010.00323
1549565531292,1010.00323
1549565531329,1010.084
1549565531369,1010.084
1549565531406,1010.084
1549565531444,1010.084
1549565531488,1010.00305
1549565531520,1010.00305
1549565531559,1010.00305
1549565531602,1010.00305
1549565531635,1010.1979
1549565531674,1010.1979
1549565531711,1010.1979
1549565531752,1010.1979
1549565531791,1010.398
1549565531828,1010.398
1549565531871,1010.398
1549565531904,1010.0517
1549565531943,1010.0517
1549565531981,1010.0517
1549565532020,1010.0517
1549565532059,1010.27814
1549565532097,1010.27814
1549565532137,1010.27814
1549565532176,1010.27814
1549565532215,1010.4642
1549565532250,1010.4642
1549565532288,1010.4642
1549565532328,1010.4642
1549565532364,1010.7711
1549565532402,1010.7711
1549565532441,1010.7711
1549565532481,1010.49854
1549565532520,1010.49854
1549565532559,1010.49854
1549565532600,1010.49854
1549565532635,1010.0683
1549565532674,1010.0683
1549565532712,1010.0683
1549565532749,1010.0683
1549565532790,1010.1596
1549565532826,1010.1596
1549565532865,1010.1596
1549565532906,1010.121
1549565532942,1010.121
1549565532980,1010.121
1549565533020,1010.121
1549565533059,1010.32404
1549565533104,1010.32404
1549565533134,1010.32404
1549565533176,1010.32404
1549565533211,1010.5505
1549565533262,1010.5505
1549565533287,1010.5505
1549565533327,1010.5505
1549565533366,1010.1661
1549565533405,1010.1661
1549565533444,1010.1661
1549565533485,1010.36597
1549565533520,1010.36597
1549565533557,1010.36597
1549565533599,1010.36597
1549565533637,1010.50995
1549565533673,1010.50995
1549565533720,1010.50995
1549565533761,1010.50995
1549565533790,1010.6867
1549565533825,1010.6867
1549565533869,1010.6867
1549565533905,1010.6867
1549565533942,1010.462
1549565533984,1010.462
1549565534019,1010.462
1549565534058,1010.0723
1549565534098,1010.0723
1549565534137,1010.0723
1549565534172,1010.0723
1549565534218,1010.0794
1549565534252,1010.0794
1549565534290,1010.0794
1549565534329,1010.0794
1549565534368,1010.0002
1549565534405,1010.0002
1549565534445,1010.0002
1549565534490,1010.2108
1549565534520,1010.2108
1549565534556,1010.2108
1549565534596,1010.2108
1549565534637,1010.42444
1549565534673,1010.42444
1549565534713,1010.42444
1549565534749,1010.42444
1549565534789,1010.0353
1549565534826,1010.0353
1549565534868,1010.0353
1549565534929,1010.0353
1549565534976,1010.2296
1549565534978,1010.2296
1549565535018,1010.2296
1549565535057,1010.4209
1549565535099,1010.4209
1549565535136,1010.4209
1549565535177,1010.4209
1549565535210,1010.62256
1549565535251,1010.62256
1549565535287,1010.62256
1549565535330,1010.62256
1549565535364,1010.59644
1549565535405,1010.59644
1549565535441,1010.59644
1549565535482,1010.59644
1549565535518,1010.2083
1549565535557,1010.2083
1549565535599,1010.2083
1549565535633,1010.2259
1549565535676,1010.2259
1549565535712,1010.2259
1549565535751,1010.2259
1549565535788,1010.1524
1549565535829,1010.1524
1549565535866,1010.1524
1549565535905,1010.1524
1549565535941,1010.2805
1549565535982,1010.2805
1549565536024,1010.2805
1549565536056,1010.4613
1549565536112,1010.4613
1549565536133,1010.4613
1549565536171,1010.4613
1549565536212,1010.13007
1549565536259,1010.13007
1549565536289,1010.13007
1549565536328,1010.13007
1549565536369,1010.34894
1549565536403,1010.34894
1549565536441,1010.34894
1549565536479,1010.34894
1549565536524,1010.6408
1549565536556,1010.6408
1549565536596,1010.6408
1549565536660,1010.76666
1549565536672,1010.76666
1549565536709,1010.76666
1549565536747,1010.76666
1549565536787,1010.6947
1549565536824,1010.6947
1549565536863,1010.6947
1549565536902,1010.6947
1549565536939,1010.32666
1549565536978,1010.32666
1549565537017,1010.32666
1549565537054,1010.32666
1549565537097,1010.2828
1549565537133,1010.2828
1549565537172,1010.2828
1549565537211,1010.21783
1549565537247,1010.21783
1549565537288,1010.21783
1549565537327,1010.21783
1549565537364,1010.3389
1549565537402,1010.3389
1549565537444,1010.3389
1549565537479,1010.3389
1549565537517,1010.4811
1549565537555,1010.4811
1549565537593,1010.4811
1549565537631,1010.10724
1549565537672,1010.10724
1549565537709,1010.10724
1549565537752,1010.10724
1549565537788,1010.2775
1549565537825,1010.2775
1549565537862,1010.2775
1549565537902,1010.2775
1549565537939,1010.48834
1549565537978,1010.48834
1549565538018,1010.48834
1549565538055,1010.48834
1549565538094,1010.5866
1549565538132,1010.5866
1549565538170,1010.5866
1549565538209,1010.5445
1549565538247,1010.5445
1549565538289,1010.5445
1549565538328,1010.5445
1549565538364,1010.2519
1549565538402,1010.2519
1549565538439,1010.2519
1549565538479,1010.2519
1549565538517,1010.2677
1549565538556,1010.2677
1549565538594,1010.2677
1549565538632,1010.2677
1549565538671,1010.20123
1549565538714,1010.20123
1549565538752,1010.20123
1549565538789,1010.2168
1549565538825,1010.2168
1549565538869,1010.2168
1549565538906,1010.2168
1549565538940,1010.4041
1549565538980,1010.4041
1549565539018,1010.4041
1549565539056,1010.4041
1549565539098,1010.31805
1549565539138,1010.31805
1549565539172,1010.31805
1549565539211,1010.38
1549565539252,1010.38
1549565539288,1010.38
1549565539328,1010.38
1549565539364,1010.5294
1549565539401,1010.5294
1549565539442,1010.5294
1549565539480,1010.5294
1549565539518,1010.6126
1549565539555,1010.6126
1549565539595,1010.6126
1549565539633,1010.6126
1549565539675,1010.7325
1549565539711,1010.7325
1549565539751,1010.7325
1549565539786,1010.21564
1549565539830,1010.21564
1549565539862,1010.21564
1549565539905,1010.21564
1549565539952,1010.1479
1549565539982,1010.1479
1549565540016,1010.1479
1549565540055,1010.1479
1549565540094,1010.1925
1549565540132,1010.1925
1549565540172,1010.1925
1549565540214,1010.1925
1549565540257,1010.1674
1549565540287,1010.1674
1549565540325,1010.1674
1549565540377,1010.386
1549565540402,1010.386
1549565540441,1010.386
1549565540478,1010.386
1549565540518,1010.3009
1549565540557,1010.3009
1549565540594,1010.3009
1549565540633,1010.3009
1549565540671,1010.1512
1549565540709,1010.1512
1549565540756,1010.1512
1549565540786,1010.42316
1549565540825,1010.42316
1549565540864,1010.42316
1549565540905,1010.42316
1549565540939,1010.5475
1549565540978,1010.5475
1549565541018,1010.5475
1549565541057,1010.5475
1549565541094,1010.8709
1549565541133,1010.8709
1549565541170,1010.8709
1549565541211,1010.8709
1549565541248,1010.38837
1549565541286,1010.38837
1549565541323,1010.38837
1549565541364,1009.99023
1549565541402,1009.99023
1549565541440,1009.99023
1549565541480,1009.99023
1549565541517,1010.12756
1549565541556,1010.12756
1549565541596,1010.12756
1549565541632,1010.12756
1549565541671,1010.1729
1549565541711,1010.1729
1549565541749,1010.1729
1549565541789,1010.1729
1549565541825,1010.50305
1549565541865,1010.50305
1549565541901,1010.50305
1549565541941,1010.44104
1549565541981,1010.44104
1549565542018,1010.44104
1549565542057,1010.44104
1549565542095,1010.1839
1549565542132,1010.1839
1549565542171,1010.1839
1549565542211,1010.1839
1549565542249,1010.4485
1549565542287,1010.4485
1549565542323,1010.4485
1549565542365,1010.52014
1549565542402,1010.52014
1549565542440,1010.52014
1549565542480,1010.52014
1549565542515,1010.727
1549565542555,1010.727
1549565542595,1010.727
1549565542636,1010.727
1549565542672,1010.3903
1549565542710,1010.3903
1549565542753,1010.3903
1549565542786,1010.3903
1549565542825,1009.9951
1549565542862,1009.9951
1549565542902,1009.9951
1549565542941,1010.0673
1549565542978,1010.0673
1549565543016,1010.0673
1549565543056,1010.0673
1549565543097,1010.096
1549565543132,1010.096
1549565543170,1010.096
1549565543212,1010.096
1549565543250,1010.35376
1549565543285,1010.35376
1549565543325,1010.35376
1549565543362,1010.35376
1549565543402,1010.53326
1549565543441,1010.53326
1549565543481,1010.53326
1549565543522,1010.2452
1549565543558,1010.2452
1549565543608,1010.2452
1549565543632,1010.2452
1549565543671,1010.4684
1549565543711,1010.4684
1549565543749,1010.4684
1549565543785,1010.4684
1549565543829,1010.5278
1549565543862,1010.5278
1549565543901,1010.5278
1549565543940,1010.83496
1549565543979,1010.83496
1549565544018,1010.83496
1549565544056,1010.83496
1549565544100,1010.4528
1549565544133,1010.4528
1549565544171,1010.4528
1549565544209,1010.4528
1549565544249,1009.9683
1549565544286,1009.9683
1549565544323,1009.9683
1549565544364,1009.9683
1549565544403,1010.053
1549565544443,1010.053
1549565544477,1010.053
1549565544519,1010.05634
1549565544555,1010.05634
1549565544595,1010.05634
1549565544634,1010.05634
1549565544671,1010.3852
1549565544711,1010.3852
1549565544747,1010.3852
1549565544786,1010.3852
1549565544823,1010.4997
1549565544866,1010.4997
1549565544903,1010.4997
1549565544941,1010.4997
1549565544980,1010.2502
1549565545016,1010.2502
1549565545055,1010.2502
1549565545093,1010.4559
1549565545131,1010.4559
1549565545171,1010.4559
1549565545208,1010.4559
1549565545254,1010.5258
1549565545289,1010.5258
1549565545327,1010.5258
1549565545360,1010.5258
1549565545402,1010.7995
1549565545439,1010.7995
1549565545481,1010.7995
1549565545517,1010.54816
1549565545555,1010.54816
1549565545594,1010.54816
1549565545632,1010.54816
1549565545669,1010.08136
1549565545709,1010.08136
1549565545751,1010.08136
1549565545784,1010.08136
1549565545825,1010.13086
1549565545864,1010.13086
1549565545902,1010.13086
1549565545939,1010.13086
1549565545989,1010.1242
1549565546014,1010.1242
1549565546055,1010.1242
1549565546096,1010.29974
1549565546132,1010.29974
1549565546170,1010.29974
1549565546207,1010.29974
1549565546251,1010.5441
1549565546287,1010.5441
1549565546333,1010.5441
1549565546361,1010.5441
1549565546400,1010.154
1549565546439,1010.154
1549565546477,1010.154
1549565546518,1010.154
1549565546554,1010.3421
1549565546593,1010.3421
1549565546632,1010.3421
1549565546671,1010.5877
1549565546712,1010.5877
1549565546747,1010.5877
1549565546785,1010.5877
1549565546827,1010.7651
1549565546868,1010.7651
1549565546904,1010.7651
1549565546939,1010.7651
1549565546979,1010.7494
1549565547017,1010.7494
1549565547055,1010.7494
1549565547095,1010.2644
1549565547131,1010.2644
1549565547170,1010.2644
1549565547214,1010.2644
1549565547247,1010.1516
1549565547283,1010.1516
1549565547323,1010.1516
1549565547364,1010.1516
1549565547405,1010.1761
1549565547448,1010.1761
1549565547479,1010.1761
1549565547520,1010.1761
1549565547556,1010.2237
1549565547594,1010.2237
1549565547631,1010.2237
1549565547670,1010.3887
1549565547706,1010.3887
1549565547750,1010.3887
1549565547784,1010.3887
1549565547823,1010.3708
1549565547861,1010.3708
1549565547901,1010.3708
1549565547939,1010.3708
1549565547978,1010.29486
1549565548017,1010.29486
1549565548055,1010.29486
1549565548095,1010.29486
1549565548132,1010.5006
1549565548170,1010.5006
1549565548211,1010.5006
1549565548248,1010.57605
1549565548286,1010.57605
1549565548327,1010.57605
1549565548360,1010.57605
1549565548401,1010.81116
1549565548439,1010.81116
1549565548476,1010.81116
1549565548516,1010.81116
1549565548555,1010.6954
1549565548594,1010.6954
1549565548633,1010.6954
1549565548668,1010.6954
1549565548710,1010.16754
1549565548748,1010.16754
1549565548792,1010.16754
1549565548822,1010.16895
1549565548862,1010.16895
1549565548901,1010.16895
1549565548938,1010.16895
1549565548977,1010.19324
1549565549016,1010.19324
1549565549056,1010.19324
1549565549095,1010.19324
1549565549132,1010.3194
1549565549170,1010.3194
1549565549210,1010.3194
1549565549249,1010.50287
1549565549289,1010.50287
1549565549323,1010.50287
1549565549360,1010.50287
1549565549399,1010.4041
1549565549439,1010.4041
1549565549478,1010.4041
1549565549518,1010.4041
1549565549557,1010.33575
1549565549594,1010.33575
1549565549630,1010.33575
1549565549671,1010.33575
1549565549706,1010.55457
1549565549745,1010.55457
1549565549787,1010.55457
1549565549826,1010.5628
1549565549863,1010.5628
1549565549902,1010.5628
1549565549938,1010.5628
1549565549977,1010.91327
1549565550015,1010.91327
1549565550054,1010.91327
1549565550093,1010.91327
1549565550130,1010.59
1549565550169,1010.59
1549565550209,1010.59
1549565550248,1010.59
1549565550284,1010.11676
1549565550323,1010.11676
1549565550366,1010.11676
1549565550403,1010.1451
1549565550438,1010.1451
1549565550480,1010.1451
1549565550517,1010.1451
1549565550554,1010.1177
1549565550593,1010.1177
1549565550632,1010.1177
1549565550667,1010.1177
1549565550707,1010.2201
1549565550747,1010.2201
1549565550782,1010.2201
1549565550820,1010.54016
1549565550860,1010.54016
1549565550900,1010.54016
1549565550940,1010.54016
1549565550979,1010.2296
1549565551017,1010.2296
1549565551052,1010.2296
1549565551093,1010.2296
1549565551135,1010.3757
1549565551169,1010.3757
1549565551209,1010.3757
1549565551246,1010.3757
1549565551289,1010.52765
1549565551324,1010.52765
1549565551365,1010.52765
1549565551399,1010.6436
1549565551437,1010.6436
1549565551477,1010.6436
1549565551514,1010.6436
1549565551553,1010.7546
1549565551592,1010.7546
1549565551632,1010.7546
1549565551669,1010.7546
1549565551705,1010.2414
1549565551746,1010.2414
1549565551792,1010.2414
1549565551821,1010.2414
1549565551861,1009.9635
1549565551898,1009.9635
1549565551937,1009.9635
1549565551976,1010.0322
1549565552016,1010.0322
1549565552055,1010.0322
1549565552093,1010.0322
1549565552129,1010.05505
1549565552169,1010.05505
1549565552205,1010.05505
1549565552247,1010.05505
1549565552285,1010.0972
1549565552322,1010.0972
1549565552362,1010.0972
1549565552401,1010.15326
1549565552438,1010.15326
1549565552477,1010.15326
1549565552515,1010.15326
1549565552561,1010.221
1549565552593,1010.221
1549565552630,1010.221
1549565552672,1010.221
1549565552707,1010.263
1549565552746,1010.263
1549565552784,1010.263
1549565552821,1010.263
1549565552861,1010.3363
1549565552898,1010.3363
1549565552942,1010.3363
1549565552977,1010.3695
1549565553014,1010.3695
1549565553053,1010.3695
1549565553092,1010.3695
1549565553137,1010.3062
1549565553170,1010.3062
1549565553206,1010.3062
1549565553244,1010.3062
1549565553284,1010.2653
1549565553322,1010.2653
1549565553360,1010.2653
1549565553401,1010.2653
1549565553439,1010.27515
1549565553477,1010.27515
1549565553518,1010.27515
1549565553564,1010.3189
1549565553590,1010.3189
1549565553635,1010.3189
1549565553668,1010.3189
1549565553706,1010.3428
1549565553750,1010.3428
1549565553783,1010.3428
1549565553820,1010.3428
1549565553860,1010.51624
1549565553899,1010.51624
1549565553938,1010.51624
1549565553979,1010.7199
1549565554015,1010.7199
1549565554057,1010.7199
1549565554090,1010.7199
1549565554134,1010.46967
1549565554167,1010.46967
1549565554207,1010.46967
1549565554247,1010.46967
1549565554284,1010.38654
1549565554321,1010.38654
1549565554360,1010.38654
1549565554400,1010.38654
1549565554437,1010.3595
1549565554476,1010.3595
1549565554515,1010.3595
1549565554553,1010.35876
1549565554594,1010.35876
1549565554636,1010.35876
1549565554670,1010.35876
1549565554707,1010.3581
1549565554744,1010.3581
1549565554783,1010.3581
1549565554821,1010.3581
1549565554865,1010.35736
1549565554898,1010.35736
1549565554944,1010.35736
1549565554975,1010.35736
1549565555012,1010.36017
1549565555051,1010.36017
1549565555091,1010.36017
1549565555130,1010.38934
1549565555173,1010.38934
1549565555204,1010.38934
1549565555245,1010.38934
1549565555283,1010.3744
1549565555321,1010.3744
1549565555366,1010.3744
1549565555401,1010.3744
1549565555436,1010.3493
1549565555475,1010.3493
1549565555514,1010.3493
1549565555555,1010.3426
1549565555590,1010.3426
1549565555628,1010.3426
1549565555666,1010.3426
