1549566459348,1009.3343
1549566459348,1009.3343
1549566459387,1009.3343
1549566459425,1009.3343
1549566459465,1009.3256
1549566459502,1009.3256
1549566459540,1009.3256
1549566459584,1009.3256
1549566459618,1009.3274
1549566459657,1009.3274
1549566459698,1009.3274
1549566459736,1009.3274
1549566459772,1009.32306
1549566459810,1009.32306
1549566459849,1009.32306
1549566459889,1009.32306
1549566459928,1009.3176
1549566459968,1009.3176
1549566460015,1009.3176
1549566460041,1009.3176
1549566460079,1009.32336
1549566460128,1009.32336
1549566460156,1009.32336
1549566460197,1009.32336
1549566460236,1009.32306
1549566460274,1009.32306
1549566460312,1009.32306
1549566460348,1009.32306
1549566460391,1009.3253
1549566460426,1009.3253
1549566460466,1009.3253
1549566460508,1009.3253
1549566460542,1009.3292
1549566460579,1009.3292
1549566460620,1009.3292
1549566460660,1009.3292
1549566460697,1009.3292
1549566460734,1009.3356
1549566460773,1009.3356
1549566460811,1009.3356
1549566460853,1009.3356
1549566460888,1009.3264
1549566460927,1009.3264
1549566460967,1009.3264
1549566461007,1009.3264
1549566461040,1009.321
1549566461081,1009.321
1549566461122,1009.321
1549566461184,1009.321
1549566461220,1009.3062
1549566461250,1009.3062
1549566461270,1009.3062
1549566461314,1009.3062
1549566461348,1009.3073
1549566461386,1009.3073
1549566461427,1009.3073
1549566461465,1009.3073
1549566461504,1009.30115
1549566461542,1009.30115
1549566461579,1009.30115
1549566461624,1009.30115
1549566461657,1009.2998
1549566461698,1009.2998
1549566461732,1009.2998
1549566461771,1009.2998
1549566461811,1009.2986
1549566461848,1009.2986
1549566461889,1009.2986
1549566461926,1009.2986
1549566461964,1009.30707
1549566462003,1009.30707
1549566462040,1009.30707
1549566462082,1009.30707
1549566462126,1009.30707
1549566462157,1009.30133
1549566462199,1009.30133
1549566462234,1009.30133
1549566462272,1009.30133
1549566462312,1009.3058
1549566462350,1009.3058
1549566462388,1009.3058
1549566462429,1009.3058
1549566462468,1009.3164
1549566462505,1009.3164
1549566462542,1009.3164
1549566462581,1009.3164
1549566462621,1009.31885
1549566462655,1009.31885
1549566462695,1009.31885
1549566462739,1009.31885
1549566462776,1009.3168
1549566462816,1009.3168
1549566462849,1009.3168
1549566462916,1009.3168
1549566462930,1009.3168
1549566462964,1009.3168
1549566463004,1009.3168
1549566463042,1009.3168
1549566463081,1009.3086
1549566463123,1009.3086
1549566463197,1009.3086
1549566463197,1009.3086
1549566463242,1009.32446
1549566463280,1009.32446
1549566463309,1009.32446
1549566463348,1009.32446
1549566463387,1009.32446
1549566463427,1009.3142
1549566463463,1009.3142
1549566463502,1009.3142
1549566463544,1009.3142
1549566463578,1009.30444
1549566463619,1009.30444
1549566463658,1009.30444
1549566463702,1009.30444
1549566463732,1009.29834
1549566463770,1009.29834
1549566463811,1009.29834
1549566463847,1009.29834
1549566463887,1009.29504
1549566463932,1009.29504
1549566463963,1009.29504
1549566464002,1009.29504
1549566464046,1009.2787
1549566464084,1009.2787
1549566464118,1009.2787
1549566464155,1009.2787
1549566464194,1009.2934
1549566464233,1009.2934
1549566464271,1009.2934
1549566464309,1009.2934
1549566464347,1009.2901
1549566464386,1009.2901
1549566464425,1009.2901
1549566464464,1009.2901
1549566464504,1009.29663
1549566464541,1009.29663
1549566464580,1009.29663
1549566464620,1009.29663
1549566464657,1009.29663
1549566464694,1009.2938
1549566464731,1009.2938
1549566464771,1009.2938
1549566464810,1009.2938
1549566464852,1009.3212
1549566464887,1009.3212
1549566464925,1009.3212
1549566464964,1009.3212
1549566465009,1009.3065
1549566465043,1009.3065
1549566465077,1009.3065
1549566465121,1009.3065
1549566465159,1009.3065
1549566465210,1009.3065
1549566465239,1009.3065
1549566465270,1009.3065
1549566465309,1009.3163
1549566465346,1009.3163
1549566465388,1009.3163
1549566465424,1009.3163
1549566465463,1009.3102
1549566465502,1009.3102
1549566465541,1009.3102
1549566465578,1009.3102
1549566465616,1009.3119
1549566465656,1009.3119
1549566465695,1009.3119
1549566465732,1009.3119
1549566465770,1009.31067
1549566465808,1009.31067
1549566465849,1009.31067
1549566465887,1009.31067
1549566465926,1009.31885
1549566465963,1009.31885
1549566466003,1009.31885
1549566466041,1009.31885
1549566466080,1009.31885
1549566466118,1009.3098
1549566466156,1009.3098
1549566466202,1009.3098
1549566466234,1009.3098
1549566466272,1009.3147
1549566466309,1009.3147
1549566466347,1009.3147
1549566466385,1009.3147
1549566466427,1009.30817
1549566466467,1009.30817
1549566466501,1009.30817
1549566466539,1009.30817
1549566466579,1009.29675
1549566466618,1009.29675
1549566466655,1009.29675
1549566466695,1009.29675
1549566466731,1009.2939
1549566466774,1009.2939
1549566466809,1009.2939
1549566466848,1009.2939
1549566466887,1009.29926
1549566466926,1009.29926
1549566466963,1009.29926
1549566467000,1009.29926
1549566467041,1009.30255
1549566467078,1009.30255
1549566467121,1009.30255
1549566467154,1009.30255
1549566467222,1009.303
1549566467234,1009.303
1549566467271,1009.303
1549566467308,1009.303
1549566467348,1009.303
1549566467387,1009.3038
1549566467423,1009.3038
1549566467461,1009.3038
1549566467506,1009.3038
1549566467539,1009.30585
1549566467578,1009.30585
1549566467621,1009.30585
1549566467656,1009.30585
1549566467695,1009.3124
1549566467730,1009.3124
1549566467770,1009.3124
1549566467813,1009.3124
1549566467847,1009.3194
1549566467890,1009.3194
1549566467924,1009.3194
1549566467965,1009.3194
1549566468000,1009.3227
1549566468039,1009.3227
1549566468080,1009.3227
1549566468121,1009.3227
1549566468154,1009.3309
1549566468195,1009.3309
1549566468232,1009.3309
1549566468270,1009.3309
1549566468309,1009.3313
1549566468347,1009.3313
1549566468386,1009.3313
1549566468427,1009.3313
1549566468461,1009.33374
1549566468502,1009.33374
1549566468540,1009.33374
1549566468578,1009.33374
1549566468623,1009.3293
1549566468653,1009.3293
1549566468696,1009.3293
1549566468731,1009.3293
1549566468770,1009.3293
1549566468809,1009.3236
1549566468846,1009.3236
1549566468886,1009.3236
1549566468925,1009.3236
1549566468963,1009.3253
1549566469001,1009.3253
1549566469041,1009.3253
1549566469080,1009.3253
1549566469117,1009.3069
1549566469155,1009.3069
1549566469195,1009.3069
1549566469232,1009.3069
1549566469272,1009.3024
1549566469309,1009.3024
1549566469348,1009.3024
1549566469387,1009.3024
1549566469425,1009.3045
1549566469462,1009.3045
1549566469503,1009.3045
1549566469538,1009.3045
1549566469580,1009.30005
1549566469617,1009.30005
1549566469658,1009.30005
1549566469708,1009.30005
1549566469732,1009.3041
1549566469770,1009.3041
1549566469809,1009.3041
1549566469849,1009.3041
1549566469886,1009.31396
1549566469923,1009.31396
1549566469963,1009.31396
1549566470001,1009.31396
1549566470041,1009.31396
1549566470077,1009.3111
1549566470126,1009.3111
1549566470155,1009.3111
1549566470194,1009.3111
1549566470234,1009.31274
1549566470269,1009.31274
1549566470307,1009.31274
1549566470346,1009.31274
1549566470387,1009.31647
1549566470424,1009.31647
1549566470462,1009.31647
1549566470514,1009.31647
1549566470539,1009.31854
1549566470578,1009.31854
1549566470616,1009.31854
1549566470654,1009.31854
1549566470695,1009.3095
1549566470730,1009.3095
1549566470770,1009.3095
1549566470811,1009.3095
1549566470846,1009.3095
1549566470886,1009.3095
1549566470925,1009.3095
1549566470962,1009.3095
1549566471001,1009.31
1549566471043,1009.31
1549566471078,1009.31
1549566471118,1009.31
1549566471154,1009.3149
1549566471195,1009.3149
1549566471232,1009.3149
1549566471271,1009.3149
1549566471310,1009.3149
1549566471345,1009.31934
1549566471386,1009.31934
1549566471425,1009.31934
1549566471463,1009.31934
1549566471502,1009.32263
1549566471539,1009.32263
1549566471579,1009.32263
1549566471619,1009.32263
1549566471654,1009.321
1549566471692,1009.321
1549566471740,1009.321
1549566471776,1009.321
1549566471806,1009.31445
1549566471847,1009.31445
1549566471887,1009.31445
1549566471924,1009.31445
1549566471961,1009.31775
1549566472001,1009.31775
1549566472043,1009.31775
1549566472080,1009.31775
1549566472116,1009.31934
1549566472154,1009.31934
1549566472192,1009.31934
1549566472232,1009.31934
1549566472271,1009.32263
1549566472307,1009.32263
1549566472345,1009.32263
1549566472395,1009.32263
1549566472423,1009.3259
1549566472464,1009.3259
1549566472501,1009.3259
1549566472541,1009.3259
1549566472578,1009.32635
1549566472615,1009.32635
1549566472657,1009.32635
1549566472694,1009.32635
1549566472732,1009.32635
1549566472771,1009.328
1549566472807,1009.328
1549566472846,1009.328
1549566472887,1009.328
1549566472923,1009.32025
1549566472962,1009.32025
1549566473001,1009.32025
1549566473039,1009.32025
1549566473079,1009.32355
1549566473120,1009.32355
1549566473157,1009.32355
1549566473194,1009.32355
1549566473231,1009.32513
1549566473270,1009.32513
1549566473311,1009.32513
1549566473347,1009.32513
1549566473385,1009.3301
1549566473429,1009.3301
1549566473461,1009.3301
1549566473500,1009.3301
1549566473539,1009.3207
1549566473576,1009.3207
1549566473616,1009.3207
1549566473653,1009.3207
1549566473692,1009.3186
1549566473732,1009.3186
1549566473768,1009.3186
1549566473809,1009.3186
1549566473847,1009.33496
1549566473888,1009.33496
1549566473923,1009.33496
1549566473965,1009.33496
1549566474002,1009.33496
1549566474039,1009.3362
1549566474077,1009.3362
1549566474116,1009.3362
1549566474153,1009.3362
1549566474193,1009.33453
1549566474233,1009.33453
1549566474268,1009.33453
1549566474307,1009.33453
1549566474349,1009.33777
1549566474383,1009.33777
1549566474423,1009.33777
1549566474464,1009.33777
1549566474499,1009.3366
1549566474539,1009.3366
1549566474577,1009.3366
1549566474615,1009.3366
1549566474658,1009.3399
1549566474692,1009.3399
1549566474733,1009.3399
1549566474769,1009.3399
1549566474808,1009.3338
1549566474849,1009.3338
1549566474887,1009.3338
1549566474927,1009.3338
1549566474969,1009.3338
1549566475001,1009.3338
1549566475039,1009.3338
1549566475077,1009.3338
1549566475115,1009.3346
1549566475157,1009.3346
1549566475192,1009.3346
1549566475230,1009.3346
1549566475269,1009.3346
1549566475309,1009.3379
1549566475346,1009.3379
1549566475386,1009.3379
1549566475424,1009.3379
1549566475461,1009.3411
1549566475508,1009.3411
1549566475539,1009.3411
1549566475578,1009.3411
1549566475615,1009.34766
1549566475656,1009.34766
1549566475693,1009.34766
1549566475730,1009.34766
1549566475768,1009.3608
1549566475810,1009.3608
1549566475845,1009.3608
1549566475884,1009.3608
1549566475923,1009.3547
1549566475964,1009.3547
1549566475999,1009.3547
1549566476037,1009.3547
1549566476080,1009.34204
1549566476117,1009.34204
1549566476153,1009.34204
1549566476190,1009.34204
1549566476235,1009.33386
1549566476268,1009.33386
1549566476307,1009.33386
1549566476347,1009.33386
1549566476385,1009.3331
1549566476425,1009.3331
1549566476464,1009.3331
1549566476501,1009.3331
1549566476536,1009.33636
1549566476578,1009.33636
1549566476616,1009.33636
1549566476654,1009.33636
1549566476695,1009.33636
1549566476731,1009.3413
1549566476768,1009.3413
1549566476808,1009.3413
1549566476851,1009.3413
1549566476885,1009.34534
1549566476921,1009.34534
1549566476960,1009.34534
1549566477000,1009.34534
1549566477039,1009.33435
1549566477077,1009.33435
1549566477115,1009.33435
1549566477153,1009.33435
1549566477191,1009.3331
1549566477230,1009.3331
1549566477269,1009.3331
1549566477306,1009.3331
1549566477346,1009.3348
1549566477386,1009.3348
1549566477422,1009.3348
1549566477461,1009.3348
1549566477500,1009.3336
1549566477555,1009.3336
1549566477579,1009.3336
1549566477615,1009.3336
1549566477657,1009.3279
1549566477692,1009.3279
1549566477730,1009.3279
1549566477769,1009.3279
1549566477811,1009.3279
1549566477846,1009.3279
1549566477885,1009.3279
1549566477922,1009.3279
1549566477962,1009.3279
1549566477999,1009.33325
1549566478037,1009.33325
1549566478077,1009.33325
1549566478117,1009.33325
1549566478160,1009.33203
1549566478190,1009.33203
1549566478230,1009.33203
1549566478269,1009.33203
1549566478308,1009.33575
1549566478349,1009.33575
1549566478382,1009.33575
1549566478420,1009.33575
1549566478461,1009.3521
1549566478499,1009.3521
1549566478538,1009.3521
1549566478577,1009.3521
1549566478614,1009.35864
1549566478657,1009.35864
1549566478691,1009.35864
1549566478730,1009.35864
1549566478772,1009.3611
1549566478808,1009.3611
1549566478848,1009.3611
1549566478884,1009.3611
1549566478921,1009.34515
1549566478965,1009.34515
1549566479000,1009.34515
1549566479038,1009.34515
1549566479076,1009.34564
1549566479115,1009.34564
1549566479153,1009.34564
1549566479191,1009.34564
1549566479231,1009.34564
1549566479268,1009.3412
1549566479310,1009.3412
1549566479347,1009.3412
1549566479383,1009.3412
1549566479423,1009.3351
1549566479462,1009.3351
1549566479499,1009.3351
1549566479537,1009.3351
1549566479576,1009.34076
1549566479615,1009.34076
1549566479659,1009.34076
1549566479690,1009.34076
1549566479730,1009.3363
1549566479770,1009.3363
1549566479808,1009.3363
1549566479848,1009.3363
1549566479886,1009.3412
1549566479923,1009.3412
1549566479963,1009.3412
1549566480001,1009.3412
1549566480039,1009.3433
1549566480082,1009.3433
1549566480112,1009.3433
1549566480153,1009.3433
1549566480189,1009.34045
1549566480227,1009.34045
1549566480267,1009.34045
1549566480305,1009.34045
1549566480345,1009.3356
1549566480383,1009.3356
1549566480423,1009.3356
1549566480462,1009.3356
1549566480506,1009.34454
1549566480535,1009.34454
1549566480574,1009.34454
1549566480615,1009.34454
1549566480651,1009.34454
1549566480694,1009.3434
1549566480731,1009.3434
1549566480768,1009.3434
1549566480809,1009.3434
1549566480845,1009.33887
1549566480883,1009.33887
1549566480922,1009.33887
1549566480960,1009.33887
1549566481000,1009.3438
1549566481038,1009.3438
1549566481082,1009.3438
1549566481117,1009.3438
1549566481156,1009.359
1549566481192,1009.359
1549566481228,1009.359
1549566481270,1009.359
1549566481310,1009.3467
1549566481346,1009.3467
1549566481383,1009.3467
1549566481422,1009.3467
1549566481461,1009.3467
1549566481498,1009.3467
1549566481536,1009.3467
1549566481576,1009.3467
1549566481613,1009.34717
1549566481660,1009.34717
1549566481691,1009.34717
1549566481728,1009.34717
1549566481769,1009.35205
1549566481811,1009.35205
1549566481847,1009.35205
1549566481884,1009.35205
1549566481922,1009.35205
1549566481964,1009.3464
1549566482001,1009.3464
1549566482036,1009.3464
1549566482077,1009.3464
1549566482116,1009.3464
1549566482154,1009.3464
1549566482190,1009.3464
1549566482232,1009.3464
1549566482267,1009.348
1549566482309,1009.348
1549566482344,1009.348
1549566482384,1009.348
1549566482421,1009.3464
1549566482461,1009.3464
1549566482498,1009.3464
1549566482541,1009.3464
1549566482576,1009.34033
1549566482625,1009.34033
1549566482654,1009.34033
1549566482690,1009.34033
1549566482729,1009.33704
1549566482768,1009.33704
1549566482808,1009.33704
1549566482854,1009.33704
1549566482885,1009.3386
1549566482920,1009.3386
1549566482960,1009.3386
1549566482998,1009.3386
1549566483036,1009.3529
1549566483078,1009.3529
1549566483116,1009.3529
1549566483153,1009.3529
1549566483189,1009.3529
1549566483237,1009.3562
1549566483267,1009.3562
1549566483308,1009.3562
1549566483347,1009.3562
1549566483383,1009.35175
1549566483422,1009.35175
1549566483461,1009.35175
1549566483500,1009.35175
1549566483537,1009.35175
1549566483580,1009.35175
1549566483613,1009.35175
1549566483655,1009.35175
1549566483690,1009.346
1549566483728,1009.346
1549566483766,1009.346
1549566483808,1009.346
1549566483847,1009.33777
1549566483883,1009.33777
1549566483921,1009.33777
1549566483960,1009.33777
1549566484000,1009.3362
1549566484037,1009.3362
1549566484075,1009.3362
1549566484114,1009.3362
1549566484153,1009.3366
1549566484189,1009.3366
1549566484229,1009.3366
1549566484272,1009.3366
1549566484306,1009.33496
1549566484346,1009.33496
1549566484386,1009.33496
1549566484421,1009.33496
1549566484458,1009.3427
1549566484496,1009.3427
1549566484538,1009.3427
1549566484575,1009.3427
1549566484612,1009.3427
1549566484656,1009.34436
1549566484691,1009.34436
1549566484728,1009.34436
1549566484769,1009.34436
1549566484806,1009.33777
1549566484845,1009.33777
1549566484881,1009.33777
1549566484923,1009.33777
1549566484959,1009.3366
1549566484998,1009.3366
1549566485035,1009.3366
1549566485074,1009.3366
1549566485113,1009.34436
1549566485152,1009.34436
1549566485191,1009.34436
1549566485227,1009.34436
1549566485265,1009.34155
1549566485306,1009.34155
1549566485343,1009.34155
1549566485382,1009.34155
1549566485421,1009.33545
1549566485460,1009.33545
1549566485502,1009.33545
1549566485537,1009.33545
1549566485574,1009.342
1549566485615,1009.342
1549566485654,1009.342
1549566485689,1009.342
1549566485728,1009.3408
1549566485769,1009.3408
1549566485808,1009.3408
1549566485843,1009.3408
1549566485884,1009.3408
1549566485920,1009.3457
1549566485959,1009.3457
1549566485999,1009.3457
1549566486036,1009.3457
1549566486076,1009.34973
1549566486114,1009.34973
1549566486150,1009.34973
1549566486188,1009.34973
1549566486230,1009.3502
1549566486268,1009.3502
1549566486305,1009.3502
1549566486344,1009.3502
1549566486380,1009.36005
1549566486421,1009.36005
1549566486463,1009.36005
1549566486499,1009.36005
1549566486534,1009.3588
1549566486573,1009.3588
1549566486613,1009.3588
1549566486651,1009.3588
1549566486706,1009.3638
1549566486727,1009.3638
1549566486766,1009.3638
1549566486806,1009.3638
1549566486843,1009.356
1549566486881,1009.356
1549566486921,1009.356
1549566486960,1009.356
1549566486999,1009.356
1549566487037,1009.356
1549566487075,1009.356
1549566487118,1009.356
1549566487157,1009.356
1549566487188,1009.35846
1549566487229,1009.35846
1549566487266,1009.35846
1549566487303,1009.35846
1549566487343,1009.35516
1549566487382,1009.35516
1549566487427,1009.35516
1549566487461,1009.35516
1549566487495,1009.34906
1549566487537,1009.34906
1549566487576,1009.34906
1549566487612,1009.34906
1549566487651,1009.3512
1549566487688,1009.3512
1549566487732,1009.3512
1549566487766,1009.3512
1549566487805,1009.34424
1549566487842,1009.34424
1549566487888,1009.34424
1549566487921,1009.34424
1549566487960,1009.3512
1549566487996,1009.3512
1549566488038,1009.3512
1549566488076,1009.3512
1549566488113,1009.3512
1549566488152,1009.3512
1549566488191,1009.3512
1549566488228,1009.3512
1549566488271,1009.3517
1549566488307,1009.3517
1549566488342,1009.3517
1549566488382,1009.3517
1549566488421,1009.3456
1549566488458,1009.3456
1549566488499,1009.3456
1549566488538,1009.3456
1549566488573,1009.3456
1549566488611,1009.35376
1549566488652,1009.35376
1549566488688,1009.35376
1549566488727,1009.35376
1549566488766,1009.3501
1549566488806,1009.3501
1549566488843,1009.3501
1549566488880,1009.3501
1549566488922,1009.3473
1549566488957,1009.3473
1549566488996,1009.3473
1549566489037,1009.3473
1549566489076,1009.3477
1549566489111,1009.3477
1549566489153,1009.3477
1549566489188,1009.3477
1549566489230,1009.3498
1549566489266,1009.3498
1549566489304,1009.3498
1549566489342,1009.3498
1549566489382,1009.35547
1549566489422,1009.35547
1549566489458,1009.35547
1549566489501,1009.35547
1549566489534,1009.35876
1549566489573,1009.35876
1549566489611,1009.35876
1549566489652,1009.35876
1549566489687,1009.3625
1549566489726,1009.3625
1549566489771,1009.3625
1549566489804,1009.3625
1549566489842,1009.3625
1549566489883,1009.36127
1549566489920,1009.36127
1549566489958,1009.36127
1549566489995,1009.36127
1549566490037,1009.3634
1549566490077,1009.3634
1549566490110,1009.3634
1549566490152,1009.3634
1549566490187,1009.36255
1549566490226,1009.36255
1549566490267,1009.36255
1549566490304,1009.36255
1549566490346,1009.35803
1549566490382,1009.35803
1549566490425,1009.35803
1549566490458,1009.35803
1549566490496,1009.3585
1549566490534,1009.3585
1549566490573,1009.3585
1549566490611,1009.3585
1549566490650,1009.35406
1549566490687,1009.35406
1549566490729,1009.35406
1549566490769,1009.35406
1549566490804,1009.35614
1549566490842,1009.35614
1549566490882,1009.35614
1549566490923,1009.35614
1549566490958,1009.3545
1549566490996,1009.3545
1549566491035,1009.3545
1549566491075,1009.3545
1549566491114,1009.3545
1549566491151,1009.34265
1549566491188,1009.34265
1549566491230,1009.34265
1549566491268,1009.34265
1549566491307,1009.3353
1549566491344,1009.3353
1549566491384,1009.3353
1549566491419,1009.3353
1549566491458,1009.3333
1549566491497,1009.3333
1549566491535,1009.3333
1549566491586,1009.3333
1549566491612,1009.34033
1549566491648,1009.34033
1549566491688,1009.34033
1549566491725,1009.34033
1549566491764,1009.34686
1549566491804,1009.34686
1549566491841,1009.34686
1549566491880,1009.34686
1549566491920,1009.3473
1549566491959,1009.3473
1549566491998,1009.3473
1549566492034,1009.3473
1549566492073,1009.34973
1549566492114,1009.34973
1549566492150,1009.34973
1549566492189,1009.34973
1549566492227,1009.3481
1549566492268,1009.3481
1549566492305,1009.3481
1549566492341,1009.3481
1549566492383,1009.353
1549566492422,1009.353
1549566492457,1009.353
1549566492497,1009.353
1549566492536,1009.353
1549566492572,1009.3469
1549566492611,1009.3469
1549566492650,1009.3469
1549566492690,1009.3469
1549566492727,1009.3408
1549566492764,1009.3408
1549566492803,1009.3408
1549566492841,1009.3408
1549566492880,1009.3441
1549566492920,1009.3441
1549566492962,1009.3441
1549566492995,1009.3441
1549566493036,1009.3494
1549566493072,1009.3494
1549566493110,1009.3494
1549566493149,1009.3494
1549566493189,1009.34454
1549566493227,1009.34454
1549566493270,1009.34454
1549566493302,1009.34454
1549566493342,1009.34534
1549566493380,1009.34534
1549566493419,1009.34534
1549566493457,1009.34534
1549566493495,1009.35516
1549566493535,1009.35516
1549566493571,1009.35516
1549566493612,1009.35516
1549566493651,1009.3535
1549566493686,1009.3535
1549566493727,1009.3535
1549566493764,1009.3535
1549566493804,1009.3535
1549566493841,1009.3441
1549566493880,1009.3441
1549566493918,1009.3441
1549566493959,1009.3441
1549566493996,1009.3462
1549566494034,1009.3462
1549566494072,1009.3462
1549566494111,1009.3462
1549566494149,1009.3495
1549566494187,1009.3495
1549566494227,1009.3495
1549566494266,1009.3495
1549566494305,1009.3589
1549566494344,1009.3589
1549566494381,1009.3589
1549566494417,1009.3589
1549566494458,1009.35724
1549566494504,1009.35724
1549566494536,1009.35724
1549566494576,1009.35724
1549566494610,1009.3654
1549566494650,1009.3654
1549566494695,1009.3654
1549566494726,1009.3654
1549566494766,1009.3605
1549566494803,1009.3605
1549566494842,1009.3605
1549566494879,1009.3605
1549566494919,1009.35767
1549566494957,1009.35767
1549566494994,1009.35767
1549566495035,1009.35767
1549566495072,1009.35767
1549566495110,1009.3593
1549566495151,1009.3593
1549566495187,1009.3593
1549566495227,1009.3593
1549566495264,1009.35767
1549566495303,1009.35767
1549566495340,1009.35767
1549566495379,1009.35767
1549566495419,1009.3593
1549566495461,1009.3593
1549566495494,1009.3593
1549566495535,1009.3593
1549566495572,1009.3544
1549566495609,1009.3544
1549566495653,1009.3544
1549566495687,1009.3544
1549566495725,1009.35114
1549566495765,1009.35114
1549566495801,1009.35114
1549566495844,1009.35114
1549566495884,1009.3385
1549566495919,1009.3385
1549566495955,1009.3385
1549566495996,1009.3385
1549566496033,1009.33685
1549566496073,1009.33685
1549566496110,1009.33685
1549566496150,1009.33685
1549566496186,1009.3352
1549566496224,1009.3352
1549566496264,1009.3352
1549566496303,1009.3352
1549566496342,1009.3434
1549566496379,1009.3434
1549566496420,1009.3434
1549566496458,1009.3434
1549566496496,1009.3434
1549566496534,1009.34546
1549566496572,1009.34546
1549566496610,1009.34546
1549566496650,1009.34546
1549566496691,1009.3406
1549566496726,1009.3406
1549566496764,1009.3406
1549566496804,1009.3406
1549566496841,1009.3439
1549566496879,1009.3439
1549566496946,1009.3439
1549566496957,1009.3439
1549566496993,1009.3357
1549566497032,1009.3357
1549566497075,1009.3357
1549566497111,1009.3357
1549566497159,1009.3364
1549566497189,1009.3364
1549566497225,1009.3364
1549566497262,1009.3364
1549566497303,1009.34625
1549566497340,1009.34625
1549566497379,1009.34625
1549566497416,1009.34625
1549566497457,1009.3528
1549566497494,1009.3528
1549566497533,1009.3528
1549566497572,1009.3528
1549566497609,1009.3533
1549566497649,1009.3533
1549566497687,1009.3533
1549566497727,1009.3533
1549566497780,1009.3533
1549566497804,1009.35815
1549566497840,1009.35815
1549566497878,1009.35815
1549566497918,1009.35815
1549566497957,1009.35864
1549566497997,1009.35864
1549566498033,1009.35864
1549566498076,1009.35864
1549566498111,1009.3607
1549566498147,1009.3607
1549566498228,1009.3607
1549566498246,1009.3607
1549566498263,1009.36316
1549566498301,1009.36316
1549566498344,1009.36316
1549566498377,1009.36316
1549566498417,1009.3603
1549566498461,1009.3603
1549566498505,1009.3603
1549566498541,1009.3603
1549566498570,1009.3607
1549566498640,1009.3607
1549566498651,1009.3607
1549566498684,1009.3607
1549566498838,1009.3619
1549566498838,1009.3619
1549566498877,1009.3619
1549566498916,1009.3619
1549566498957,1009.3696
1549566499005,1009.3696
1549566499040,1009.3696
1549566499069,1009.3696
1549566499110,1009.375
1549566499148,1009.375
1549566499187,1009.375
1549566499224,1009.375
1549566499262,1009.3771
1549566499304,1009.3771
1549566499339,1009.3771
1549566499385,1009.3771
1549566499416,1009.36847
1549566499458,1009.36847
1549566499493,1009.36847
1549566499533,1009.36847
1549566499575,1009.3673
1549566499610,1009.3673
1549566499648,1009.3673
1549566499687,1009.3673
1549566499724,1009.3694
1549566499765,1009.3694
1549566499807,1009.3694
1549566499841,1009.3694
1549566499886,1009.3734
1549566499916,1009.3734
1549566499957,1009.3734
1549566499993,1009.3734
1549566500035,1009.3743
1549566500075,1009.3743
1549566500115,1009.3743
1549566500148,1009.3743
1549566500185,1009.3743
1549566500224,1009.3743
1549566500261,1009.3743
1549566500309,1009.3743
1549566500341,1009.3743
1549566500378,1009.36865
1549566500415,1009.36865
1549566500456,1009.36865
1549566500493,1009.36865
1549566500531,1009.3867
1549566500572,1009.3867
1549566500609,1009.3867
1549566500658,1009.3867
1549566500690,1009.39404
1549566500723,1009.39404
1549566500762,1009.39404
1549566500801,1009.39404
1549566500841,1009.3924
1549566500883,1009.3924
1549566500916,1009.3924
1549566500954,1009.3924
1549566501012,1009.3912
1549566501058,1009.3912
1549566501068,1009.3912
1549566501108,1009.3912
1549566501151,1009.3977
1549566501185,1009.3977
1549566501226,1009.3977
1549566501263,1009.3977
1549566501302,1009.401
1549566501341,1009.401
1549566501378,1009.401
1549566501419,1009.401
1549566501458,1009.4108
1549566501493,1009.4108
1549566501532,1009.4108
1549566501575,1009.4108
1549566501609,1009.4108
1549566501647,1009.4202
1549566501685,1009.4202
1549566501724,1009.4202
1549566501762,1009.4202
1549566501801,1009.41693
1549566501844,1009.41693
1549566501879,1009.41693
1549566501918,1009.41693
1549566501957,1009.4125
1549566501995,1009.4125
1549566502033,1009.4125
1549566502070,1009.4125
1549566502108,1009.4186
1549566502145,1009.4186
1549566502184,1009.4186
1549566502223,1009.4186
1549566502263,1009.4158
1549566502300,1009.4158
1549566502339,1009.4158
1549566502381,1009.4158
1549566502416,1009.4125
1549566502458,1009.4125
1549566502493,1009.4125
1549566502532,1009.4125
1549566502572,1009.4076
1549566502608,1009.4076
1549566502647,1009.4076
1549566502686,1009.4076
1549566502725,1009.4158
1549566502762,1009.4158
1549566502799,1009.4158
1549566502839,1009.4158
1549566502879,1009.4158
1549566502916,1009.41736
1549566502954,1009.41736
1549566502993,1009.41736
1549566503031,1009.41736
1549566503069,1009.42065
1549566503108,1009.42065
1549566503147,1009.42065
1549566503187,1009.42065
1549566503223,1009.4284
1549566503261,1009.4284
1549566503299,1009.4284
1549566503338,1009.4284
1549566503377,1009.4366
1549566503416,1009.4366
1549566503460,1009.4366
1549566503492,1009.4366
1549566503531,1009.4223
1549566503570,1009.4223
1549566503610,1009.4223
1549566503659,1009.4223
1549566503686,1009.42883
1549566503726,1009.42883
1549566503760,1009.42883
1549566503801,1009.42883
1549566503838,1009.43164
1549566503876,1009.43164
1549566503914,1009.43164
1549566503955,1009.43164
1549566503992,1009.41943
1549566504031,1009.41943
1549566504069,1009.41943
1549566504109,1009.41943
1549566504146,1009.41943
1549566504187,1009.426
1549566504225,1009.426
1549566504262,1009.426
1549566504302,1009.426
1549566504339,1009.4227
1549566504378,1009.4227
1549566504418,1009.4227
1549566504454,1009.4227
1549566504500,1009.4211
1549566504535,1009.4211
1549566504576,1009.4211
1549566504609,1009.4211
1549566504647,1009.4166
1549566504688,1009.4166
1549566504722,1009.4166
1549566504761,1009.4166
1549566504802,1009.4162
1549566504839,1009.4162
1549566504877,1009.4162
1549566504916,1009.4162
1549566504954,1009.40967
1549566504994,1009.40967
1549566505032,1009.40967
1549566505069,1009.40967
1549566505108,1009.4211
1549566505147,1009.4211
1549566505186,1009.4211
1549566505222,1009.4211
1549566505261,1009.41943
1549566505300,1009.41943
1549566505339,1009.41943
1549566505377,1009.41943
1549566505416,1009.40967
1549566505454,1009.40967
1549566505493,1009.40967
1549566505532,1009.40967
1549566505570,1009.40967
1549566505608,1009.40967
1549566505649,1009.40967
1549566505686,1009.40967
1549566505725,1009.40967
1549566505762,1009.41125
1549566505812,1009.41125
1549566505840,1009.41125
1549566505876,1009.41125
1549566505915,1009.40265
1549566505954,1009.40265
1549566505992,1009.40265
1549566506030,1009.40265
1549566506069,1009.4063
1549566506108,1009.4063
1549566506146,1009.4063
1549566506185,1009.4063
1549566506222,1009.4063
1549566506262,1009.4063
1549566506300,1009.4063
1549566506338,1009.4063
1549566506377,1009.4075
1549566506415,1009.4075
1549566506455,1009.4075
1549566506493,1009.4075
1549566506529,1009.4038
1549566506569,1009.4038
1549566506609,1009.4038
1549566506645,1009.4038
1549566506688,1009.4066
1549566506725,1009.4066
1549566506762,1009.4066
1549566506799,1009.4066
1549566506838,1009.4066
1549566506876,1009.4054
1549566506915,1009.4054
1549566506952,1009.4054
1549566506991,1009.4054
1549566507030,1009.3996
1549566507071,1009.3996
1549566507107,1009.3996
1549566507152,1009.3996
1549566507185,1009.3979
1549566507223,1009.3979
1549566507261,1009.3979
1549566507300,1009.3979
1549566507338,1009.40765
1549566507377,1009.40765
1549566507416,1009.40765
1549566507454,1009.40765
1549566507492,1009.40674
1549566507530,1009.40674
1549566507569,1009.40674
1549566507608,1009.40674
1549566507646,1009.40674
1549566507684,1009.40674
1549566507722,1009.40674
1549566507760,1009.40674
1549566507799,1009.4087
1549566507840,1009.4087
1549566507876,1009.4087
1549566507915,1009.4087
1549566507956,1009.39996
1549566507991,1009.39996
1549566508030,1009.39996
1549566508070,1009.39996
1549566508109,1009.39996
1549566508146,1009.4044
1549566508185,1009.4044
1549566508222,1009.4044
1549566508261,1009.4044
1549566508299,1009.40436
1549566508337,1009.40436
1549566508377,1009.40436
1549566508415,1009.40436
1549566508454,1009.4006
1549566508492,1009.4006
1549566508531,1009.4006
1549566508568,1009.4006
1549566508607,1009.3858
1549566508647,1009.3858
1549566508694,1009.3858
1549566508721,1009.3858
1549566508759,1009.39185
1549566508798,1009.39185
1549566508837,1009.39185
1549566508875,1009.39185
1549566508916,1009.379
1549566508952,1009.379
1549566508993,1009.379
1549566509029,1009.379
1549566509068,1009.3769
1549566509108,1009.3769
1549566509150,1009.3769
1549566509183,1009.3769
1549566509221,1009.3907
1549566509260,1009.3907
1549566509299,1009.3907
1549566509339,1009.3907
1549566509375,1009.3907
1549566509417,1009.3804
1549566509453,1009.3804
1549566509491,1009.3804
1549566509534,1009.3804
1549566509568,1009.3893
1549566509609,1009.3893
1549566509645,1009.3893
1549566509682,1009.3893
1549566509725,1009.3969
1549566509762,1009.3969
1549566509798,1009.3969
1549566509838,1009.3969
1549566509876,1009.39966
1549566509914,1009.39966
1549566509952,1009.39966
1549566509991,1009.39966
1549566510029,1009.40204
1549566510069,1009.40204
1549566510107,1009.40204
1549566510145,1009.40204
1549566510185,1009.402
1549566510222,1009.402
1549566510260,1009.402
1549566510299,1009.402
1549566510336,1009.40674
1549566510375,1009.40674
1549566510413,1009.40674
1549566510452,1009.40674
1549566510497,1009.4005
1549566510535,1009.4005
1549566510568,1009.4005
1549566510607,1009.4005
1549566510648,1009.39557
1549566510683,1009.39557
1549566510722,1009.39557
1549566510762,1009.39557
1549566510799,1009.39557
1549566510838,1009.4004
1549566510876,1009.4004
1549566510914,1009.4004
1549566510953,1009.4004
1549566510992,1009.39825
1549566511029,1009.39825
1549566511068,1009.39825
1549566511107,1009.39825
1549566511144,1009.3937
1549566511187,1009.3937
1549566511224,1009.3937
1549566511261,1009.3937
1549566511299,1009.39685
1549566511338,1009.39685
1549566511375,1009.39685
1549566511413,1009.39685
1549566511454,1009.4025
1549566511490,1009.4025
1549566511528,1009.4025
1549566511572,1009.4025
1549566511609,1009.398
1549566511645,1009.398
1549566511685,1009.398
1549566511722,1009.398
1549566511762,1009.391
1549566511798,1009.391
1549566511836,1009.391
1549566511875,1009.391
1549566511914,1009.3865
1549566511952,1009.3865
1549566511990,1009.3865
1549566512037,1009.3865
1549566512070,1009.3865
1549566512106,1009.3872
1549566512145,1009.3872
1549566512182,1009.3872
1549566512225,1009.3872
1549566512260,1009.38513
1549566512300,1009.38513
1549566512337,1009.38513
1549566512378,1009.38513
1549566512414,1009.37366
1549566512452,1009.37366
1549566512491,1009.37366
1549566512529,1009.37366
1549566512569,1009.3778
1549566512607,1009.3778
1549566512661,1009.3778
1549566512685,1009.3778
1549566512725,1009.3794
1549566512759,1009.3794
1549566512799,1009.3794
1549566512837,1009.3794
1549566512874,1009.3794
1549566512916,1009.3794
1549566512955,1009.3794
1549566512990,1009.3794
1549566513029,1009.3712
1549566513068,1009.3712
1549566513105,1009.3712
1549566513144,1009.3712
1549566513183,1009.3671
1549566513226,1009.3671
1549566513260,1009.3671
1549566513301,1009.3671
1549566513336,1009.3753
1549566513374,1009.3753
1549566513415,1009.3753
1549566513451,1009.3753
1549566513489,1009.3753
1549566513531,1009.37573
1549566513575,1009.37573
1549566513610,1009.37573
1549566513646,1009.37573
1549566513683,1009.3746
1549566513723,1009.3746
1549566513759,1009.3746
1549566513798,1009.3746
1549566513837,1009.36926
1549566513876,1009.36926
1549566513914,1009.36926
1549566513959,1009.36926
1549566513990,1009.37134
1549566514029,1009.37134
1549566514067,1009.37134
1549566514107,1009.37134
1549566514142,1009.3673
1549566514184,1009.3673
1549566514222,1009.3673
1549566514259,1009.3673
1549566514297,1009.3718
1549566514336,1009.3718
1549566514374,1009.3718
1549566514415,1009.3718
1549566514453,1009.3634
1549566514490,1009.3634
1549566514530,1009.3634
1549566514567,1009.3634
1549566514609,1009.35974
1549566514645,1009.35974
1549566514682,1009.35974
1549566514722,1009.35974
1549566514759,1009.35974
1549566514797,1009.3639
1549566514837,1009.3639
1549566514875,1009.3639
1549566514916,1009.3639
1549566514952,1009.3635
1549566514991,1009.3635
1549566515028,1009.3635
1549566515067,1009.3635
1549566515109,1009.3603
1549566515145,1009.3603
1549566515186,1009.3603
1549566515220,1009.3603
1549566515259,1009.3628
1549566515299,1009.3628
1549566515336,1009.3628
1549566515375,1009.3628
1549566515412,1009.3563
1549566515452,1009.3563
1549566515491,1009.3563
1549566515528,1009.3563
1549566515569,1009.3523
1549566515605,1009.3523
1549566515645,1009.3523
1549566515682,1009.3523
1549566515721,1009.35236
1549566515759,1009.35236
1549566515798,1009.35236
1549566515836,1009.35236
1549566515873,1009.3557
1549566515914,1009.3557
1549566515952,1009.3557
1549566515991,1009.3557
1549566516028,1009.3557
1549566516066,1009.3603
1549566516105,1009.3603
1549566516144,1009.3603
1549566516183,1009.3603
1549566516221,1009.36694
1549566516260,1009.36694
1549566516301,1009.36694
1549566516337,1009.36694
1549566516376,1009.35876
1549566516414,1009.35876
1549566516451,1009.35876
1549566516491,1009.35876
1549566516528,1009.3634
1549566516567,1009.3634
1549566516606,1009.3634
1549566516645,1009.3634
1549566516682,1009.3646
1549566516722,1009.3646
1549566516758,1009.3646
1549566516797,1009.3646
1549566516840,1009.36304
1549566516875,1009.36304
1549566516913,1009.36304
1549566516952,1009.36304
1549566516991,1009.366
1549566517029,1009.366
1549566517066,1009.366
1549566517106,1009.366
1549566517143,1009.37054
1549566517183,1009.37054
1549566517226,1009.37054
1549566517257,1009.37054
1549566517298,1009.3678
1549566517335,1009.3678
1549566517375,1009.3678
1549566517412,1009.3678
1549566517450,1009.3678
1549566517491,1009.37524
1549566517528,1009.37524
1549566517567,1009.37524
1549566517604,1009.37524
1549566517644,1009.372
1549566517684,1009.372
1549566517729,1009.372
1549566517760,1009.372
1549566517797,1009.3594
1549566517837,1009.3594
1549566517874,1009.3594
1549566517912,1009.3594
1549566517951,1009.364
1549566517993,1009.364
1549566518028,1009.364
1549566518066,1009.364
1549566518105,1009.3718
1549566518142,1009.3718
1549566518182,1009.3718
1549566518221,1009.3718
1549566518260,1009.37024
1549566518299,1009.37024
1549566518336,1009.37024
1549566518374,1009.37024
1549566518415,1009.36176
1549566518451,1009.36176
1549566518489,1009.36176
1549566518527,1009.36176
1549566518566,1009.36017
1549566518605,1009.36017
1549566518644,1009.36017
1549566518681,1009.36017
1549566518721,1009.36017
1549566518759,1009.3602
1549566518799,1009.3602
1549566518835,1009.3602
1549566518875,1009.3602
1549566518913,1009.37463
1549566518951,1009.37463
1549566518988,1009.37463
1549566519027,1009.37463
1549566519066,1009.36975
1549566519107,1009.36975
1549566519143,1009.36975
1549566519182,1009.36975
1549566519221,1009.36816
1549566519257,1009.36816
1549566519296,1009.36816
1549566519335,1009.36816
1549566519377,1009.3658
1549566519412,1009.3658
1549566519450,1009.3658
1549566519489,1009.3658
1549566519530,1009.35974
1549566519572,1009.35974
1549566519608,1009.35974
1549566519642,1009.35974
1549566519682,1009.36145
1549566519720,1009.36145
1549566519760,1009.36145
1549566519796,1009.36145
1549566519835,1009.36395
1549566519877,1009.36395
1549566519915,1009.36395
1549566519950,1009.36395
1549566520009,1009.36395
1549566520030,1009.35583
1549566520067,1009.35583
1549566520106,1009.35583
1549566520142,1009.35583
1549566520181,1009.3587
1549566520220,1009.3587
1549566520259,1009.3587
1549566520297,1009.3587
1549566520334,1009.3584
1549566520374,1009.3584
1549566520413,1009.3584
1549566520452,1009.3584
1549566520488,1009.37274
1549566520527,1009.37274
1549566520568,1009.37274
1549566520604,1009.37274
1549566520646,1009.3748
1549566520682,1009.3748
1549566520720,1009.3748
1549566520757,1009.3748
1549566520798,1009.37976
1549566520836,1009.37976
1549566520874,1009.37976
1549566520912,1009.37976
1549566520950,1009.3856
1549566520990,1009.3856
1549566521026,1009.3856
1549566521067,1009.3856
1549566521106,1009.37537
1549566521142,1009.37537
1549566521180,1009.37537
1549566521219,1009.37537
1549566521265,1009.37537
1549566521297,1009.3731
1549566521335,1009.3731
1549566521374,1009.3731
1549566521411,1009.3731
1549566521449,1009.38086
1549566521493,1009.38086
1549566521527,1009.38086
1549566521565,1009.38086
1549566521603,1009.374
1549566521642,1009.374
1549566521680,1009.374
1549566521718,1009.374
1549566521760,1009.37036
1549566521796,1009.37036
1549566521840,1009.37036
1549566521872,1009.37036
1549566521911,1009.36755
1549566521951,1009.36755
1549566521989,1009.36755
1549566522026,1009.36755
1549566522077,1009.36597
1549566522105,1009.36597
1549566522142,1009.36597
1549566522180,1009.36597
1549566522222,1009.3673
1549566522258,1009.3673
1549566522296,1009.3673
1549566522334,1009.3673
1549566522374,1009.3662
1549566522410,1009.3662
1549566522450,1009.3662
1549566522488,1009.3662
1549566522527,1009.3662
1549566522568,1009.3662
1549566522604,1009.3662
1549566522641,1009.3662
1549566522680,1009.3662
1549566522720,1009.35034
1549566522757,1009.35034
1549566522796,1009.35034
1549566522834,1009.35034
1549566522875,1009.35004
1549566522912,1009.35004
1549566522951,1009.35004
1549566522986,1009.35004
1549566523027,1009.35547
1549566523068,1009.35547
1549566523105,1009.35547
1549566523141,1009.35547
1549566523180,1009.36365
1549566523218,1009.36365
1549566523258,1009.36365
1549566523296,1009.36365
1549566523334,1009.3511
1549566523375,1009.3511
1549566523412,1009.3511
1549566523451,1009.3511
1549566523488,1009.3728
1549566523527,1009.3728
1549566523565,1009.3728
1549566523619,1009.3728
1549566523643,1009.3925
1549566523681,1009.3925
1549566523718,1009.3925
1549566523756,1009.3925
1549566523797,1009.35864
1549566523834,1009.35864
1549566523874,1009.35864
1549566523911,1009.35864
1549566523958,1009.35864
1549566523988,1009.3632
1549566524026,1009.3632
1549566524068,1009.3632
1549566524105,1009.3632
1549566524142,1009.385
1549566524180,1009.385
1549566524218,1009.385
1549566524257,1009.385
1549566524296,1009.34784
1549566524334,1009.34784
1549566524374,1009.34784
1549566524411,1009.34784
1549566524448,1009.3413
1549566524487,1009.3413
1549566524526,1009.3413
1549566524564,1009.3413
1549566524604,1009.3549
1549566524640,1009.3549
1549566524680,1009.3549
1549566524718,1009.3549
1549566524757,1009.3493
1549566524796,1009.3493
1549566524835,1009.3493
1549566524871,1009.3493
1549566524912,1009.33344
1549566524951,1009.33344
1549566524987,1009.33344
1549566525025,1009.33344
1549566525068,1009.34863
1549566525102,1009.34863
1549566525143,1009.34863
1549566525180,1009.34863
1549566525221,1009.34863
1549566525259,1009.3552
1549566525295,1009.3552
1549566525334,1009.3552
1549566525371,1009.3552
1549566525411,1009.35864
1549566525460,1009.35864
1549566525489,1009.35864
1549566525527,1009.35864
1549566525567,1009.3566
1549566525604,1009.3566
1549566525641,1009.3566
1549566525679,1009.3566
1549566525719,1009.3653
1549566525756,1009.3653
1549566525794,1009.3653
1549566525834,1009.3653
1549566525874,1009.3818
1549566525911,1009.3818
1549566525948,1009.3818
1549566525986,1009.3818
1549566526025,1009.3667
1549566526067,1009.3667
1549566526121,1009.3667
1549566526141,1009.3667
1549566526180,1009.3819
1549566526218,1009.3819
1549566526267,1009.3819
1549566526295,1009.3819
1549566526334,1009.3856
1549566526372,1009.3856
1549566526409,1009.3856
1549566526448,1009.3856
1549566526488,1009.438
1549566526526,1009.4201
1549566526564,1009.4201
1549566526604,1009.4201
1549566526642,1009.4201
1549566526679,1009.40173
1549566526719,1009.40173
1549566526758,1009.40173
1549566526795,1009.40173
1549566526832,1009.4186
1549566526875,1009.4186
1549566526912,1009.4186
1549566526949,1009.4186
1549566526990,1009.4269
1549566527026,1009.4269
1549566527064,1009.4269
1549566527102,1009.4269
1549566527143,1009.4265
1549566527182,1009.4265
1549566527218,1009.4265
1549566527258,1009.4265
1549566527294,1009.4209
1549566527332,1009.4209
1549566527371,1009.4209
1549566527411,1009.4209
1549566527448,1009.4451
1549566527487,1009.4451
1549566527527,1009.4451
1549566527564,1009.4451
1549566527601,1009.417
1549566527640,1009.417
1549566527678,1009.417
1549566527718,1009.417
1549566527759,1009.4371
1549566527796,1009.4371
1549566527837,1009.4371
1549566527873,1009.4371
1549566527910,1009.4371
1549566527949,1009.4314
1549566527987,1009.4314
1549566528025,1009.4314
1549566528065,1009.4314
1549566528102,1009.40576
1549566528142,1009.40576
1549566528179,1009.40576
1549566528217,1009.40576
1549566528256,1009.4005
1549566528296,1009.4005
1549566528336,1009.4005
1549566528373,1009.4005
1549566528409,1009.41736
1549566528465,1009.41736
1549566528496,1009.41736
1549566528526,1009.41736
1549566528563,1009.4403
1549566528601,1009.4403
1549566528640,1009.4403
1549566528678,1009.4403
1549566528717,1009.4309
1549566528763,1009.4309
1549566528794,1009.4309
1549566528832,1009.4309
1549566528871,1009.4375
1549566528913,1009.4375
1549566528948,1009.4375
1549566528988,1009.4375
1549566529026,1009.43396
1549566529062,1009.43396
1549566529103,1009.43396
1549566529139,1009.43396
1549566529178,1009.43396
1549566529217,1009.4438
1549566529256,1009.4438
1549566529303,1009.4438
1549566529332,1009.4438
1549566529373,1009.4389
1549566529408,1009.4389
1549566529448,1009.4389
1549566529486,1009.4389
1549566529536,1009.43774
1549566529569,1009.43774
1549566529606,1009.43774
1549566529640,1009.43774
1549566529681,1009.44556
1549566529718,1009.44556
1549566529756,1009.44556
1549566529795,1009.44556
1549566529833,1009.4636
1549566529875,1009.4636
1549566529911,1009.4636
1549566529954,1009.4636
1549566529989,1009.437
1549566530027,1009.437
1549566530063,1009.437
1549566530101,1009.437
1549566530141,1009.4367
1549566530178,1009.4367
1549566530217,1009.4367
1549566530256,1009.4367
1549566530295,1009.46735
1549566530333,1009.46735
1549566530372,1009.46735
1549566530413,1009.46735
1549566530448,1009.46735
1549566530487,1009.4617
1549566530526,1009.4617
1549566530563,1009.4617
1549566530612,1009.4617
1549566530642,1009.4548
1549566530679,1009.4548
1549566530716,1009.4548
1549566530758,1009.4548
1549566530796,1009.46216
1549566530833,1009.46216
1549566530873,1009.46216
1549566530908,1009.46216
1549566530948,1009.4524
1549566530987,1009.4524
1549566531026,1009.4524
1549566531062,1009.4524
1549566531104,1009.4467
1549566531140,1009.4467
1549566531178,1009.4467
1549566531218,1009.4467
1549566531255,1009.43365
1549566531294,1009.43365
1549566531332,1009.43365
1549566531371,1009.43365
1549566531410,1009.4509
1549566531450,1009.4509
1549566531491,1009.4509
1549566531524,1009.4509
1549566531562,1009.4698
1549566531605,1009.4698
1549566531640,1009.4698
1549566531679,1009.4698
1549566531718,1009.45593
1549566531756,1009.45593
1549566531795,1009.45593
1549566531835,1009.45593
1549566531870,1009.45593
1549566531910,1009.4523
1549566531949,1009.4523
1549566531987,1009.4523
1549566532029,1009.4523
1549566532066,1009.46375
1549566532110,1009.46375
1549566532141,1009.46375
1549566532183,1009.46375
1549566532217,1009.48096
1549566532255,1009.48096
1549566532293,1009.48096
1549566532331,1009.48096
1549566532372,1009.46545
1549566532408,1009.46545
1549566532448,1009.46545
1549566532487,1009.46545
1549566532526,1009.45734
1549566532563,1009.45734
1549566532601,1009.45734
1549566532642,1009.45734
1549566532677,1009.477
1549566532720,1009.477
1549566532756,1009.477
1549566532794,1009.477
1549566532831,1009.47375
1549566532871,1009.47375
1549566532935,1009.47375
1549566532952,1009.47375
1549566532986,1009.4509
1549566533025,1009.4509
1549566533063,1009.4509
1549566533102,1009.4509
1549566533142,1009.4509
1549566533178,1009.45917
1549566533217,1009.45917
1549566533255,1009.45917
1549566533295,1009.45917
1549566533334,1009.4858
1549566533371,1009.4858
1549566533408,1009.4858
1549566533447,1009.4858
1549566533486,1009.45685
1549566533532,1009.45685
1549566533564,1009.45685
1549566533600,1009.45685
1549566533640,1009.4475
1549566533677,1009.4475
1549566533718,1009.4475
1549566533756,1009.4475
1549566533795,1009.4463
1549566533832,1009.4463
1549566533870,1009.4463
1549566533915,1009.4463
1549566533947,1009.45654
1549566533986,1009.45654
1549566534023,1009.45654
1549566534062,1009.45654
1549566534102,1009.4566
1549566534140,1009.4566
1549566534178,1009.4566
1549566534216,1009.4566
1549566534257,1009.44604
1549566534293,1009.44604
1549566534332,1009.44604
1549566534370,1009.44604
1549566534409,1009.44604
1549566534446,1009.45514
1549566534496,1009.45514
1549566534523,1009.45514
1549566534562,1009.45514
1549566534602,1009.42456
1549566534639,1009.42456
1549566534679,1009.42456
1549566534721,1009.42456
1549566534754,1009.4168
1549566534793,1009.4168
1549566534837,1009.4168
1549566534868,1009.4168
1549566534912,1009.4369
1549566534948,1009.4369
1549566534987,1009.4369
1549566535025,1009.4369
1549566535062,1009.45905
1549566535101,1009.45905
1549566535141,1009.45905
1549566535178,1009.45905
1549566535216,1009.4513
1549566535255,1009.4513
1549566535293,1009.4513
1549566535333,1009.4513
1549566535370,1009.4518
1549566535421,1009.4518
1549566535448,1009.4518
1549566535486,1009.4518
1549566535526,1009.5066
1549566535561,1009.5066
1549566535600,1009.5066
1549566535639,1009.5066
1549566535677,1009.5066
1549566535716,1009.47107
1549566535754,1009.47107
1549566535792,1009.47107
1549566535832,1009.47107
1549566535870,1009.47644
1549566535910,1009.47644
1549566535947,1009.47644
1549566535986,1009.47644
1549566536024,1009.4802
1549566536061,1009.4802
1549566536102,1009.4802
1549566536139,1009.4802
1549566536177,1009.46967
1549566536215,1009.46967
1549566536254,1009.46967
1549566536294,1009.46967
1549566536332,1009.4619
1549566536369,1009.4619
1549566536409,1009.4619
1549566536450,1009.4619
1549566536490,1009.45953
1549566536524,1009.45953
1549566536562,1009.45953
1549566536599,1009.45953
1549566536638,1009.47516
1549566536678,1009.47516
1549566536717,1009.47516
1549566536754,1009.47516
1549566536793,1009.4609
1549566536832,1009.4609
1549566536870,1009.4609
1549566536912,1009.4609
1549566536946,1009.4609
1549566536986,1009.4569
1549566537023,1009.4569
1549566537061,1009.4569
1549566537100,1009.4569
1549566537138,1009.4704
1549566537177,1009.4704
1549566537216,1009.4704
1549566537269,1009.4704
1549566537291,1009.46716
1549566537332,1009.46716
1549566537370,1009.46716
1549566537409,1009.46716
1549566537446,1009.44116
1549566537486,1009.44116
1549566537521,1009.44116
1549566537562,1009.44116
1549566537598,1009.4424
1549566537640,1009.4424
1549566537677,1009.4424
1549566537718,1009.4424
1549566537752,1009.44934
1549566537791,1009.44934
1549566537830,1009.44934
1549566537868,1009.44934
1549566537907,1009.45026
1549566537948,1009.45026
1549566537986,1009.45026
1549566538028,1009.45026
1549566538061,1009.4315
1549566538101,1009.4315
1549566538138,1009.4315
1549566538177,1009.4315
1549566538215,1009.4308
1549566538253,1009.4308
1549566538292,1009.4308
1549566538330,1009.4308
1549566538370,1009.4308
1549566538408,1009.47577
1549566538464,1009.47577
1549566538493,1009.47577
1549566538522,1009.47577
1549566538561,1009.4391
1549566538600,1009.4391
1549566538638,1009.4391
1549566538677,1009.4391
1549566538717,1009.4321
1549566538755,1009.4321
1549566538793,1009.4321
1549566538835,1009.4321
1549566538870,1009.44855
1549566538915,1009.44855
1549566538960,1009.44855
1549566538985,1009.44855
1549566539024,1009.44574
1549566539061,1009.44574
1549566539100,1009.44574
1549566539139,1009.44574
1549566539177,1009.4217
1549566539215,1009.4217
1549566539261,1009.4217
1549566539292,1009.4217
1549566539330,1009.4156
1549566539369,1009.4156
1549566539409,1009.4156
1549566539445,1009.4156
1549566539485,1009.45154
1549566539522,1009.45154
1549566539560,1009.45154
1549566539600,1009.45154
1549566539639,1009.45154
1549566539679,1009.45483
1549566539714,1009.45483
1549566539753,1009.45483
1549566539799,1009.45483
1549566539847,1009.4447
1549566539868,1009.4447
1549566539908,1009.4447
1549566539947,1009.4447
1549566539984,1009.45496
1549566540026,1009.45496
1549566540059,1009.45496
1549566540116,1009.45496
1549566540137,1009.45776
1549566540174,1009.45776
1549566540213,1009.45776
1549566540253,1009.45776
1549566540290,1009.45044
1549566540351,1009.45044
1549566540368,1009.45044
1549566540408,1009.45044
1549566540445,1009.45374
1549566540484,1009.45374
1549566540527,1009.45374
1549566540560,1009.45374
1549566540599,1009.45374
1549566540636,1009.45374
1549566540683,1009.45374
1549566540714,1009.45374
1549566540752,1009.4673
1549566540793,1009.4673
1549566540828,1009.4673
1549566540870,1009.4673
1549566540909,1009.4673
1549566540947,1009.464
1549566540985,1009.464
1549566541022,1009.464
1549566541060,1009.464
1549566541099,1009.46826
1549566541138,1009.46826
1549566541176,1009.46826
1549566541215,1009.46826
1549566541252,1009.4748
1549566541291,1009.4748
1549566541330,1009.4748
1549566541370,1009.4748
1549566541407,1009.46173
1549566541447,1009.46173
1549566541483,1009.46173
1549566541522,1009.46173
1549566541562,1009.4663
1549566541598,1009.4663
1549566541638,1009.4663
1549566541676,1009.4663
1549566541716,1009.4658
1549566541753,1009.4658
1549566541791,1009.4658
1549566541829,1009.4658
1549566541868,1009.4794
1549566541907,1009.4794
1549566541947,1009.4794
1549566541983,1009.4794
1549566542021,1009.4917
1549566542059,1009.4917
1549566542098,1009.4917
1549566542139,1009.4917
1549566542177,1009.4917
1549566542215,1009.48883
1549566542252,1009.48883
1549566542290,1009.48883
1549566542329,1009.48883
1549566542368,1009.48676
1549566542407,1009.48676
1549566542444,1009.48676
1549566542484,1009.48676
1549566542523,1009.4897
1549566542559,1009.4897
1549566542601,1009.4897
1549566542636,1009.4897
1549566542675,1009.49994
1549566542716,1009.49994
1549566542753,1009.49994
1549566542791,1009.49994
1549566542830,1009.50366
1549566542867,1009.50366
1549566542906,1009.50366
1549566542946,1009.50366
1549566542985,1009.50854
1549566543021,1009.50854
1549566543061,1009.50854
1549566543099,1009.50854
1549566543137,1009.5184
1549566543177,1009.5184
1549566543214,1009.5184
1549566543252,1009.5184
1549566543291,1009.5119
1549566543329,1009.5119
1549566543369,1009.5119
1549566543407,1009.5119
1549566543447,1009.5119
1549566543487,1009.50867
1549566543523,1009.50867
1549566543559,1009.50867
1549566543599,1009.50867
1549566543642,1009.50586
1549566543676,1009.50586
1549566543713,1009.50586
1549566543752,1009.50586
1549566543791,1009.53033
1549566543830,1009.53033
1549566543867,1009.53033
1549566543907,1009.53033
1549566543950,1009.5095
1549566543982,1009.5095
1549566544022,1009.5095
1549566544060,1009.5095
1549566544099,1009.5034
1549566544138,1009.5034
1549566544180,1009.5034
1549566544213,1009.5034
1549566544253,1009.49615
1549566544292,1009.49615
1549566544330,1009.49615
1549566544366,1009.49615
1549566544407,1009.479
1549566544444,1009.479
1549566544483,1009.479
1549566544520,1009.479
1549566544562,1009.4615
1549566544599,1009.4615
1549566544637,1009.4615
1549566544675,1009.4615
1549566544725,1009.4615
1549566544754,1009.44727
1549566544796,1009.44727
1549566544829,1009.44727
1549566544868,1009.44727
1549566544907,1009.44934
1549566544947,1009.44934
1549566544983,1009.44934
1549566545057,1009.44934
1549566545059,1009.4236
1549566545097,1009.4236
1549566545136,1009.4236
1549566545175,1009.4236
1549566545213,1009.4126
1549566545251,1009.4126
1549566545289,1009.4126
1549566545328,1009.4126
1549566545368,1009.4098
1549566545407,1009.4098
1549566545445,1009.4098
1549566545489,1009.4098
1549566545521,1009.4225
1549566545563,1009.4225
1549566545598,1009.4225
1549566545645,1009.4225
1549566545675,1009.4197
1549566545713,1009.4197
1549566545751,1009.4197
1549566545790,1009.4197
1549566545829,1009.42175
1549566545869,1009.42175
1549566545906,1009.42175
1549566545944,1009.42175
1549566545982,1009.4242
1549566546021,1009.4242
1549566546059,1009.4242
1549566546102,1009.4242
1549566546137,1009.4242
1549566546180,1009.4242
1549566546213,1009.4242
1549566546251,1009.4242
1549566546290,1009.4242
1549566546328,1009.42017
1549566546366,1009.42017
1549566546405,1009.42017
1549566546443,1009.42017
1549566546482,1009.4288
1549566546520,1009.4288
1549566546559,1009.4288
1549566546597,1009.4288
1549566546636,1009.428
1549566546675,1009.428
1549566546714,1009.428
1549566546752,1009.428
1549566546790,1009.4235
1549566546830,1009.4235
1549566546867,1009.4235
1549566546906,1009.4235
1549566546946,1009.42883
1549566546981,1009.42883
1549566547019,1009.42883
1549566547059,1009.42883
1549566547100,1009.48315
1549566547136,1009.48315
1549566547180,1009.48315
1549566547227,1009.48315
1549566547252,1009.4852
1549566547290,1009.4852
1549566547331,1009.4852
1549566547367,1009.4852
1549566547406,1009.4852
1549566547442,1009.4763
1549566547481,1009.4763
1549566547522,1009.4763
1549566547559,1009.4763
1549566547598,1009.48
1549566547636,1009.48
1549566547678,1009.48
1549566547712,1009.48
1549566547752,1009.4918
1549566547791,1009.4918
1549566547828,1009.4918
1549566547866,1009.4918
1549566547905,1009.46655
1549566547944,1009.46655
1549566547982,1009.46655
1549566548020,1009.46655
1549566548059,1009.4621
1549566548096,1009.4621
1549566548136,1009.4621
1549566548173,1009.4621
1549566548213,1009.4641
1549566548253,1009.4641
1549566548292,1009.4641
1549566548327,1009.4641
1549566548369,1009.46295
1549566548404,1009.46295
1549566548443,1009.46295
1549566548482,1009.46295
1549566548521,1009.45685
1549566548568,1009.45685
1549566548599,1009.45685
1549566548635,1009.45685
1549566548675,1009.45685
1549566548712,1009.45276
1549566548751,1009.45276
1549566548789,1009.45276
1549566548827,1009.45276
1549566548865,1009.4471
1549566548925,1009.4471
1549566548951,1009.4471
1549566548981,1009.4471
1549566549020,1009.4643
1549566549058,1009.4643
1549566549100,1009.4643
1549566549139,1009.4643
1549566549175,1009.45984
1549566549214,1009.45984
1549566549251,1009.45984
1549566549291,1009.45984
1549566549328,1009.47815
1549566549367,1009.47815
1549566549414,1009.47815
1549566549444,1009.47815
1549566549481,1009.4786
1549566549520,1009.4786
1549566549559,1009.4786
1549566549597,1009.4786
1549566549637,1009.4844
1549566549672,1009.4844
1549566549714,1009.4844
1549566549750,1009.4844
1549566549788,1009.475
1549566549828,1009.475
1549566549871,1009.475
1549566549905,1009.475
1549566549942,1009.475
1549566549982,1009.4782
1549566550021,1009.4782
1549566550060,1009.4782
1549566550096,1009.4782
1549566550134,1009.4864
1549566550174,1009.4864
1549566550212,1009.4864
1549566550251,1009.4864
1549566550291,1009.50397
1549566550327,1009.50397
1549566550367,1009.50397
1549566550404,1009.50397
1549566550443,1009.50073
1549566550486,1009.50073
1549566550522,1009.50073
1549566550558,1009.50073
1549566550596,1009.5023
1549566550635,1009.5023
1549566550678,1009.5023
1549566550714,1009.5023
1549566550749,1009.5065
1549566550791,1009.5065
1549566550832,1009.5065
1549566550880,1009.5065
1549566550905,1009.49097
1549566550943,1009.49097
1549566550982,1009.49097
1549566551020,1009.49097
1549566551058,1009.4751
1549566551097,1009.4751
1549566551138,1009.4751
1549566551174,1009.4751
1549566551211,1009.4751
1549566551251,1009.4682
1549566551290,1009.4682
1549566551326,1009.4682
1549566551366,1009.4682
1549566551404,1009.50037
1549566551442,1009.50037
1549566551482,1009.50037
1549566551519,1009.50037
1549566551566,1009.4849
1549566551598,1009.4849
1549566551634,1009.4849
1549566551673,1009.4849
1549566551711,1009.48285
1549566551749,1009.48285
1549566551790,1009.48285
1549566551828,1009.48285
1549566551865,1009.4923
1549566551904,1009.4923
1549566551949,1009.4923
1549566551980,1009.4923
1549566552018,1009.48047
1549566552058,1009.48047
1549566552096,1009.48047
1549566552136,1009.48047
1549566552175,1009.4666
1549566552213,1009.4666
1549566552253,1009.4666
1549566552288,1009.4666
1549566552326,1009.4617
1549566552367,1009.4617
1549566552403,1009.4617
1549566552445,1009.4617
1549566552480,1009.4617
1549566552521,1009.4796
1549566552558,1009.4796
1549566552595,1009.4796
1549566552637,1009.4796
1549566552674,1009.4711
1549566552713,1009.4711
1549566552751,1009.4711
1549566552789,1009.4711
1549566552828,1009.4756
1549566552866,1009.4756
1549566552905,1009.4756
1549566552942,1009.4756
1549566552981,1009.4837
1549566553022,1009.4837
1549566553058,1009.4837
1549566553096,1009.4837
1549566553136,1009.47845
1549566553174,1009.47845
1549566553220,1009.47845
1549566553252,1009.47845
1549566553289,1009.4601
1549566553326,1009.4601
1549566553368,1009.4601
1549566553406,1009.4601
1549566553443,1009.4552
1549566553480,1009.4552
1549566553527,1009.4552
1549566553557,1009.4552
1549566553596,1009.4634
1549566553634,1009.4634
1549566553672,1009.4634
1549566553712,1009.4634
1549566553749,1009.4634
1549566553788,1009.46014
1549566553826,1009.46014
1549566553866,1009.46014
1549566553904,1009.46014
1549566553941,1009.4601
1549566553985,1009.4601
1549566554020,1009.4601
1549566554057,1009.4601
1549566554099,1009.47644
1549566554137,1009.47644
1549566554173,1009.47644
1549566554212,1009.47644
1549566554250,1009.48627
1549566554289,1009.48627
1549566554326,1009.48627
1549566554366,1009.48627
1549566554405,1009.4785
1549566554442,1009.4785
1549566554480,1009.4785
1549566554520,1009.4785
1549566554562,1009.474
1549566554597,1009.474
1549566554636,1009.474
1549566554677,1009.474
1549566554711,1009.49036
1549566554749,1009.49036
1549566554790,1009.49036
1549566554826,1009.49036
1549566554866,1009.49725
1549566554904,1009.49725
1549566554943,1009.49725
1549566554981,1009.49725
1549566555019,1009.49725
1549566555057,1009.4753
1549566555097,1009.4753
1549566555136,1009.4753
1549566555172,1009.4753
1549566555211,1009.4691
1549566555250,1009.4691
1549566555290,1009.4691
1549566555325,1009.4691
1549566555365,1009.4712
1549566555403,1009.4712
1549566555443,1009.4712
1549566555481,1009.4712
1549566555519,1009.459
1549566555565,1009.459
1549566555595,1009.459
1549566555640,1009.459
1549566555672,1009.45325
1549566555710,1009.45325
1549566555751,1009.45325
1549566555792,1009.45325
1549566555825,1009.44434
1549566555865,1009.44434
1549566555904,1009.44434
1549566555942,1009.44434
1549566555980,1009.43494
1549566556019,1009.43494
1549566556056,1009.43494
1549566556094,1009.43494
1549566556136,1009.4332
1549566556171,1009.4332
1549566556211,1009.4332
1549566556250,1009.4332
1549566556287,1009.4332
1549566556328,1009.4435
1549566556365,1009.4435
1549566556403,1009.4435
1549566556441,1009.4435
1549566556479,1009.44916
1549566556519,1009.44916
1549566556557,1009.44916
1549566556595,1009.44916
1549566556633,1009.42554
1549566556672,1009.42554
1549566556711,1009.42554
1549566556749,1009.42554
1549566556788,1009.41614
1549566556826,1009.41614
1549566556865,1009.41614
1549566556903,1009.41614
1549566556941,1009.4137
1549566556979,1009.4137
1549566557021,1009.4137
1549566557056,1009.4137
1549566557095,1009.4227
1549566557135,1009.4227
1549566557172,1009.4227
1549566557210,1009.4227
1549566557249,1009.4108
1549566557289,1009.4108
1549566557326,1009.4108
1549566557365,1009.4108
1549566557401,1009.4084
1549566557444,1009.4084
1549566557481,1009.4084
1549566557517,1009.4084
1549566557556,1009.4084
1549566557595,1009.42017
1549566557635,1009.42017
1549566557676,1009.42017
1549566557711,1009.42017
1549566557751,1009.43365
1549566557787,1009.43365
1549566557825,1009.43365
1549566557865,1009.43365
1549566557902,1009.4304
1549566557941,1009.4304
1549566557979,1009.4304
1549566558018,1009.4304
1549566558056,1009.43164
1549566558094,1009.43164
1549566558133,1009.43164
1549566558174,1009.43164
1549566558210,1009.4487
1549566558249,1009.4487
1549566558287,1009.4487
1549566558327,1009.4487
1549566558364,1009.4463
1549566558402,1009.4463
1549566558441,1009.4463
1549566558479,1009.4463
1549566558517,1009.43896
1549566558558,1009.43896
1549566558597,1009.43896
1549566558633,1009.43896
1549566558670,1009.4528
1549566558710,1009.4528
1549566558749,1009.4528
1549566558787,1009.4528
1549566558826,1009.4528
1549566558866,1009.463
1549566558903,1009.463
1549566558940,1009.463
1549566558987,1009.463
1549566559017,1009.4634
1549566559056,1009.4634
1549566559093,1009.4634
1549566559135,1009.4634
1549566559171,1009.4691
1549566559210,1009.4691
1549566559248,1009.4691
1549566559288,1009.4691
1549566559325,1009.4846
1549566559366,1009.4846
1549566559402,1009.4846
1549566559441,1009.4846
1549566559480,1009.4797
1549566559519,1009.4797
1549566559568,1009.4797
1549566559595,1009.4797
1549566559633,1009.4658
1549566559672,1009.4658
1549566559710,1009.4658
1549566559749,1009.4658
1549566559786,1009.46783
1549566559825,1009.46783
1549566559865,1009.46783
1549566559903,1009.46783
1549566559940,1009.4686
1549566559981,1009.4686
1549566560016,1009.4686
1549566560056,1009.4686
1549566560094,1009.4686
1549566560135,1009.46783
1549566560171,1009.46783
1549566560210,1009.46783
1549566560249,1009.46783
1549566560286,1009.4715
1549566560327,1009.4715
1549566560364,1009.4715
1549566560415,1009.4715
1549566560440,1009.46454
1549566560479,1009.46454
1549566560517,1009.46454
1549566560559,1009.46454
1549566560593,1009.47144
1549566560633,1009.47144
1549566560674,1009.47144
1549566560710,1009.47144
1549566560747,1009.4609
1549566560786,1009.4609
1549566560825,1009.4609
1549566560863,1009.4609
1549566560903,1009.4694
1549566560940,1009.4694
1549566560979,1009.4694
1549566561023,1009.4694
1549566561057,1009.47797
1549566561093,1009.47797
1549566561144,1009.47797
1549566561172,1009.47797
1549566561208,1009.48737
1549566561252,1009.48737
1549566561286,1009.48737
1549566561328,1009.48737
1549566561364,1009.48737
1549566561401,1009.4861
1549566561440,1009.4861
1549566561477,1009.4861
1549566561526,1009.4861
1549566561555,1009.48486
1549566561594,1009.48486
1549566561636,1009.48486
1549566561670,1009.48486
1549566561709,1009.493
1549566561751,1009.493
1549566561786,1009.493
1549566561824,1009.493
1549566561866,1009.4897
1549566561902,1009.4897
1549566561941,1009.4897
1549566561979,1009.4897
1549566562017,1009.48975
1549566562059,1009.48975
1549566562099,1009.48975
1549566562135,1009.48975
1549566562171,1009.49133
1549566562210,1009.49133
1549566562248,1009.49133
1549566562288,1009.49133
1549566562324,1009.4848
1549566562363,1009.4848
1549566562405,1009.4848
1549566562447,1009.4848
1549566562486,1009.48315
1549566562518,1009.48315
1549566562554,1009.48315
1549566562600,1009.48315
1549566562633,1009.48315
1549566562670,1009.4856
1549566562717,1009.4856
1549566562748,1009.4856
1549566562786,1009.4856
1549566562826,1009.4856
1549566562864,1009.4856
1549566562901,1009.4856
1549566562939,1009.4856
1549566562978,1009.48267
1549566563018,1009.48267
1549566563056,1009.48267
1549566563099,1009.48267
1549566563133,1009.47864
1549566563173,1009.47864
1549566563208,1009.47864
1549566563247,1009.47864
1549566563286,1009.4831
1549566563326,1009.4831
1549566563362,1009.4831
1549566563401,1009.4831
1549566563440,1009.48755
1549566563479,1009.48755
1549566563519,1009.48755
1549566563556,1009.48755
1549566563595,1009.48596
1549566563631,1009.48596
1549566563670,1009.48596
1549566563708,1009.48596
1549566563747,1009.4777
1549566563785,1009.4777
1549566563845,1009.4777
1549566563875,1009.4777
1549566563902,1009.4777
1549566563939,1009.4818
1549566563978,1009.4818
1549566564016,1009.4818
1549566564054,1009.4818
1549566564095,1009.4867
1549566564140,1009.4867
1549566564171,1009.4867
1549566564211,1009.4867
1549566564249,1009.48663
1549566564286,1009.48663
1549566564325,1009.48663
1549566564363,1009.48663
1549566564403,1009.4814
1549566564441,1009.4814
1549566564478,1009.4814
1549566564516,1009.4814
1549566564557,1009.4935
1549566564593,1009.4935
1549566564632,1009.4935
1549566564669,1009.4935
1549566564709,1009.4916
1549566564746,1009.4916
1549566564787,1009.4916
1549566564824,1009.4916
1549566564862,1009.48663
1549566564900,1009.48663
1549566564939,1009.48663
1549566564979,1009.48663
1549566565017,1009.4817
1549566565055,1009.4817
1549566565094,1009.4817
1549566565133,1009.4817
1549566565174,1009.4817
1549566565208,1009.4829
1549566565246,1009.4829
1549566565285,1009.4829
1549566565325,1009.4829
1549566565364,1009.4939
1549566565401,1009.4939
1549566565441,1009.4939
1549566565477,1009.4939
1549566565518,1009.4919
1549566565556,1009.4919
1549566565593,1009.4919
1549566565632,1009.4919
1549566565670,1009.498
1549566565708,1009.498
1549566565748,1009.498
1549566565785,1009.498
1549566565823,1009.4979
1549566565862,1009.4979
1549566565901,1009.4979
1549566565940,1009.4979
1549566565983,1009.4934
1549566566017,1009.4934
1549566566055,1009.4934
1549566566093,1009.4934
1549566566132,1009.48
1549566566170,1009.48
1549566566209,1009.48
1549566566246,1009.48
1549566566287,1009.4881
1549566566323,1009.4881
1549566566361,1009.4881
1549566566400,1009.4881
1549566566441,1009.4881
1549566566477,1009.4999
1549566566517,1009.4999
1549566566555,1009.4999
1549566566594,1009.4999
1549566566632,1009.47906
1549566566670,1009.47906
1549566566708,1009.47906
1549566566747,1009.47906
1549566566786,1009.4811
1549566566825,1009.4811
1549566566865,1009.4811
1549566566902,1009.4811
1549566566939,1009.50354
1549566566978,1009.50354
1549566567016,1009.50354
1549566567055,1009.50354
1549566567092,1009.51
1549566567130,1009.51
1549566567171,1009.51
1549566567210,1009.51
1549566567249,1009.5006
1549566567286,1009.5006
1549566567325,1009.5006
1549566567363,1009.5006
1549566567401,1009.4994
1549566567439,1009.4994
1549566567478,1009.4994
1549566567515,1009.4994
1549566567555,1009.514
1549566567593,1009.514
1549566567630,1009.514
1549566567670,1009.514
1549566567708,1009.514
1549566567747,1009.50134
1549566567797,1009.50134
1549566567825,1009.50134
1549566567861,1009.50134
1549566567904,1009.50745
1549566567939,1009.50745
1549566567977,1009.50745
1549566568018,1009.50745
1549566568054,1009.51434
1549566568093,1009.51434
1549566568130,1009.51434
1549566568170,1009.51434
1549566568208,1009.52246
1549566568246,1009.52246
1549566568294,1009.52246
1549566568325,1009.52246
1549566568361,1009.51306
1549566568400,1009.51306
1549566568441,1009.51306
1549566568477,1009.51306
1549566568516,1009.5179
1549566568554,1009.5179
1549566568592,1009.5179
1549566568630,1009.5179
1549566568670,1009.5166
1549566568711,1009.5166
1549566568746,1009.5166
1549566568785,1009.5166
1549566568825,1009.52277
1549566568862,1009.52277
1549566568899,1009.52277
1549566568943,1009.52277
1549566568976,1009.52277
1549566569015,1009.52966
1549566569055,1009.52966
1549566569093,1009.52966
1549566569129,1009.52966
1549566569168,1009.5296
1549566569214,1009.5296
1549566569246,1009.5296
1549566569285,1009.5296
1549566569338,1009.5365
1549566569363,1009.5365
1549566569400,1009.5365
1549566569437,1009.5365
1549566569476,1009.5353
1549566569517,1009.5353
1549566569554,1009.5353
1549566569592,1009.5353
1549566569631,1009.5197
1549566569672,1009.5197
1549566569709,1009.5197
1549566569760,1009.5197
1549566569785,1009.5234
1549566569824,1009.5234
1549566569861,1009.5234
1549566569900,1009.5234
1549566569938,1009.5225
1549566569976,1009.5225
1549566570016,1009.5225
1549566570058,1009.5225
1549566570093,1009.52246
1549566570129,1009.52246
1549566570169,1009.52246
1549566570208,1009.52246
1549566570246,1009.52246
1549566570300,1009.5245
1549566570322,1009.5245
1549566570361,1009.5245
1549566570399,1009.5245
1549566570438,1009.5265
1549566570494,1009.5265
1549566570515,1009.5265
1549566570554,1009.5265
1549566570592,1009.5134
1549566570629,1009.5134
1549566570668,1009.5134
1549566570708,1009.5134
1549566570745,1009.5211
1549566570787,1009.5211
1549566570825,1009.5211
1549566570860,1009.5211
1549566570900,1009.5296
1549566570936,1009.5296
1549566570975,1009.5296
1549566571014,1009.5296
1549566571054,1009.52264
1549566571091,1009.52264
1549566571140,1009.52264
1549566571168,1009.52264
1549566571211,1009.4986
1549566571246,1009.4986
1549566571284,1009.4986
1549566571324,1009.4986
1549566571360,1009.5055
1549566571399,1009.5055
1549566571437,1009.5055
1549566571476,1009.5055
1549566571514,1009.5055
1549566571553,1009.51764
1549566571593,1009.51764
1549566571631,1009.51764
1549566571668,1009.51764
1549566571706,1009.5128
1549566571746,1009.5128
1549566571785,1009.5128
1549566571822,1009.5128
1549566571862,1009.5164
1549566571900,1009.5164
1549566571937,1009.5164
1549566571976,1009.5164
1549566572015,1009.51843
1549566572052,1009.51843
1549566572094,1009.51843
1549566572129,1009.51843
1549566572180,1009.50903
1549566572212,1009.50903
1549566572245,1009.50903
1549566572283,1009.50903
1549566572331,1009.5061
1549566572359,1009.5061
1549566572399,1009.5061
1549566572437,1009.5061
1549566572476,1009.51294
1549566572514,1009.51294
1549566572554,1009.51294
1549566572591,1009.51294
1549566572629,1009.5101
1549566572668,1009.5101
1549566572707,1009.5101
1549566572747,1009.5101
1549566572783,1009.5101
1549566572822,1009.5003
1549566572862,1009.5003
1549566572898,1009.5003
1549566572937,1009.5003
1549566572979,1009.50024
1549566573018,1009.50024
1549566573055,1009.50024
1549566573091,1009.50024
1549566573129,1009.5165
1549566573170,1009.5165
1549566573206,1009.5165
1549566573245,1009.5165
1549566573283,1009.50916
1549566573322,1009.50916
1549566573360,1009.50916
1549566573398,1009.50916
1549566573438,1009.50256
1549566573479,1009.50256
1549566573514,1009.50256
1549566573553,1009.50256
1549566573590,1009.5038
1549566573629,1009.5038
1549566573669,1009.5038
1549566573707,1009.5038
1549566573744,1009.50214
1549566573784,1009.50214
1549566573822,1009.50214
1549566573860,1009.50214
1549566573899,1009.507
1549566573937,1009.49396
1549566573976,1009.49396
1549566574015,1009.49396
1549566574052,1009.49396
1549566574094,1009.51013
1549566574129,1009.51013
1549566574172,1009.51013
1549566574207,1009.51013
1549566574245,1009.5061
1549566574284,1009.5061
1549566574321,1009.5061
1549566574361,1009.5061
1549566574398,1009.5053
1549566574436,1009.5053
1549566574476,1009.5053
1549566574515,1009.5053
1549566574554,1009.5016
1549566574591,1009.5016
1549566574629,1009.5016
1549566574673,1009.5016
1549566574707,1009.50037
1549566574745,1009.50037
1549566574784,1009.50037
1549566574821,1009.50037
1549566574860,1009.4852
1549566574899,1009.4852
1549566574937,1009.4852
1549566574976,1009.4852
1549566575014,1009.48035
1549566575053,1009.48035
1549566575092,1009.48035
1549566575129,1009.48035
1549566575167,1009.48035
1549566575207,1009.4824
1549566575246,1009.4824
1549566575283,1009.4824
1549566575321,1009.4824
1549566575362,1009.484
1549566575398,1009.484
1549566575438,1009.484
1549566575475,1009.484
1549566575513,1009.4824
1549566575552,1009.4824
1549566575593,1009.4824
1549566575646,1009.4824
1549566575667,1009.4861
1549566575706,1009.4861
1549566575744,1009.4861
1549566575782,1009.4861
1549566575822,1009.4942
1549566575860,1009.4942
1549566575899,1009.4942
1549566575938,1009.4942
1549566575974,1009.46655
1549566576014,1009.46655
1549566576053,1009.46655
1549566576090,1009.46655
1549566576128,1009.47144
1549566576167,1009.47144
1549566576207,1009.47144
1549566576245,1009.47144
1549566576286,1009.48566
1549566576321,1009.48566
1549566576359,1009.48566
1549566576397,1009.48566
1549566576437,1009.48566
1549566576475,1009.50684
1549566576519,1009.50684
1549566576552,1009.50684
1549566576591,1009.50684
1549566576632,1009.4922
1549566576667,1009.4922
1549566576706,1009.4922
1549566576745,1009.4922
1549566576782,1009.50073
1549566576823,1009.50073
1549566576859,1009.50073
1549566576897,1009.50073
1549566576940,1009.48895
1549566576973,1009.48895
1549566577015,1009.48895
1549566577055,1009.48895
1549566577091,1009.4902
1549566577129,1009.4902
1549566577174,1009.4902
1549566577206,1009.4902
1549566577246,1009.4914
1549566577282,1009.4914
1549566577324,1009.4914
1549566577359,1009.4914
1549566577406,1009.48
1549566577438,1009.48
1549566577476,1009.48
1549566577513,1009.48
1549566577551,1009.47595
1549566577591,1009.47595
1549566577630,1009.47595
1549566577668,1009.47595
1549566577707,1009.47595
1549566577743,1009.47595
1549566577782,1009.47595
1549566577822,1009.47595
1549566577860,1009.47595
1549566577897,1009.4723
1549566577939,1009.4723
1549566577975,1009.4723
1549566578015,1009.4723
1549566578052,1009.47107
1549566578090,1009.47107
1549566578129,1009.47107
1549566578166,1009.47107
1549566578206,1009.4723
1549566578243,1009.4723
1549566578282,1009.4723
1549566578322,1009.4723
1549566578361,1009.4784
1549566578398,1009.4784
1549566578437,1009.4784
1549566578474,1009.4784
1549566578513,1009.48004
1549566578552,1009.48004
1549566578590,1009.48004
1549566578628,1009.48004
1549566578667,1009.48816
1549566578706,1009.48816
1549566578746,1009.48816
1549566578787,1009.48816
1549566578820,1009.49915
1549566578859,1009.49915
1549566578896,1009.49915
1549566578936,1009.49915
1549566578975,1009.49915
1549566579014,1009.49756
1549566579051,1009.49756
1549566579090,1009.49756
1549566579128,1009.49756
1549566579167,1009.4959
1549566579207,1009.4959
1549566579246,1009.4959
1549566579283,1009.4959
1549566579323,1009.4947
1549566579360,1009.4947
1549566579398,1009.4947
1549566579437,1009.4947
1549566579477,1009.498
1549566579513,1009.498
1549566579552,1009.498
1549566579589,1009.498
1549566579628,1009.5028
1549566579680,1009.5028
1549566579707,1009.5028
1549566579744,1009.5028
1549566579782,1009.4918
1549566579821,1009.4918
1549566579859,1009.4918
1549566579898,1009.4918
1549566579937,1009.489
1549566579976,1009.489
1549566580014,1009.489
1549566580052,1009.489
1549566580088,1009.49304
1549566580129,1009.49304
1549566580170,1009.49304
1549566580205,1009.49304
1549566580244,1009.49304
1549566580282,1009.4853
1549566580321,1009.4853
1549566580359,1009.4853
1549566580397,1009.4853
1549566580438,1009.4763
1549566580474,1009.4763
1549566580513,1009.4763
1549566580550,1009.4763
1549566580590,1009.484
1549566580628,1009.484
1549566580667,1009.484
1549566580706,1009.484
1549566580742,1009.47955
1549566580781,1009.47955
1549566580820,1009.47955
1549566580862,1009.47955
1549566580899,1009.4742
1549566580936,1009.4742
1549566580973,1009.4742
1549566581011,1009.4742
1549566581060,1009.47705
1549566581090,1009.47705
1549566581133,1009.47705
1549566581166,1009.47705
1549566581205,1009.48145
1549566581245,1009.48145
1549566581281,1009.48145
1549566581322,1009.48145
1549566581361,1009.48395
1549566581399,1009.48395
1549566581439,1009.48395
1549566581473,1009.48395
1549566581514,1009.48395
1549566581551,1009.47046
1549566581592,1009.47046
1549566581632,1009.47046
1549566581665,1009.47046
1549566581706,1009.46515
1549566581743,1009.46515
1549566581781,1009.46515
1549566581822,1009.46515
1549566581859,1009.4602
1549566581896,1009.4602
1549566581935,1009.4602
1549566581974,1009.4602
1549566582011,1009.45526
1549566582051,1009.45526
1549566582091,1009.45526
1549566582130,1009.45526
1549566582165,1009.45
1549566582205,1009.45
1549566582243,1009.45
1549566582288,1009.45
1549566582320,1009.4658
1549566582357,1009.4658
1549566582397,1009.4658
1549566582435,1009.4658
1549566582474,1009.4592
1549566582515,1009.4592
1549566582552,1009.4592
1549566582588,1009.4592
1549566582626,1009.45306
1549566582675,1009.45306
1549566582705,1009.45306
1549566582745,1009.45306
1549566582782,1009.45306
1549566582820,1009.4527
1549566582859,1009.4527
1549566582897,1009.4527
1549566582936,1009.4527
1549566582973,1009.44165
1549566583012,1009.44165
1549566583049,1009.44165
1549566583091,1009.44165
1549566583138,1009.43915
1549566583168,1009.43915
1549566583204,1009.43915
1549566583242,1009.43915
1549566583281,1009.4363
1549566583330,1009.4363
1549566583358,1009.4363
1549566583395,1009.4363
1549566583436,1009.4252
1549566583480,1009.4252
1549566583511,1009.4252
1549566583550,1009.4252
1549566583587,1009.4158
1549566583626,1009.4158
1549566583666,1009.4158
1549566583705,1009.4158
1549566583747,1009.4129
1549566583780,1009.4129
1549566583820,1009.4129
1549566583858,1009.4129
1549566583897,1009.4132
1549566583935,1009.4132
1549566583974,1009.4132
1549566584011,1009.4132
1549566584050,1009.4132
1549566584089,1009.4091
1549566584126,1009.4091
1549566584167,1009.4091
1549566584205,1009.4091
1549566584242,1009.40295
1549566584282,1009.40295
1549566584321,1009.40295
1549566584359,1009.40295
1549566584398,1009.45703
1549566584435,1009.45703
1549566584478,1009.45703
1549566584511,1009.45703
1549566584559,1009.4362
1549566584590,1009.4362
1549566584628,1009.4362
1549566584665,1009.4362
1549566584704,1009.42676
1549566584743,1009.42676
1549566584781,1009.42676
1549566584818,1009.42676
1549566584858,1009.42224
1549566584896,1009.42224
1549566584934,1009.42224
1549566584974,1009.42224
1549566585011,1009.417
1549566585049,1009.417
1549566585090,1009.417
1549566585125,1009.417
1549566585166,1009.4332
1549566585204,1009.4157
1549566585242,1009.4157
1549566585282,1009.4157
1549566585319,1009.4157
1549566585380,1009.42053
1549566585398,1009.42053
1549566585434,1009.42053
1549566585475,1009.42053
1549566585510,1009.42535
1549566585586,1009.42535
1549566585624,1009.42535
1549566585627,1009.42535
1549566585672,1009.4464
1549566585701,1009.4464
1549566585741,1009.4464
1549566585779,1009.4464
1549566585824,1009.4623
1549566585860,1009.4623
1549566585897,1009.4623
1549566585936,1009.4623
1549566585974,1009.4545
1549566586009,1009.4545
1549566586047,1009.4545
1549566586087,1009.4545
1549566586125,1009.44794
1549566586163,1009.44794
1549566586202,1009.44794
1549566586240,1009.44794
1549566586279,1009.4495
1549566586320,1009.4495
1549566586361,1009.4495
1549566586394,1009.4495
1549566586432,1009.4495
1549566586473,1009.4365
1549566586509,1009.4365
1549566586550,1009.4365
1549566586589,1009.4365
1549566586629,1009.4409
1549566586664,1009.4409
1549566586702,1009.4409
1549566586742,1009.4409
1549566586779,1009.4343
1549566586817,1009.4343
1549566586855,1009.4343
1549566586894,1009.4343
1549566586934,1009.4323
1549566586972,1009.4323
1549566587009,1009.4323
1549566587047,1009.4323
