1549566801341,1009.3945
1549566801341,1009.3945
1549566801380,1009.3945
1549566801422,1009.4125
1549566801458,1009.4125
1549566801496,1009.4125
1549566801534,1009.4125
1549566801577,1009.4125
1549566801612,1009.42554
1549566801650,1009.42554
1549566801690,1009.42554
1549566801726,1009.42554
1549566801765,1009.4406
1549566801803,1009.4406
1549566801843,1009.4406
1549566801879,1009.4406
1549566801921,1009.43616
1549566801959,1009.43616
1549566801996,1009.43616
1549566802035,1009.43616
1549566802076,1009.45166
1549566802111,1009.45166
1549566802151,1009.45166
1549566802188,1009.45166
1549566802228,1009.44977
1549566802266,1009.44977
1549566802306,1009.44977
1549566802354,1009.44977
1549566802380,1009.44104
1549566802418,1009.44104
1549566802458,1009.44104
1549566802497,1009.44104
1549566802535,1009.4225
1549566802573,1009.4225
1549566802611,1009.4225
1549566802650,1009.4225
1549566802688,1009.4244
1549566802728,1009.4244
1549566802766,1009.4244
1549566802805,1009.4244
1549566802850,1009.4244
1549566802880,1009.4193
1549566802920,1009.4193
1549566802958,1009.4193
1549566802996,1009.4193
1549566803034,1009.41235
1549566803075,1009.41235
1549566803111,1009.41235
1549566803156,1009.41235
1549566803210,1009.4126
1549566803227,1009.4126
1549566803266,1009.4126
1549566803307,1009.4126
1549566803343,1009.3958
1549566803380,1009.3958
1549566803421,1009.3958
1549566803456,1009.3958
1549566803495,1009.40845
1549566803536,1009.40845
1549566803574,1009.40845
1549566803610,1009.40845
1549566803649,1009.38184
1549566803691,1009.38184
1549566803727,1009.38184
1549566803765,1009.38184
1549566803803,1009.37695
1549566803841,1009.37695
1549566803881,1009.37695
1549566803918,1009.37695
1549566803957,1009.363
1549566803996,1009.363
1549566804036,1009.363
1549566804075,1009.363
1549566804112,1009.363
1549566804149,1009.36176
1549566804188,1009.36176
1549566804227,1009.36176
1549566804266,1009.36176
1549566804303,1009.34827
1549566804343,1009.34827
1549566804380,1009.34827
1549566804420,1009.34827
1549566804457,1009.3405
1549566804496,1009.3405
1549566804535,1009.3405
1549566804572,1009.3405
1549566804610,1009.345
1549566804649,1009.345
1549566804694,1009.345
1549566804727,1009.345
1549566804765,1009.3408
1549566804802,1009.3408
1549566804843,1009.3408
1549566804881,1009.3408
1549566804918,1009.34
1549566804958,1009.34
1549566804996,1009.34
1549566805034,1009.34
1549566805072,1009.3396
1549566805110,1009.3396
1549566805172,1009.3396
1549566805189,1009.3396
1549566805225,1009.3396
1549566805266,1009.3396
1549566805302,1009.3396
1549566805341,1009.3396
1549566805388,1009.3396
1549566805419,1009.3571
1549566805456,1009.3571
1549566805495,1009.3571
1549566805534,1009.3571
1549566805574,1009.3571
1549566805611,1009.3571
1549566805648,1009.3571
1549566805687,1009.3571
1549566805726,1009.3751
1549566805764,1009.3751
1549566805803,1009.3751
1549566805841,1009.3751
1549566805880,1009.3686
1549566805920,1009.3686
1549566805959,1009.3686
1549566806001,1009.3686
1549566806034,1009.3915
1549566806075,1009.3915
1549566806110,1009.3915
1549566806149,1009.3915
1549566806190,1009.3784
1549566806225,1009.3784
1549566806264,1009.3784
1549566806310,1009.3784
1549566806342,1009.3919
1549566806379,1009.3919
1549566806426,1009.3919
1549566806458,1009.3919
1549566806494,1009.36945
1549566806534,1009.36945
1549566806572,1009.36945
1549566806615,1009.36945
1549566806649,1009.36945
1549566806687,1009.4038
1549566806725,1009.4038
1549566806765,1009.4038
1549566806806,1009.4038
1549566806843,1009.36456
1549566806887,1009.36456
1549566806918,1009.36456
1549566806957,1009.36456
1549566806996,1009.3711
1549566807038,1009.3711
1549566807072,1009.3711
1549566807114,1009.3711
1549566807148,1009.3572
1549566807197,1009.3572
1549566807228,1009.3572
1549566807282,1009.3572
1549566807301,1009.35266
1549566807340,1009.35266
1549566807379,1009.35266
1549566807422,1009.35266
1549566807456,1009.3368
1549566807501,1009.3368
1549566807533,1009.3368
1549566807570,1009.3368
1549566807609,1009.3274
1549566807651,1009.3274
1549566807687,1009.3274
1549566807725,1009.3274
1549566807764,1009.32
1549566807803,1009.32
1549566807841,1009.32
1549566807884,1009.32
1549566807919,1009.31885
1549566807956,1009.31885
1549566807994,1009.31885
1549566808038,1009.31885
1549566808071,1009.31885
1549566808109,1009.3601
1549566808148,1009.3601
1549566808187,1009.3601
1549566808226,1009.3601
1549566808264,1009.3601
1549566808302,1009.3601
1549566808341,1009.3601
1549566808379,1009.3601
1549566808417,1009.3622
1549566808455,1009.3622
1549566808494,1009.3622
1549566808534,1009.3622
1549566808571,1009.3769
1549566808613,1009.3769
1549566808652,1009.3769
1549566808687,1009.3769
1549566808726,1009.3646
1549566808764,1009.3646
1549566808805,1009.3646
1549566808840,1009.3646
1549566808878,1009.3634
1549566808918,1009.3634
1549566808955,1009.3634
1549566808993,1009.3634
1549566809032,1009.3577
1549566809071,1009.3577
1549566809111,1009.3577
1549566809147,1009.3577
1549566809186,1009.34265
1549566809224,1009.34265
1549566809263,1009.34265
1549566809301,1009.34265
1549566809340,1009.34265
1549566809380,1009.3251
1549566809417,1009.3251
1549566809455,1009.3251
1549566809494,1009.3251
1549566809531,1009.3353
1549566809570,1009.3353
1549566809610,1009.3353
1549566809649,1009.3353
1549566809686,1009.32837
1549566809725,1009.32837
1549566809766,1009.32837
1549566809805,1009.32837
1549566809842,1009.33044
1549566809882,1009.33044
1549566809918,1009.33044
1549566809958,1009.33044
1549566809995,1009.32104
1549566810033,1009.32104
1549566810071,1009.32104
1549566810111,1009.32104
1549566810148,1009.3141
1549566810186,1009.3141
1549566810224,1009.3141
1549566810263,1009.3141
1549566810304,1009.326
1549566810340,1009.326
1549566810378,1009.326
1549566810417,1009.326
1549566810455,1009.31055
1549566810494,1009.31055
1549566810533,1009.31055
1549566810570,1009.31055
1549566810609,1009.31055
1549566810647,1009.3015
1549566810687,1009.3015
1549566810725,1009.3015
1549566810768,1009.3015
1549566810801,1009.2921
1549566810840,1009.2921
1549566810878,1009.2921
1549566810917,1009.2921
1549566810955,1009.2893
1549566810993,1009.2893
1549566811036,1009.2893
1549566811072,1009.2893
1549566811108,1009.2804
1549566811148,1009.2804
1549566811186,1009.2804
1549566811226,1009.2804
1549566811262,1009.2861
1549566811306,1009.2861
1549566811340,1009.2861
1549566811379,1009.2861
1549566811417,1009.2865
1549566811456,1009.2865
1549566811495,1009.2865
1549566811534,1009.2865
1549566811572,1009.2808
1549566811610,1009.2808
1549566811652,1009.2808
1549566811685,1009.2808
1549566811726,1009.2972
1549566811764,1009.2972
1549566811804,1009.2972
1549566811840,1009.2972
1549566811880,1009.2972
1549566811917,1009.2804
1549566811956,1009.2804
1549566811995,1009.2804
1549566812034,1009.2804
1549566812072,1009.2792
1549566812108,1009.2792
1549566812147,1009.2792
1549566812186,1009.2792
1549566812225,1009.27386
1549566812264,1009.27386
1549566812304,1009.27386
1549566812340,1009.27386
1549566812380,1009.27966
1549566812419,1009.27966
1549566812459,1009.27966
1549566812493,1009.27966
1549566812531,1009.2694
1549566812572,1009.2694
1549566812610,1009.2694
1549566812647,1009.2694
1549566812688,1009.2687
1549566812725,1009.2687
1549566812765,1009.2687
1549566812801,1009.2687
1549566812842,1009.26465
1549566812877,1009.26465
1549566812916,1009.26465
1549566812954,1009.26465
1549566812996,1009.2671
1549566813032,1009.2671
1549566813071,1009.2671
1549566813108,1009.2671
1549566813146,1009.28503
1549566813185,1009.2761
1549566813225,1009.2761
1549566813264,1009.2761
1549566813303,1009.2761
1549566813341,1009.27734
1549566813379,1009.27734
1549566813417,1009.27734
1549566813455,1009.27734
1549566813493,1009.2721
1549566813531,1009.2721
1549566813570,1009.2721
1549566813611,1009.2721
1549566813647,1009.25903
1549566813685,1009.25903
1549566813727,1009.25903
1549566813762,1009.25903
1549566813801,1009.2746
1549566813839,1009.2746
1549566813880,1009.2746
1549566813917,1009.2746
1549566813957,1009.2632
1549566813997,1009.2632
1549566814033,1009.2632
1549566814077,1009.2632
1549566814113,1009.2604
1549566814148,1009.2604
1549566814188,1009.2604
1549566814224,1009.2604
1549566814263,1009.2494
1549566814301,1009.2494
1549566814344,1009.2494
1549566814378,1009.2494
1549566814417,1009.25433
1549566814455,1009.25433
1549566814493,1009.25433
1549566814551,1009.25433
1549566814569,1009.25433
1549566814608,1009.25476
1549566814646,1009.25476
1549566814685,1009.25476
1549566814724,1009.25476
1549566814765,1009.2471
1549566814802,1009.2471
1549566814839,1009.2471
1549566814879,1009.2471
1549566814923,1009.2475
1549566814954,1009.2475
1549566814992,1009.2475
1549566815031,1009.2475
1549566815070,1009.2353
1549566815112,1009.2353
1549566815151,1009.2353
1549566815187,1009.2353
1549566815224,1009.2374
1549566815262,1009.2374
1549566815303,1009.2374
1549566815341,1009.2374
1549566815378,1009.23456
1549566815416,1009.23456
1549566815456,1009.23456
1549566815495,1009.23456
1549566815531,1009.24524
1549566815570,1009.24524
1549566815609,1009.24524
1549566815647,1009.24524
1549566815684,1009.22327
1549566815724,1009.22327
1549566815766,1009.22327
1549566815801,1009.22327
1549566815838,1009.22327
1549566815879,1009.21924
1549566815918,1009.21924
1549566815955,1009.21924
1549566815993,1009.21924
1549566816033,1009.1985
1549566816069,1009.1985
1549566816109,1009.1985
1549566816146,1009.1985
1549566816185,1009.1977
1549566816229,1009.1977
1549566816263,1009.1977
1549566816307,1009.1977
1549566816339,1009.19324
1549566816376,1009.19324
1549566816416,1009.19324
1549566816455,1009.19324
1549566816493,1009.1937
1549566816532,1009.1937
1549566816569,1009.1937
1549566816610,1009.1937
1549566816647,1009.21875
1549566816686,1009.21875
1549566816723,1009.21875
1549566816762,1009.21875
1549566816804,1009.2114
1549566816839,1009.2114
1549566816879,1009.2114
1549566816917,1009.2114
1549566816953,1009.21234
1549566816992,1009.21234
1549566817031,1009.21234
1549566817079,1009.21234
1549566817109,1009.21234
1549566817146,1009.1964
1549566817186,1009.1964
1549566817222,1009.1964
1549566817262,1009.1964
1549566817301,1009.1985
1549566817338,1009.1985
1549566817378,1009.1985
1549566817416,1009.1985
1549566817454,1009.1941
1549566817495,1009.1941
1549566817532,1009.1941
1549566817569,1009.1941
1549566817610,1009.1851
1549566817647,1009.1851
1549566817685,1009.1851
1549566817722,1009.1851
1549566817763,1009.17413
1549566817799,1009.17413
1549566817838,1009.17413
1549566817879,1009.17413
1549566817916,1009.1655
1549566817955,1009.1655
1549566817991,1009.1655
1549566818031,1009.1655
1549566818069,1009.182
1549566818108,1009.182
1549566818147,1009.182
1549566818184,1009.182
1549566818225,1009.1726
1549566818264,1009.1726
1549566818299,1009.1726
1549566818339,1009.1726
1549566818377,1009.1726
1549566818415,1009.16327
1549566818453,1009.16327
1549566818493,1009.16327
1549566818533,1009.16327
1549566818569,1009.1535
1549566818610,1009.1535
1549566818646,1009.1535
1549566818685,1009.1535
1549566818723,1009.1617
1549566818761,1009.1617
1549566818800,1009.1617
1549566818840,1009.1617
1549566818877,1009.14905
1549566818918,1009.14905
1549566818954,1009.14905
1549566818993,1009.14905
1549566819030,1009.1446
1549566819072,1009.1446
1549566819108,1009.1446
1549566819145,1009.1446
1549566819185,1009.13116
1549566819226,1009.13116
1549566819262,1009.13116
1549566819303,1009.13116
1549566819338,1009.1206
1549566819377,1009.1206
1549566819416,1009.1206
1549566819453,1009.1206
1549566819492,1009.1251
1549566819531,1009.1251
1549566819570,1009.1251
1549566819608,1009.1251
1549566819646,1009.1251
1549566819687,1009.11456
1549566819723,1009.11456
1549566819762,1009.11456
1549566819800,1009.11456
1549566819838,1009.10846
1549566819879,1009.10846
1549566819915,1009.10846
1549566819953,1009.10846
1549566819992,1009.0991
1549566820031,1009.0991
1549566820071,1009.0991
1549566820107,1009.0991
1549566820148,1009.1118
1549566820185,1009.1118
1549566820223,1009.1118
1549566820261,1009.1118
1549566820299,1009.0992
1549566820338,1009.0992
1549566820377,1009.0992
1549566820416,1009.0992
1549566820454,1009.10736
1549566820493,1009.10736
1549566820529,1009.10736
1549566820570,1009.10736
1549566820608,1009.0984
1549566820645,1009.0984
1549566820684,1009.0984
1549566820723,1009.0984
1549566820760,1009.10376
1549566820801,1009.10376
1549566820839,1009.10376
1549566820877,1009.10376
1549566820914,1009.10376
1549566820956,1009.1014
1549566820992,1009.1014
1549566821029,1009.1014
1549566821070,1009.1014
1549566821108,1009.10345
1549566821145,1009.10345
1549566821183,1009.10345
1549566821222,1009.10345
1549566821260,1009.0929
1549566821300,1009.0929
1549566821340,1009.0929
1549566821376,1009.0929
1549566821417,1009.0933
1549566821452,1009.0933
1549566821492,1009.0933
1549566821531,1009.0933
1549566821569,1009.12146
1549566821611,1009.12146
1549566821646,1009.12146
1549566821684,1009.12146
1549566821724,1009.1138
1549566821761,1009.1138
1549566821803,1009.1138
1549566821839,1009.1138
1549566821885,1009.10767
1549566821914,1009.10767
1549566821954,1009.10767
1549566821992,1009.10767
1549566822029,1009.09875
1549566822069,1009.09875
1549566822108,1009.09875
1549566822146,1009.09875
1549566822182,1009.1073
1549566822222,1009.1073
1549566822261,1009.1073
1549566822299,1009.1073
1549566822338,1009.1073
1549566822376,1009.09753
1549566822417,1009.09753
1549566822452,1009.09753
1549566822492,1009.09753
1549566822534,1009.09796
1549566822579,1009.09796
1549566822606,1009.09796
1549566822645,1009.09796
1549566822684,1009.089
1549566822723,1009.089
1549566822762,1009.089
1549566822798,1009.089
1549566822837,1009.08826
1549566822877,1009.08826
1549566822918,1009.08826
1549566822953,1009.08826
1549566822991,1009.0989
1549566823030,1009.0989
1549566823068,1009.0989
1549566823106,1009.0989
1549566823149,1009.0965
1549566823183,1009.0965
1549566823222,1009.0965
1549566823263,1009.0965
1549566823300,1009.099
1549566823337,1009.099
1549566823377,1009.099
1549566823415,1009.099
1549566823453,1009.09247
1549566823491,1009.09247
1549566823529,1009.09247
1549566823567,1009.09247
1549566823606,1009.09247
1549566823646,1009.11615
1549566823686,1009.11615
1549566823724,1009.11615
1549566823761,1009.11615
1549566823798,1009.1056
1549566823848,1009.1056
1549566823875,1009.1056
1549566823914,1009.1056
1549566823953,1009.1248
1549566823990,1009.1248
1549566824031,1009.1248
1549566824068,1009.1248
1549566824110,1009.1101
1549566824146,1009.1101
1549566824182,1009.1101
1549566824221,1009.1101
1549566824260,1009.1033
1549566824299,1009.1033
1549566824338,1009.1033
1549566824377,1009.1033
1549566824414,1009.16364
1549566824455,1009.16364
1549566824492,1009.16364
1549566824530,1009.16364
1549566824575,1009.15265
1549566824606,1009.15265
1549566824651,1009.15265
1549566824684,1009.15265
1549566824722,1009.1776
1549566824759,1009.1776
1549566824798,1009.1776
1549566824839,1009.1776
1549566824879,1009.1776
1549566824916,1009.1479
1549566824953,1009.1479
1549566824990,1009.1479
1549566825032,1009.1479
1549566825067,1009.13806
1549566825107,1009.13806
1549566825148,1009.13806
1549566825185,1009.13806
1549566825221,1009.1312
1549566825261,1009.1312
1549566825299,1009.1312
1549566825336,1009.1312
1549566825375,1009.1288
1549566825413,1009.1288
1549566825454,1009.1288
1549566825490,1009.1288
1549566825528,1009.1088
1549566825568,1009.1088
1549566825607,1009.1088
1549566825645,1009.1088
1549566825682,1009.1056
1549566825722,1009.1056
1549566825759,1009.1056
1549566825798,1009.1056
1549566825837,1009.1019
1549566825875,1009.1019
1549566825914,1009.1019
1549566825952,1009.1019
1549566825991,1009.10114
1549566826030,1009.10114
1549566826066,1009.10114
1549566826109,1009.10114
1549566826144,1009.10114
1549566826183,1009.0979
1549566826220,1009.0979
1549566826260,1009.0979
1549566826297,1009.0979
1549566826337,1009.0959
1549566826376,1009.0959
1549566826413,1009.0959
1549566826452,1009.0959
1549566826491,1009.0975
1549566826530,1009.0975
1549566826568,1009.0975
1549566826607,1009.0975
1549566826646,1009.0971
1549566826682,1009.0971
1549566826721,1009.0971
1549566826761,1009.0971
1549566826800,1009.0963
1549566826836,1009.0963
1549566826877,1009.0963
1549566826915,1009.0963
1549566826952,1009.09186
1549566826991,1009.09186
1549566827029,1009.09186
1549566827068,1009.09186
1549566827105,1009.0854
1549566827143,1009.0854
1549566827183,1009.0854
1549566827220,1009.0854
1549566827259,1009.08374
1549566827297,1009.08374
1549566827335,1009.08374
1549566827374,1009.08374
1549566827413,1009.08374
1549566827451,1009.074
1549566827490,1009.074
1549566827530,1009.074
1549566827566,1009.074
1549566827605,1009.0707
1549566827650,1009.0707
1549566827682,1009.0707
1549566827720,1009.0707
1549566827758,1009.0687
1549566827797,1009.0687
1549566827836,1009.0687
1549566827874,1009.0687
1549566827912,1009.0768
1549566827951,1009.0768
1549566827990,1009.0768
1549566828028,1009.0768
1549566828066,1009.0703
1549566828105,1009.0703
1549566828143,1009.0703
1549566828181,1009.0703
1549566828220,1009.07446
1549566828259,1009.07446
1549566828298,1009.07446
1549566828336,1009.07446
1549566828376,1009.0663
1549566828413,1009.0663
1549566828453,1009.0663
1549566828488,1009.0663
1549566828527,1009.06384
1549566828566,1009.06384
1549566828606,1009.06384
1549566828647,1009.06384
1549566828681,1009.06384
1549566828720,1009.06793
1549566828759,1009.06793
1549566828796,1009.06793
1549566828838,1009.06793
1549566828874,1009.0687
1549566828912,1009.0687
1549566828950,1009.0687
1549566828988,1009.0687
1549566829029,1009.0654
1549566829066,1009.0654
1549566829106,1009.0654
1549566829145,1009.0654
1549566829181,1009.07446
1549566829220,1009.07446
1549566829261,1009.07446
1549566829297,1009.07446
1549566829335,1009.079
1549566829374,1009.079
1549566829412,1009.079
1549566829450,1009.079
1549566829490,1009.0691
1549566829536,1009.0691
1549566829566,1009.0691
1549566829605,1009.0691
1549566829643,1009.08136
1549566829681,1009.08136
1549566829721,1009.08136
1549566829759,1009.08136
1549566829798,1009.0647
1549566829835,1009.0647
1549566829877,1009.0647
1549566829912,1009.0647
1549566829950,1009.0647
1549566829989,1009.0688
1549566830028,1009.0688
1549566830067,1009.0688
1549566830104,1009.0688
1549566830144,1009.0569
1549566830180,1009.0569
1549566830219,1009.0569
1549566830259,1009.0569
1549566830297,1009.05286
1549566830335,1009.05286
1549566830373,1009.05286
1549566830414,1009.05286
1549566830450,1009.04877
1549566830491,1009.04877
1549566830529,1009.04877
1549566830566,1009.04877
1549566830605,1009.0419
1549566830643,1009.0419
1549566830681,1009.0419
1549566830720,1009.0419
1549566830760,1009.0467
1549566830798,1009.0467
1549566830835,1009.0467
1549566830873,1009.0467
1549566830914,1009.0475
1549566830951,1009.0475
1549566830989,1009.0475
1549566831029,1009.0475
1549566831066,1009.0532
1549566831104,1009.0532
1549566831150,1009.0532
1549566831181,1009.0532
1549566831220,1009.0532
1549566831258,1009.0438
1549566831296,1009.0438
1549566831334,1009.0438
1549566831373,1009.0438
1549566831412,1009.04425
1549566831452,1009.04425
1549566831489,1009.04425
1549566831527,1009.04425
1549566831566,1009.03613
1549566831604,1009.03613
1549566831643,1009.03613
1549566831681,1009.03613
1549566831720,1009.04956
1549566831758,1009.04956
1549566831797,1009.04956
1549566831837,1009.04956
1549566831873,1009.0386
1549566831915,1009.0386
1549566831952,1009.0386
1549566831998,1009.0386
1549566832027,1009.0431
1549566832067,1009.0431
1549566832103,1009.0431
1549566832143,1009.0431
1549566832182,1009.09076
1549566832220,1009.09076
1549566832259,1009.09076
1549566832297,1009.09076
1549566832337,1009.0667
1549566832373,1009.0667
1549566832413,1009.0667
1549566832450,1009.0667
1549566832489,1009.0667
1549566832529,1009.0634
1549566832566,1009.0634
1549566832604,1009.0634
1549566832642,1009.0634
1549566832681,1009.05566
1549566832722,1009.05566
1549566832759,1009.05566
1549566832797,1009.05566
1549566832834,1009.09235
1549566832875,1009.09235
1549566832914,1009.09235
1549566832950,1009.09235
1549566832989,1009.0679
1549566833027,1009.0679
1549566833067,1009.0679
1549566833105,1009.0679
1549566833143,1009.0736
1549566833181,1009.0736
1549566833220,1009.0736
1549566833257,1009.0736
1549566833298,1009.05115
1549566833336,1009.05115
1549566833373,1009.05115
1549566833413,1009.05115
1549566833450,1009.04706
1549566833492,1009.04706
1549566833529,1009.04706
1549566833566,1009.04706
1549566833608,1009.05194
1549566833644,1009.05194
1549566833679,1009.05194
1549566833718,1009.05194
1549566833758,1009.05194
1549566833796,1009.0381
1549566833836,1009.0381
1549566833874,1009.0381
1549566833913,1009.0381
1549566833949,1009.0401
1549566833988,1009.0401
1549566834026,1009.0401
1549566834067,1009.0401
1549566834106,1009.04865
1549566834144,1009.04865
1549566834181,1009.04865
1549566834218,1009.04865
1549566834258,1009.0625
1549566834296,1009.0625
1549566834336,1009.0625
1549566834373,1009.0625
1549566834414,1009.0498
1549566834449,1009.0498
1549566834488,1009.0498
1549566834526,1009.0498
1549566834565,1009.06165
1549566834605,1009.06165
1549566834645,1009.06165
1549566834680,1009.06165
1549566834719,1009.06036
1549566834758,1009.06036
1549566834796,1009.06036
1549566834837,1009.06036
1549566834872,1009.05304
1549566834911,1009.05304
1549566834950,1009.05304
1549566834990,1009.05304
1549566835027,1009.05304
1549566835067,1009.06323
1549566835106,1009.06323
1549566835142,1009.06323
1549566835180,1009.06323
1549566835219,1009.0526
1549566835258,1009.0526
1549566835296,1009.0526
1549566835335,1009.0526
1549566835373,1009.0591
1549566835413,1009.0591
1549566835451,1009.0591
1549566835489,1009.0591
1549566835528,1009.0501
1549566835565,1009.0501
1549566835604,1009.0501
1549566835643,1009.0501
1549566835680,1009.057
1549566835719,1009.057
1549566835761,1009.057
1549566835796,1009.057
1549566835836,1009.0476
1549566835872,1009.0476
1549566835912,1009.0476
1549566835951,1009.0476
1549566835988,1009.044
1549566836027,1009.044
1549566836066,1009.044
1549566836104,1009.044
1549566836141,1009.03906
1549566836181,1009.03906
1549566836219,1009.03906
1549566836259,1009.03906
1549566836295,1009.03906
1549566836335,1009.0281
1549566836376,1009.0281
1549566836412,1009.0281
1549566836449,1009.0281
1549566836490,1009.03455
1549566836527,1009.03455
1549566836568,1009.03455
1549566836602,1009.03455
1549566836641,1009.02277
1549566836680,1009.02277
1549566836719,1009.02277
1549566836756,1009.02277
1549566836795,1009.03577
1549566836834,1009.03577
1549566836872,1009.03577
1549566836910,1009.03577
1549566836949,1009.0304
1549566836988,1009.0304
1549566837026,1009.0304
1549566837064,1009.0304
1549566837104,1009.02844
1549566837142,1009.02844
1549566837181,1009.02844
1549566837218,1009.02844
1549566837257,1009.0296
1549566837294,1009.0296
1549566837333,1009.0296
1549566837372,1009.0296
1549566837412,1009.0365
1549566837452,1009.0365
1549566837488,1009.0365
1549566837525,1009.0365
1549566837566,1009.0365
1549566837603,1009.0227
1549566837643,1009.0227
1549566837681,1009.0227
1549566837719,1009.0227
1549566837756,1009.01697
1549566837798,1009.01697
1549566837834,1009.01697
1549566837872,1009.01697
1549566837910,1009.05035
1549566837948,1009.05035
1549566837987,1009.05035
1549566838026,1009.05035
1549566838066,1009.0296
1549566838103,1009.0296
1549566838141,1009.0296
1549566838182,1009.0296
1549566838218,1009.0336
1549566838257,1009.0336
1549566838295,1009.0336
1549566838334,1009.0336
1549566838372,1009.0128
1549566838412,1009.0128
1549566838450,1009.0128
1549566838488,1009.0128
1549566838527,1009.01654
1549566838564,1009.01654
1549566838604,1009.01654
1549566838642,1009.01654
1549566838695,1008.99695
1549566838717,1008.99695
1549566838757,1008.99695
1549566838796,1008.99695
1549566838835,1008.99695
1549566838871,1008.98926
1549566838910,1008.98926
1549566838948,1008.98926
1549566838987,1008.98926
1549566839025,1008.9827
1549566839064,1008.9827
1549566839104,1008.9827
1549566839143,1008.9827
1549566839185,1008.97296
1549566839217,1008.97296
1549566839258,1008.97296
1549566839295,1008.97296
1549566839333,1008.99414
1549566839372,1008.99414
1549566839411,1008.99414
1549566839449,1008.99414
1549566839488,1008.9802
1549566839526,1008.9802
1549566839565,1008.9802
1549566839603,1008.9802
1549566839642,1008.9725
1549566839679,1008.9725
1549566839719,1008.9725
1549566839758,1008.9725
1549566839797,1008.9513
1549566839835,1008.9513
1549566839872,1008.9513
1549566839913,1008.9513
1549566839948,1008.9513
1549566839987,1008.9513
1549566840035,1008.9513
1549566840062,1008.9513
1549566840101,1008.9513
1549566840139,1008.9436
1549566840180,1008.9436
1549566840219,1008.9436
1549566840258,1008.9436
1549566840294,1008.9432
1549566840333,1008.9432
1549566840375,1008.9432
1549566840409,1008.9432
1549566840448,1008.93994
1549566840488,1008.93994
1549566840526,1008.93994
1549566840566,1008.93994
1549566840602,1008.94275
1549566840640,1008.94275
1549566840684,1008.94275
1549566840717,1008.94275
1549566840761,1008.9509
1549566840796,1008.9509
1549566840834,1008.9509
1549566840872,1008.9509
1549566840909,1008.9362
1549566840949,1008.9362
1549566840987,1008.9362
1549566841026,1008.9362
1549566841064,1008.93787
1549566841110,1008.93787
1549566841153,1008.93787
1549566841179,1008.93787
1549566841217,1008.93945
1549566841255,1008.93945
1549566841293,1008.93945
1549566841332,1008.93945
1549566841370,1008.93945
1549566841409,1008.9411
1549566841448,1008.9411
1549566841486,1008.9411
1549566841526,1008.9411
1549566841563,1008.9464
1549566841602,1008.9464
1549566841640,1008.9464
1549566841679,1008.9464
1549566841717,1008.9415
1549566841755,1008.9415
1549566841794,1008.9415
1549566841832,1008.9415
1549566841873,1008.9497
1549566841911,1008.9497
1549566841948,1008.9497
1549566841988,1008.9497
1549566842027,1008.9464
1549566842064,1008.9464
1549566842102,1008.9464
1549566842142,1008.9464
1549566842182,1008.9517
1549566842218,1008.9517
1549566842257,1008.9517
1549566842294,1008.9517
1549566842334,1008.94684
1549566842371,1008.94684
1549566842413,1008.94684
1549566842447,1008.94684
1549566842486,1008.9375
1549566842525,1008.9375
1549566842563,1008.9375
1549566842602,1008.9375
1549566842640,1008.9375
1549566842684,1008.9342
1549566842716,1008.9342
1549566842758,1008.9342
1549566842793,1008.9342
1549566842834,1008.9317
1549566842870,1008.9317
1549566842909,1008.9317
1549566842950,1008.9317
1549566842987,1008.94354
1549566843024,1008.94354
1549566843064,1008.94354
1549566843101,1008.94354
1549566843139,1008.9277
1549566843179,1008.9277
1549566843216,1008.9277
1549566843254,1008.9277
1549566843293,1008.92645
1549566843333,1008.92645
1549566843371,1008.92645
1549566843408,1008.92645
1549566843447,1008.9199
1549566843486,1008.9199
1549566843525,1008.9199
1549566843563,1008.9199
1549566843602,1008.9301
1549566843640,1008.9301
1549566843682,1008.9301
1549566843717,1008.9301
1549566843756,1008.92114
1549566843797,1008.92114
1549566843834,1008.92114
1549566843871,1008.92114
1549566843910,1008.92114
1549566843948,1008.9166
1549566843986,1008.9166
1549566844024,1008.9166
1549566844066,1008.9166
1549566844101,1008.9138
1549566844140,1008.9138
1549566844178,1008.9138
1549566844216,1008.9138
1549566844255,1008.9077
1549566844295,1008.9077
1549566844334,1008.9077
1549566844371,1008.9077
1549566844411,1008.90234
1549566844446,1008.90234
1549566844487,1008.90234
1549566844527,1008.90234
1549566844562,1008.8865
1549566844602,1008.8865
1549566844639,1008.8865
1549566844677,1008.8865
1549566844719,1008.8893
1549566844754,1008.8893
1549566844794,1008.8893
1549566844832,1008.8893
1549566844871,1008.88763
1549566844908,1008.88763
1549566844947,1008.88763
1549566844985,1008.88763
1549566845024,1008.8917
1549566845065,1008.8917
1549566845101,1008.8917
1549566845144,1008.8917
1549566845178,1008.8917
1549566845215,1008.89014
1549566845254,1008.89014
1549566845294,1008.89014
1549566845333,1008.89014
1549566845372,1008.8824
1549566845410,1008.8824
1549566845449,1008.8824
1549566845487,1008.8824
1549566845524,1008.87305
1549566845563,1008.87305
1549566845605,1008.87305
1549566845639,1008.87305
1549566845679,1008.864
1549566845717,1008.864
1549566845754,1008.864
1549566845792,1008.864
1549566845831,1008.8689
1549566845870,1008.8689
1549566845908,1008.8689
1549566845947,1008.8689
1549566845985,1008.85956
1549566846024,1008.85956
1549566846063,1008.85956
1549566846101,1008.85956
1549566846140,1008.8567
1549566846178,1008.8567
1549566846217,1008.8567
1549566846254,1008.8567
1549566846292,1008.8441
1549566846330,1008.8441
1549566846369,1008.8441
1549566846409,1008.8441
1549566846447,1008.8441
1549566846486,1008.84485
1549566846525,1008.84485
1549566846562,1008.84485
1549566846604,1008.84485
1549566846640,1008.8322
1549566846678,1008.8322
1549566846716,1008.8322
1549566846754,1008.8322
1549566846795,1008.8371
1549566846832,1008.8371
1549566846871,1008.8371
1549566846908,1008.8371
1549566846947,1008.83545
1549566846987,1008.83545
1549566847029,1008.83545
1549566847063,1008.83545
1549566847100,1008.82733
1549566847139,1008.82733
1549566847177,1008.82733
1549566847216,1008.82733
1549566847262,1008.8506
1549566847295,1008.8506
1549566847333,1008.8506
1549566847370,1008.8506
1549566847408,1008.8375
1549566847447,1008.8375
1549566847490,1008.8375
1549566847525,1008.8375
1549566847561,1008.82654
1549566847600,1008.82654
1549566847639,1008.82654
1549566847683,1008.82654
1549566847716,1008.82654
1549566847754,1008.8212
1549566847793,1008.8212
1549566847832,1008.8212
1549566847869,1008.8212
1549566847909,1008.82446
1549566847946,1008.82446
1549566847984,1008.82446
1549566848024,1008.82446
1549566848062,1008.8282
1549566848100,1008.8282
1549566848138,1008.8282
1549566848176,1008.8282
1549566848217,1008.82
1549566848256,1008.82
1549566848293,1008.82
1549566848330,1008.82
1549566848369,1008.8282
1549566848407,1008.8282
1549566848448,1008.8282
1549566848486,1008.8282
1549566848525,1008.83057
1549566848561,1008.83057
1549566848600,1008.83057
1549566848638,1008.83057
1549566848677,1008.8424
1549566848717,1008.8424
1549566848754,1008.8424
1549566848792,1008.8424
1549566848831,1008.8391
1549566848868,1008.8391
1549566848907,1008.8391
1549566848949,1008.8391
1549566848984,1008.8391
1549566849023,1008.82776
1549566849062,1008.82776
1549566849100,1008.82776
1549566849150,1008.82776
1549566849177,1008.8228
1549566849215,1008.8228
1549566849253,1008.8228
1549566849292,1008.8228
1549566849331,1008.8102
1549566849369,1008.8102
1549566849408,1008.8102
1549566849446,1008.8102
1549566849486,1008.8212
1549566849523,1008.8212
1549566849562,1008.8212
1549566849600,1008.8212
1549566849638,1008.8114
1549566849677,1008.8114
1549566849714,1008.8114
1549566849753,1008.8114
1549566849792,1008.8147
1549566849830,1008.8147
1549566849871,1008.8147
1549566849908,1008.8147
1549566849947,1008.8196
1549566849985,1008.8196
1549566850022,1008.8196
1549566850061,1008.8196
1549566850099,1008.8228
1549566850139,1008.8228
1549566850176,1008.8228
1549566850215,1008.8228
1549566850254,1008.8228
1549566850293,1008.82654
1549566850331,1008.82654
1549566850369,1008.82654
1549566850407,1008.82654
1549566850447,1008.833
1549566850484,1008.833
1549566850522,1008.833
1549566850563,1008.833
1549566850602,1008.82043
1549566850640,1008.82043
1549566850680,1008.82043
1549566850716,1008.82043
1549566850754,1008.8139
1549566850792,1008.8139
1549566850831,1008.8139
1549566850870,1008.8139
1549566850907,1008.81555
1549566850946,1008.81555
1549566850987,1008.81555
1549566851024,1008.81555
1549566851063,1008.8139
1549566851102,1008.8139
1549566851139,1008.8139
1549566851176,1008.8139
1549566851218,1008.8253
1549566851253,1008.8253
1549566851291,1008.8253
1549566851332,1008.8253
1549566851370,1008.81555
1549566851408,1008.81555
1549566851446,1008.81555
1549566851487,1008.81555
1549566851524,1008.81555
1549566851563,1008.8253
1549566851600,1008.8253
1549566851638,1008.8253
1549566851676,1008.8253
1549566851715,1008.81433
1549566851754,1008.81433
1549566851794,1008.81433
1549566851830,1008.81433
1549566851868,1008.8159
1549566851908,1008.8159
1549566851948,1008.8159
1549566851985,1008.8159
1549566852025,1008.8127
1549566852061,1008.8127
1549566852100,1008.8127
1549566852139,1008.8127
1549566852177,1008.8053
1549566852218,1008.8053
1549566852253,1008.8053
1549566852292,1008.8053
1549566852331,1008.80853
1549566852369,1008.80853
1549566852408,1008.80853
1549566852447,1008.80853
1549566852488,1008.80084
1549566852524,1008.80084
1549566852562,1008.80084
1549566852600,1008.80084
1549566852639,1008.8025
1549566852680,1008.8025
1549566852720,1008.8025
1549566852752,1008.8025
1549566852791,1008.8025
1549566852829,1008.798
1549566852868,1008.798
1549566852907,1008.798
1549566852947,1008.798
1549566852985,1008.81305
1549566853022,1008.81305
1549566853062,1008.81305
1549566853101,1008.81305
1549566853139,1008.8098
1549566853176,1008.8098
1549566853227,1008.8098
1549566853252,1008.8098
1549566853291,1008.8073
1549566853332,1008.8073
1549566853368,1008.8073
1549566853406,1008.8073
1549566853447,1008.79913
1549566853488,1008.79913
1549566853521,1008.79913
1549566853560,1008.79913
1549566853599,1008.79346
1549566853637,1008.79346
1549566853675,1008.79346
1549566853722,1008.79346
1549566853753,1008.7939
1549566853792,1008.7939
1549566853830,1008.7939
1549566853869,1008.7939
1549566853907,1008.7971
1549566853947,1008.7971
1549566853985,1008.7971
1549566854022,1008.7971
1549566854061,1008.7971
1549566854099,1008.80365
1549566854138,1008.80365
1549566854176,1008.80365
1549566854217,1008.80365
1549566854255,1008.7914
1549566854292,1008.7914
1549566854331,1008.7914
1549566854372,1008.7914
1549566854408,1008.8109
1549566854447,1008.8109
1549566854483,1008.8109
1549566854524,1008.8109
1549566854561,1008.8142
1549566854602,1008.8142
1549566854639,1008.8142
1549566854675,1008.8142
1549566854719,1008.824
1549566854755,1008.824
1549566854791,1008.824
1549566854830,1008.824
1549566854868,1008.81256
1549566854908,1008.81256
1549566854947,1008.81256
1549566854983,1008.81256
1549566855025,1008.8162
1549566855061,1008.8162
1549566855100,1008.8162
1549566855138,1008.8162
1549566855175,1008.8134
1549566855217,1008.8134
1549566855254,1008.8134
1549566855290,1008.8134
1549566855329,1008.8134
1549566855369,1008.8122
1549566855409,1008.8122
1549566855445,1008.8122
1549566855484,1008.8122
1549566855522,1008.8154
1549566855562,1008.8154
1549566855599,1008.8154
1549566855638,1008.8154
1549566855676,1008.813
1549566855716,1008.813
1549566855752,1008.813
1549566855791,1008.813
1549566855830,1008.82764
1549566855868,1008.82764
1549566855907,1008.82764
1549566855946,1008.82764
1549566855983,1008.82153
1549566856022,1008.82153
1549566856060,1008.82153
1549566856099,1008.82153
1549566856137,1008.817
1549566856178,1008.817
1549566856215,1008.817
1549566856251,1008.817
1549566856291,1008.8032
1549566856329,1008.8032
1549566856369,1008.8032
1549566856431,1008.8032
1549566856450,1008.80975
1549566856484,1008.80975
1549566856522,1008.80975
1549566856560,1008.80975
1549566856599,1008.80975
1549566856637,1008.79834
1549566856675,1008.79834
1549566856714,1008.79834
1549566856751,1008.79834
1549566856790,1008.8007
1549566856831,1008.8007
1549566856869,1008.8007
1549566856909,1008.8007
1549566856946,1008.7885
1549566856983,1008.7885
1549566857021,1008.7885
1549566857060,1008.7885
1549566857097,1008.78156
1549566857137,1008.78156
1549566857176,1008.78156
1549566857215,1008.78156
1549566857252,1008.795
1549566857291,1008.795
1549566857329,1008.795
1549566857369,1008.795
1549566857407,1008.7942
1549566857445,1008.7942
1549566857484,1008.7942
1549566857521,1008.7942
1549566857561,1008.8007
1549566857598,1008.8007
1549566857637,1008.8007
1549566857675,1008.8007
1549566857717,1008.8003
1549566857751,1008.8003
1549566857790,1008.8003
1549566857828,1008.8003
1549566857867,1008.8003
1549566857906,1008.8207
1549566857945,1008.8207
1549566857985,1008.8207
1549566858022,1008.8207
1549566858061,1008.8125
1549566858098,1008.8125
1549566858137,1008.8125
1549566858175,1008.8125
1549566858213,1008.80963
1549566858252,1008.80963
1549566858290,1008.80963
1549566858330,1008.80963
1549566858368,1008.79865
1549566858405,1008.79865
1549566858444,1008.79865
1549566858482,1008.79865
1549566858521,1008.79816
1549566858561,1008.79816
1549566858599,1008.79816
1549566858636,1008.79816
1549566858674,1008.8051
1549566858715,1008.8051
1549566858756,1008.8051
1549566858791,1008.8051
1549566858832,1008.80304
1549566858866,1008.80304
1549566858906,1008.80304
1549566858944,1008.80304
1549566858981,1008.80505
1549566859021,1008.80505
1549566859062,1008.80505
1549566859098,1008.80505
1549566859136,1008.80505
1549566859180,1008.7896
1549566859216,1008.7896
1549566859250,1008.7896
1549566859290,1008.7896
1549566859329,1008.7973
1549566859367,1008.7973
1549566859406,1008.7973
1549566859446,1008.7973
1549566859483,1008.78955
1549566859521,1008.78955
1549566859560,1008.78955
1549566859597,1008.78955
1549566859637,1008.7823
1549566859676,1008.7823
1549566859713,1008.7823
1549566859756,1008.7823
1549566859789,1008.7704
1549566859828,1008.7704
1549566859865,1008.7704
1549566859904,1008.7704
1549566859945,1008.76105
1549566859981,1008.76105
1549566860021,1008.76105
1549566860060,1008.76105
1549566860097,1008.76874
1549566860135,1008.76874
1549566860174,1008.76874
1549566860212,1008.76874
1549566860250,1008.76874
1549566860289,1008.7614
1549566860332,1008.7614
1549566860368,1008.7614
1549566860404,1008.7614
1549566860444,1008.75934
1549566860482,1008.75934
1549566860521,1008.75934
1549566860559,1008.75934
1549566860597,1008.74835
1549566860636,1008.74835
1549566860675,1008.74835
1549566860720,1008.74835
1549566860751,1008.7492
1549566860789,1008.7492
1549566860835,1008.7492
1549566860867,1008.7492
1549566860906,1008.74927
1549566860944,1008.74927
1549566860982,1008.74927
1549566861021,1008.74927
1549566861060,1008.7614
1549566861098,1008.7614
1549566861137,1008.7614
1549566861173,1008.7614
1549566861215,1008.75366
1549566861249,1008.75366
1549566861302,1008.75366
1549566861333,1008.75366
1549566861368,1008.74756
1549566861403,1008.74756
1549566861445,1008.74756
1549566861481,1008.74756
1549566861519,1008.74756
1549566861557,1008.7618
1549566861596,1008.7618
1549566861637,1008.7618
1549566861673,1008.7618
1549566861711,1008.7589
1549566861750,1008.7589
1549566861789,1008.7589
1549566861827,1008.7589
1549566861866,1008.75775
1549566861906,1008.75775
1549566861943,1008.75775
1549566861984,1008.75775
1549566862020,1008.74677
1549566862059,1008.74677
1549566862097,1008.74677
1549566862140,1008.74677
1549566862174,1008.73486
1549566862212,1008.73486
1549566862250,1008.73486
1549566862289,1008.73486
1549566862329,1008.7357
1549566862365,1008.7357
1549566862404,1008.7357
1549566862443,1008.7357
1549566862481,1008.7329
1549566862519,1008.7329
1549566862557,1008.7329
1549566862597,1008.7329
1549566862636,1008.72266
1549566862672,1008.72266
1549566862711,1008.72266
1549566862750,1008.72266
1549566862790,1008.72266
1549566862830,1008.71533
1549566862865,1008.71533
1549566862905,1008.71533
1549566862944,1008.71533
1549566862982,1008.73566
1549566863025,1008.73566
1549566863059,1008.73566
1549566863098,1008.73566
1549566863136,1008.73157
1549566863174,1008.73157
1549566863212,1008.73157
1549566863252,1008.73157
1549566863289,1008.7401
1549566863328,1008.7401
1549566863367,1008.7401
1549566863408,1008.7401
1549566863442,1008.7267
1549566863482,1008.7267
1549566863521,1008.7267
1549566863557,1008.7267
1549566863596,1008.7275
1549566863635,1008.7275
1549566863673,1008.7275
1549566863712,1008.7275
1549566863751,1008.72174
1549566863789,1008.72174
1549566863827,1008.72174
1549566863868,1008.72174
1549566863904,1008.72253
1549566863943,1008.72253
1549566863980,1008.72253
1549566864021,1008.72253
1549566864057,1008.72253
1549566864096,1008.71643
1549566864136,1008.71643
1549566864174,1008.71643
1549566864214,1008.71643
1549566864251,1008.7079
1549566864289,1008.7079
1549566864332,1008.7079
1549566864367,1008.7079
1549566864406,1008.7608
1549566864443,1008.7608
1549566864480,1008.7608
1549566864524,1008.7608
1549566864559,1008.7392
1549566864597,1008.7392
1549566864635,1008.7392
1549566864673,1008.7392
1549566864712,1008.751
1549566864751,1008.751
1549566864789,1008.751
1549566864827,1008.751
1549566864864,1008.7404
1549566864903,1008.7404
1549566864942,1008.7404
1549566864981,1008.7404
1549566865019,1008.753
1549566865062,1008.753
1549566865096,1008.753
1549566865133,1008.753
1549566865173,1008.7473
1549566865211,1008.7473
1549566865249,1008.7473
1549566865288,1008.7473
1549566865327,1008.7473
1549566865366,1008.75586
1549566865404,1008.75586
1549566865442,1008.75586
1549566865483,1008.75586
1549566865520,1008.75543
1549566865559,1008.75543
1549566865597,1008.75543
1549566865637,1008.75543
1549566865674,1008.764
1549566865711,1008.764
1549566865752,1008.764
1549566865787,1008.764
1549566865828,1008.7611
1549566865865,1008.7611
1549566865903,1008.7611
1549566865942,1008.7611
1549566865981,1008.74927
1549566866019,1008.74927
1549566866058,1008.74927
1549566866096,1008.74927
1549566866134,1008.7566
1549566866172,1008.7566
1549566866210,1008.7566
1549566866249,1008.7566
1549566866289,1008.7513
1549566866329,1008.7513
1549566866366,1008.7513
1549566866404,1008.7513
1549566866443,1008.7777
1549566866480,1008.7777
1549566866523,1008.7777
1549566866559,1008.7777
1549566866595,1008.7777
1549566866633,1008.761
1549566866672,1008.761
1549566866714,1008.761
1549566866751,1008.761
1549566866789,1008.75366
1549566866828,1008.75366
1549566866865,1008.75366
1549566866907,1008.75366
1549566866945,1008.7512
1549566866981,1008.7512
1549566867020,1008.7512
1549566867059,1008.7512
1549566867096,1008.74146
1549566867136,1008.74146
1549566867173,1008.74146
1549566867211,1008.74146
1549566867250,1008.7833
1549566867287,1008.7833
1549566867327,1008.7833
1549566867365,1008.7833
1549566867433,1008.75195
1549566867441,1008.75195
1549566867479,1008.75195
1549566867518,1008.75195
1549566867557,1008.7613
1549566867596,1008.7613
1549566867638,1008.7613
1549566867680,1008.7613
1549566867711,1008.7687
1549566867752,1008.7687
1549566867790,1008.7687
1549566867826,1008.7687
1549566867864,1008.7687
1549566867904,1008.7735
1549566867942,1008.7735
1549566867980,1008.7735
1549566868019,1008.7735
1549566868059,1008.76526
1549566868096,1008.76526
1549566868135,1008.76526
1549566868172,1008.76526
1549566868211,1008.76
1549566868264,1008.76
1549566868287,1008.76
1549566868327,1008.76
1549566868365,1008.7612
1549566868403,1008.7612
1549566868442,1008.7612
1549566868480,1008.7612
1549566868519,1008.7534
1549566868557,1008.7534
1549566868595,1008.7534
1549566868634,1008.7534
1549566868671,1008.7888
1549566868710,1008.7888
1549566868751,1008.7888
1549566868787,1008.7888
1549566868825,1008.7725
1549566868865,1008.7725
1549566868905,1008.7725
1549566868942,1008.7725
1549566868980,1008.7501
1549566869018,1008.7501
1549566869057,1008.7501
1549566869097,1008.7501
1549566869138,1008.7501
1549566869172,1008.7472
1549566869210,1008.7472
1549566869249,1008.7472
1549566869291,1008.7472
1549566869327,1008.7614
1549566869366,1008.7614
1549566869406,1008.7614
1549566869440,1008.7614
1549566869480,1008.7434
1549566869519,1008.7434
1549566869557,1008.7434
1549566869596,1008.7434
1549566869634,1008.73
1549566869674,1008.73
1549566869711,1008.73
1549566869751,1008.73
1549566869789,1008.725
1549566869827,1008.725
1549566869864,1008.725
1549566869904,1008.725
1549566869941,1008.7298
1549566869979,1008.7298
1549566870019,1008.7298
1549566870058,1008.7298
1549566870096,1008.7411
1549566870136,1008.7411
1549566870173,1008.7411
1549566870211,1008.7411
1549566870252,1008.75574
1549566870288,1008.7248
1549566870326,1008.7248
1549566870369,1008.7248
1549566870402,1008.7248
1549566870441,1008.7312
1549566870482,1008.7312
1549566870520,1008.7312
1549566870556,1008.7312
1549566870597,1008.72754
1549566870633,1008.72754
1549566870671,1008.72754
1549566870709,1008.72754
1549566870750,1008.74084
1549566870786,1008.74084
1549566870825,1008.74084
1549566870865,1008.74084
1549566870903,1008.7278
1549566870940,1008.7278
1549566870978,1008.7278
1549566871018,1008.7278
1549566871056,1008.70856
1549566871094,1008.70856
1549566871134,1008.70856
1549566871171,1008.70856
1549566871213,1008.7065
1549566871250,1008.7065
1549566871287,1008.7065
1549566871326,1008.7065
1549566871363,1008.71936
1549566871402,1008.71936
1549566871443,1008.71936
1549566871481,1008.71936
1549566871518,1008.71936
1549566871557,1008.70874
1549566871597,1008.70874
1549566871633,1008.70874
1549566871673,1008.70874
1549566871710,1008.6924
1549566871751,1008.6924
1549566871787,1008.6924
1549566871829,1008.6924
1549566871863,1008.70044
1549566871905,1008.70044
1549566871940,1008.70044
1549566871978,1008.70044
1549566872019,1008.70483
1549566872058,1008.70483
1549566872094,1008.70483
1549566872133,1008.70483
1549566872172,1008.70514
1549566872212,1008.70514
1549566872250,1008.70514
1549566872286,1008.70514
1549566872327,1008.6982
1549566872375,1008.6982
1549566872401,1008.6982
1549566872441,1008.6982
1549566872480,1008.6871
1549566872520,1008.6871
1549566872558,1008.6871
1549566872595,1008.6871
1549566872634,1008.68176
1549566872672,1008.68176
1549566872712,1008.68176
1549566872754,1008.68176
1549566872786,1008.68176
1549566872825,1008.68744
1549566872864,1008.68744
1549566872902,1008.68744
1549566872941,1008.68744
1549566872980,1008.68854
1549566873017,1008.68854
1549566873057,1008.68854
1549566873095,1008.68854
1549566873134,1008.68115
1549566873173,1008.68115
1549566873210,1008.68115
1549566873250,1008.68115
1549566873287,1008.6791
1549566873325,1008.6791
1549566873362,1008.6791
1549566873400,1008.6791
1549566873440,1008.68475
1549566873483,1008.68475
1549566873517,1008.68475
1549566873555,1008.68475
1549566873594,1008.70905
1549566873633,1008.70905
1549566873675,1008.70905
1549566873710,1008.70905
1549566873748,1008.6988
1549566873785,1008.6988
1549566873824,1008.6988
1549566873863,1008.6988
1549566873902,1008.697
1549566873939,1008.697
1549566873978,1008.697
1549566874016,1008.697
1549566874056,1008.697
1549566874094,1008.68195
1549566874136,1008.68195
1549566874170,1008.68195
1549566874211,1008.68195
1549566874248,1008.6847
1549566874285,1008.6847
1549566874325,1008.6847
1549566874362,1008.6847
1549566874401,1008.6862
1549566874440,1008.6862
1549566874480,1008.6862
1549566874520,1008.6862
1549566874555,1008.6764
1549566874599,1008.6764
1549566874632,1008.6764
1549566874670,1008.6764
1549566874711,1008.67346
1549566874748,1008.67346
1549566874786,1008.67346
1549566874826,1008.67346
1549566874864,1008.66644
1549566874903,1008.66644
1549566874939,1008.66644
1549566874979,1008.66644
1549566875017,1008.6814
1549566875055,1008.6814
1549566875095,1008.6814
1549566875131,1008.6814
1549566875170,1008.68005
1549566875209,1008.68005
1549566875248,1008.68005
1549566875287,1008.68005
1549566875324,1008.68005
1549566875364,1008.68646
1549566875404,1008.68646
1549566875443,1008.68646
1549566875480,1008.68646
1549566875518,1008.67737
1549566875555,1008.67737
1549566875594,1008.67737
1549566875632,1008.67737
1549566875671,1008.6732
1549566875710,1008.6732
1549566875749,1008.6732
1549566875793,1008.6732
1549566875827,1008.66736
1549566875865,1008.66736
1549566875901,1008.66736
1549566875941,1008.66736
1549566875981,1008.6664
1549566876017,1008.6664
1549566876056,1008.6664
1549566876094,1008.6664
1549566876133,1008.6703
1549566876170,1008.6703
1549566876210,1008.6703
1549566876249,1008.6703
1549566876285,1008.6544
1549566876328,1008.6544
1549566876365,1008.6544
1549566876404,1008.6544
1549566876439,1008.6544
1549566876478,1008.6681
1549566876518,1008.6681
1549566876557,1008.6681
1549566876593,1008.6681
1549566876631,1008.66547
1549566876670,1008.66547
1549566876709,1008.66547
1549566876748,1008.66547
1549566876786,1008.65515
1549566876824,1008.65515
1549566876863,1008.65515
1549566876901,1008.65515
1549566876940,1008.6445
1549566876978,1008.6445
1549566877016,1008.6445
1549566877057,1008.6445
1549566877094,1008.64185
1549566877133,1008.64185
1549566877171,1008.64185
1549566877211,1008.64185
1549566877247,1008.6527
1549566877285,1008.6527
1549566877324,1008.6527
1549566877362,1008.6527
1549566877403,1008.64844
1549566877441,1008.64844
1549566877477,1008.64844
1549566877517,1008.64844
1549566877556,1008.6593
1549566877595,1008.6593
1549566877632,1008.6593
1549566877671,1008.6593
1549566877708,1008.6593
1549566877752,1008.6522
1549566877787,1008.6522
1549566877825,1008.6522
1549566877862,1008.6522
1549566877900,1008.6578
1549566877942,1008.6578
1549566877980,1008.6578
1549566878018,1008.6578
1549566878059,1008.64417
1549566878097,1008.64417
1549566878132,1008.64417
1549566878173,1008.64417
1549566878209,1008.64685
1549566878250,1008.64685
1549566878285,1008.64685
1549566878323,1008.64685
1549566878365,1008.64594
1549566878400,1008.64594
1549566878440,1008.64594
1549566878479,1008.64594
1549566878518,1008.6356
1549566878555,1008.6356
1549566878600,1008.6356
1549566878631,1008.6356
1549566878670,1008.65
1549566878708,1008.65
1549566878748,1008.65
1549566878785,1008.65
1549566878825,1008.6568
1549566878861,1008.6568
1549566878901,1008.6568
1549566878940,1008.6568
1549566878978,1008.6568
1549566879017,1008.65295
1549566879057,1008.65295
1549566879095,1008.65295
1549566879134,1008.65295
1549566879171,1008.6365
1549566879207,1008.6365
1549566879248,1008.6365
1549566879287,1008.6365
1549566879323,1008.64
1549566879362,1008.64
1549566879401,1008.64
1549566879439,1008.64
1549566879477,1008.6268
1549566879517,1008.6268
1549566879554,1008.6268
1549566879596,1008.6268
1549566879633,1008.6246
1549566879671,1008.6246
1549566879709,1008.6246
1549566879750,1008.6246
1549566879785,1008.62885
1549566879824,1008.62885
1549566879865,1008.62885
1549566879900,1008.62885
1549566879940,1008.6311
1549566879977,1008.6311
1549566880017,1008.6311
1549566880056,1008.6311
1549566880095,1008.64276
1549566880131,1008.64276
1549566880170,1008.64276
1549566880210,1008.64276
1549566880247,1008.64276
1549566880286,1008.6332
1549566880323,1008.6332
1549566880363,1008.6332
1549566880401,1008.6332
1549566880440,1008.6517
1549566880479,1008.6517
1549566880516,1008.6517
1549566880555,1008.6517
1549566880594,1008.6551
1549566880634,1008.6551
1549566880668,1008.6551
1549566880708,1008.6551
1549566880753,1008.6659
1549566880785,1008.6659
1549566880824,1008.6659
1549566880862,1008.6659
1549566880899,1008.6734
1549566880939,1008.6734
1549566880977,1008.6734
1549566881015,1008.6734
1549566881056,1008.6776
1549566881092,1008.6776
1549566881131,1008.6776
1549566881178,1008.6776
1549566881210,1008.6855
1549566881247,1008.6855
1549566881286,1008.6855
1549566881324,1008.6855
1549566881362,1008.6855
1549566881400,1008.6752
1549566881440,1008.6752
1549566881476,1008.6752
1549566881516,1008.6752
1549566881554,1008.68713
1549566881592,1008.68713
1549566881634,1008.68713
1549566881668,1008.68713
1549566881707,1008.6735
1549566881745,1008.6735
1549566881786,1008.6735
1549566881822,1008.6735
1549566881863,1008.67163
1549566881900,1008.67163
1549566881940,1008.67163
1549566881979,1008.67163
1549566882017,1008.67224
1549566882053,1008.67224
1549566882093,1008.67224
1549566882131,1008.67224
1549566882168,1008.6684
1549566882208,1008.6684
1549566882247,1008.6684
1549566882286,1008.6684
1549566882323,1008.684
1549566882361,1008.684
1549566882399,1008.684
1549566882437,1008.684
1549566882476,1008.6781
1549566882517,1008.6781
1549566882554,1008.6781
1549566882592,1008.6781
1549566882630,1008.6781
1549566882670,1008.6742
1549566882708,1008.6742
1549566882745,1008.6742
1549566882784,1008.6742
1549566882822,1008.66547
1549566882861,1008.66547
1549566882901,1008.66547
1549566882940,1008.66547
1549566882976,1008.6661
1549566883017,1008.6661
1549566883052,1008.6661
1549566883091,1008.6661
1549566883131,1008.6647
1549566883168,1008.6647
1549566883207,1008.6647
1549566883244,1008.6647
1549566883291,1008.66406
1549566883322,1008.66406
1549566883361,1008.66406
1549566883399,1008.66406
1549566883437,1008.6634
1549566883477,1008.6634
1549566883515,1008.6634
1549566883553,1008.6634
1549566883592,1008.6644
1549566883630,1008.6644
1549566883670,1008.6644
1549566883707,1008.6644
1549566883746,1008.6942
1549566883783,1008.6942
1549566883822,1008.6942
1549566883862,1008.6942
1549566883899,1008.6942
1549566883938,1008.6854
1549566883976,1008.6854
1549566884017,1008.6854
1549566884053,1008.6854
1549566884091,1008.6958
1549566884129,1008.6958
1549566884169,1008.6958
1549566884206,1008.6958
1549566884245,1008.698
1549566884283,1008.698
1549566884321,1008.698
1549566884360,1008.698
1549566884399,1008.7018
1549566884437,1008.7018
1549566884476,1008.7018
1549566884516,1008.7018
1549566884554,1008.71375
1549566884592,1008.71375
1549566884630,1008.71375
1549566884668,1008.71375
1549566884706,1008.7091
1549566884745,1008.7091
1549566884783,1008.7091
1549566884822,1008.7091
1549566884860,1008.7162
1549566884899,1008.7162
1549566884938,1008.7162
1549566884976,1008.7162
1549566885015,1008.7162
1549566885055,1008.71185
1549566885091,1008.71185
1549566885130,1008.71185
1549566885168,1008.71185
1549566885205,1008.71893
1549566885245,1008.71893
1549566885283,1008.71893
1549566885321,1008.71893
1549566885363,1008.7146
1549566885398,1008.7146
1549566885439,1008.7146
1549566885475,1008.7146
1549566885515,1008.7119
1549566885554,1008.7119
1549566885593,1008.7119
1549566885629,1008.7119
1549566885667,1008.70764
1549566885706,1008.70764
1549566885745,1008.70764
1549566885784,1008.70764
1549566885821,1008.7118
1549566885861,1008.7118
1549566885898,1008.7118
1549566885938,1008.7118
1549566885978,1008.7335
1549566886014,1008.7335
1549566886052,1008.7335
1549566886091,1008.7335
1549566886128,1008.73047
1549566886168,1008.73047
1549566886208,1008.73047
1549566886244,1008.73047
1549566886284,1008.73047
1549566886322,1008.729
1549566886362,1008.729
1549566886398,1008.729
1549566886438,1008.729
1549566886481,1008.72107
1549566886517,1008.72107
1549566886553,1008.72107
1549566886590,1008.72107
1549566886629,1008.7245
1549566886667,1008.7245
1549566886705,1008.7245
1549566886744,1008.7245
1549566886782,1008.736
1549566886821,1008.736
1549566886861,1008.736
1549566886898,1008.736
1549566886936,1008.722
1549566886975,1008.722
1549566887014,1008.722
1549566887055,1008.722
1549566887091,1008.73065
1549566887130,1008.73065
1549566887168,1008.73065
1549566887206,1008.73065
1549566887244,1008.7207
1549566887286,1008.7207
1549566887322,1008.7207
1549566887360,1008.7207
1549566887404,1008.7302
1549566887440,1008.7302
1549566887476,1008.7302
1549566887512,1008.7302
1549566887553,1008.7302
1549566887590,1008.728
1549566887630,1008.728
1549566887668,1008.728
1549566887705,1008.728
1549566887745,1008.72656
1549566887782,1008.72656
1549566887821,1008.72656
1549566887859,1008.72656
1549566887897,1008.72437
1549566887935,1008.72437
1549566887975,1008.72437
1549566888013,1008.72437
1549566888051,1008.71765
1549566888093,1008.71765
1549566888129,1008.71765
1549566888167,1008.71765
1549566888206,1008.7199
1549566888245,1008.7199
1549566888296,1008.7199
1549566888321,1008.7199
1549566888361,1008.70636
1549566888398,1008.70636
1549566888437,1008.70636
1549566888476,1008.70636
1549566888538,1008.6989
1549566888553,1008.6989
1549566888590,1008.6989
1549566888629,1008.6989
1549566888669,1008.6989
1549566888715,1008.6902
1549566888746,1008.6902
1549566888784,1008.6902
1549566888821,1008.6902
1549566888860,1008.69855
1549566888899,1008.69855
1549566888949,1008.69855
1549566888976,1008.69855
1549566889014,1008.69
1549566889052,1008.69
1549566889090,1008.69
1549566889131,1008.69
1549566889167,1008.6894
1549566889205,1008.6894
1549566889245,1008.6894
1549566889286,1008.6894
1549566889320,1008.67664
1549566889360,1008.67664
1549566889397,1008.67664
1549566889436,1008.67664
1549566889476,1008.662
1549566889512,1008.662
1549566889551,1008.662
1549566889591,1008.662
1549566889628,1008.6878
1549566889667,1008.6878
1549566889705,1008.6878
1549566889743,1008.6878
1549566889784,1008.682
1549566889821,1008.682
1549566889859,1008.682
1549566889898,1008.682
1549566889943,1008.682
1549566889974,1008.70905
1549566890013,1008.70905
1549566890052,1008.70905
1549566890090,1008.70905
1549566890130,1008.69025
1549566890167,1008.69025
1549566890205,1008.69025
1549566890245,1008.69025
1549566890285,1008.69214
1549566890321,1008.69214
1549566890358,1008.69214
1549566890398,1008.69214
1549566890436,1008.7017
1549566890475,1008.7017
1549566890513,1008.7017
1549566890552,1008.7017
1549566890590,1008.7101
1549566890629,1008.7101
1549566890669,1008.7101
1549566890706,1008.7101
1549566890743,1008.71814
1549566890782,1008.71814
1549566890820,1008.71814
1549566890858,1008.71814
1549566890897,1008.7103
1549566890936,1008.7103
1549566890976,1008.7103
1549566891012,1008.7103
1549566891052,1008.7511
1549566891090,1008.7511
1549566891128,1008.7511
1549566891167,1008.7511
1549566891205,1008.7511
1549566891247,1008.74976
1549566891282,1008.74976
1549566891320,1008.74976
1549566891358,1008.74976
1549566891397,1008.75323
1549566891436,1008.75323
1549566891474,1008.75323
1549566891511,1008.75323
1549566891551,1008.75226
1549566891591,1008.75226
1549566891629,1008.75226
1549566891666,1008.75226
1549566891705,1008.7565
1549566891742,1008.7565
1549566891782,1008.7565
1549566891819,1008.7565
1549566891858,1008.7564
1549566891897,1008.7564
1549566891938,1008.7564
1549566891984,1008.7564
1549566892011,1008.7509
1549566892050,1008.7509
1549566892089,1008.7509
1549566892129,1008.7509
1549566892166,1008.74506
1549566892205,1008.74506
1549566892245,1008.74506
1549566892284,1008.74506
1549566892320,1008.74506
1549566892358,1008.75183
1549566892398,1008.75183
1549566892437,1008.75183
1549566892474,1008.75183
1549566892513,1008.77026
1549566892551,1008.77026
1549566892589,1008.77026
1549566892630,1008.77026
1549566892667,1008.7628
1549566892704,1008.7628
1549566892745,1008.7628
1549566892783,1008.7628
1549566892819,1008.7606
1549566892857,1008.7606
1549566892897,1008.7606
1549566892935,1008.7606
1549566892973,1008.7445
1549566893011,1008.7445
1549566893051,1008.7445
1549566893090,1008.7445
1549566893127,1008.76135
1549566893165,1008.76135
1549566893207,1008.76135
1549566893242,1008.76135
1549566893284,1008.74854
1549566893319,1008.74854
1549566893359,1008.74854
1549566893397,1008.74854
1549566893436,1008.7524
1549566893475,1008.7524
1549566893513,1008.7524
1549566893552,1008.7524
1549566893591,1008.7524
1549566893628,1008.7405
1549566893667,1008.7405
1549566893705,1008.7405
1549566893754,1008.7405
1549566893781,1008.73334
1549566893821,1008.73334
1549566893858,1008.73334
1549566893898,1008.73334
1549566893936,1008.7538
1549566893973,1008.7538
1549566894016,1008.7538
1549566894050,1008.7538
1549566894089,1008.7516
1549566894128,1008.7516
1549566894166,1008.7516
1549566894207,1008.7516
1549566894244,1008.7558
1549566894286,1008.7558
1549566894320,1008.7558
1549566894360,1008.7558
1549566894396,1008.7483
1549566894435,1008.7483
1549566894473,1008.7483
1549566894513,1008.7483
1549566894550,1008.75055
1549566894589,1008.75055
1549566894629,1008.75055
1549566894666,1008.75055
1549566894704,1008.75055
1549566894745,1008.7447
1549566894782,1008.7447
1549566894820,1008.7447
1549566894859,1008.7447
1549566894897,1008.74316
1549566894935,1008.74316
1549566894975,1008.74316
1549566895011,1008.74316
1549566895050,1008.73773
1549566895089,1008.73773
1549566895129,1008.73773
1549566895166,1008.73773
1549566895206,1008.7302
1549566895243,1008.7302
1549566895285,1008.7302
1549566895321,1008.7302
1549566895358,1008.74133
1549566895396,1008.74133
1549566895444,1008.74133
1549566895473,1008.74133
1549566895513,1008.7346
1549566895550,1008.7346
1549566895589,1008.7346
1549566895629,1008.7346
1549566895667,1008.7401
1549566895704,1008.7401
1549566895742,1008.7401
1549566895780,1008.7401
1549566895819,1008.7301
1549566895857,1008.7301
1549566895899,1008.7301
1549566895937,1008.7301
1549566895974,1008.7301
1549566896013,1008.73956
1549566896050,1008.73956
1549566896091,1008.73956
1549566896128,1008.73956
1549566896165,1008.72675
1549566896204,1008.72675
1549566896244,1008.72675
1549566896281,1008.72675
1549566896319,1008.7407
1549566896365,1008.7407
1549566896397,1008.7407
1549566896435,1008.7407
1549566896473,1008.7258
1549566896512,1008.7258
1549566896550,1008.7258
1549566896590,1008.7258
1549566896627,1008.72034
1549566896669,1008.72034
1549566896708,1008.72034
1549566896742,1008.72034
1549566896784,1008.7201
1549566896819,1008.7201
1549566896857,1008.7201
1549566896896,1008.7201
1549566896934,1008.71783
1549566896974,1008.71783
1549566897014,1008.71783
1549566897051,1008.71783
1549566897088,1008.71783
1549566897127,1008.714
1549566897169,1008.714
1549566897202,1008.714
1549566897242,1008.714
1549566897281,1008.7003
1549566897320,1008.7003
1549566897357,1008.7003
1549566897396,1008.7003
1549566897434,1008.70337
1549566897476,1008.70337
1549566897513,1008.70337
1549566897550,1008.70337
1549566897588,1008.7004
1549566897627,1008.7004
1549566897665,1008.7004
1549566897704,1008.7004
1549566897741,1008.69885
1549566897783,1008.69885
1549566897821,1008.69885
1549566897857,1008.69885
1549566897899,1008.69946
1549566897936,1008.69946
1549566897975,1008.69946
1549566898013,1008.69946
1549566898050,1008.6927
1549566898088,1008.6927
1549566898127,1008.6927
1549566898167,1008.6927
1549566898208,1008.69855
1549566898241,1008.69855
1549566898281,1008.69855
1549566898318,1008.69855
1549566898359,1008.69855
1549566898396,1008.6943
1549566898437,1008.6943
1549566898473,1008.6943
1549566898511,1008.6943
1549566898550,1008.696
1549566898589,1008.696
1549566898627,1008.696
1549566898668,1008.696
1549566898704,1008.6937
1549566898743,1008.6937
1549566898780,1008.6937
1549566898818,1008.6937
1549566898857,1008.71454
1549566898896,1008.71454
1549566898936,1008.71454
1549566898974,1008.71454
1549566899012,1008.7135
1549566899049,1008.7135
1549566899091,1008.7135
1549566899126,1008.7135
1549566899165,1008.7019
1549566899203,1008.7019
1549566899242,1008.7019
1549566899280,1008.7019
1549566899319,1008.6939
1549566899359,1008.6939
1549566899395,1008.6939
1549566899433,1008.6939
1549566899471,1008.6939
1549566899511,1008.69653
1549566899550,1008.69653
1549566899588,1008.69653
1549566899626,1008.69653
1549566899664,1008.7387
1549566899703,1008.7387
1549566899743,1008.7387
1549566899780,1008.7387
1549566899817,1008.7202
1549566899857,1008.7202
1549566899896,1008.7202
1549566899933,1008.7202
1549566899972,1008.72644
1549566900012,1008.72644
1549566900048,1008.72644
1549566900086,1008.72644
1549566900126,1008.7258
1549566900165,1008.7258
1549566900204,1008.7258
1549566900241,1008.7258
1549566900280,1008.73395
1549566900317,1008.73395
1549566900357,1008.73395
1549566900397,1008.73395
1549566900435,1008.7252
1549566900473,1008.7252
1549566900511,1008.7252
1549566900549,1008.7252
1549566900589,1008.72205
1549566900629,1008.72205
1549566900667,1008.72205
1549566900703,1008.72205
1549566900743,1008.72205
1549566900782,1008.72107
1549566900818,1008.72107
1549566900857,1008.72107
1549566900895,1008.72107
1549566900933,1008.72485
1549566900972,1008.72485
1549566901011,1008.72485
1549566901048,1008.72485
1549566901087,1008.74725
1549566901126,1008.74725
1549566901164,1008.74725
1549566901202,1008.74725
1549566901240,1008.74335
1549566901279,1008.74335
1549566901317,1008.74335
1549566901357,1008.74335
1549566901396,1008.74756
1549566901433,1008.74756
1549566901472,1008.74756
1549566901510,1008.74756
1549566901549,1008.74243
1549566901587,1008.74243
1549566901627,1008.74243
1549566901665,1008.74243
1549566901704,1008.7608
1549566901740,1008.7608
1549566901780,1008.7608
1549566901818,1008.7608
1549566901858,1008.7608
1549566901896,1008.75696
1549566901933,1008.75696
1549566901972,1008.75696
1549566902011,1008.75696
1549566902048,1008.76025
1549566902086,1008.76025
1549566902125,1008.76025
1549566902162,1008.76025
1549566902203,1008.7612
1549566902241,1008.7612
1549566902279,1008.7612
1549566902317,1008.7612
1549566902356,1008.7528
1549566902394,1008.7528
1549566902433,1008.7528
1549566902471,1008.7528
1549566902511,1008.7667
1549566902548,1008.7667
1549566902587,1008.7667
1549566902626,1008.7667
1549566902666,1008.7689
1549566902702,1008.7689
1549566902741,1008.7689
1549566902781,1008.7689
1549566902823,1008.7593
1549566902856,1008.7593
1549566902896,1008.7593
1549566902932,1008.7593
1549566902978,1008.7593
1549566903010,1008.744
1549566903048,1008.744
1549566903086,1008.744
1549566903125,1008.744
1549566903165,1008.76154
1549566903203,1008.76154
1549566903240,1008.76154
1549566903278,1008.76154
1549566903317,1008.7463
1549566903355,1008.7463
1549566903396,1008.7463
1549566903436,1008.7463
1549566903473,1008.746
1549566903510,1008.746
1549566903547,1008.746
1549566903586,1008.746
1549566903627,1008.74817
1549566903663,1008.74817
1549566903703,1008.74817
1549566903744,1008.74817
1549566903778,1008.7585
1549566903816,1008.7585
1549566903855,1008.7585
1549566903895,1008.7585
1549566903933,1008.7805
1549566903974,1008.7805
1549566904010,1008.7805
1549566904049,1008.7805
1549566904089,1008.7818
1549566904128,1008.7818
1549566904163,1008.7818
1549566904203,1008.7818
1549566904241,1008.7818
1549566904278,1008.77466
1549566904316,1008.77466
1549566904357,1008.77466
1549566904395,1008.77466
1549566904432,1008.7711
1549566904471,1008.7711
1549566904513,1008.7711
1549566904547,1008.7711
1549566904586,1008.7765
1549566904625,1008.7765
1549566904664,1008.7765
1549566904703,1008.7765
1549566904742,1008.7759
1549566904779,1008.7759
1549566904817,1008.7759
1549566904856,1008.7759
1549566904900,1008.78
1549566904932,1008.78
1549566904971,1008.78
1549566905009,1008.78
1549566905047,1008.77124
1549566905086,1008.77124
1549566905126,1008.77124
1549566905163,1008.77124
1549566905203,1008.75604
1549566905240,1008.75604
1549566905278,1008.75604
1549566905319,1008.75604
1549566905356,1008.75604
1549566905396,1008.7906
1549566905434,1008.7906
1549566905474,1008.7906
1549566905510,1008.7906
1549566905547,1008.7656
1549566905586,1008.7656
1549566905625,1008.7656
1549566905665,1008.7656
1549566905702,1008.7662
1549566905740,1008.7662
1549566905778,1008.7662
1549566905816,1008.7662
1549566905855,1008.7716
1549566905894,1008.7716
1549566905931,1008.7716
1549566905971,1008.7716
1549566906015,1008.7463
1549566906049,1008.7463
1549566906086,1008.7463
1549566906129,1008.7463
1549566906163,1008.7233
1549566906202,1008.7233
1549566906240,1008.7233
1549566906278,1008.7233
1549566906334,1008.72266
1549566906355,1008.72266
1549566906394,1008.72266
1549566906433,1008.72266
1549566906472,1008.7074
1549566906510,1008.7074
1549566906548,1008.7074
1549566906586,1008.7074
1549566906635,1008.7074
1549566906665,1008.7015
1549566906709,1008.7015
1549566906740,1008.7015
1549566906779,1008.7015
1549566906819,1008.69305
1549566906854,1008.69305
1549566906897,1008.69305
1549566906934,1008.69305
1549566906972,1008.673
1549566907009,1008.673
1549566907050,1008.673
1549566907088,1008.673
1549566907124,1008.6581
1549566907163,1008.6581
1549566907201,1008.6581
1549566907239,1008.6581
1549566907278,1008.66223
1549566907316,1008.66223
1549566907354,1008.66223
1549566907393,1008.66223
1549566907435,1008.65186
1549566907470,1008.65186
1549566907508,1008.65186
1549566907548,1008.65186
1549566907589,1008.645
1549566907631,1008.645
1549566907662,1008.645
1549566907700,1008.645
1549566907739,1008.645
1549566907779,1008.64844
1549566907819,1008.64844
1549566907859,1008.64844
1549566907895,1008.64844
1549566907931,1008.6255
1549566907970,1008.6255
1549566908008,1008.6255
1549566908049,1008.6255
1549566908085,1008.641
1549566908124,1008.641
1549566908162,1008.641
1549566908201,1008.641
1549566908239,1008.6383
1549566908277,1008.6383
1549566908316,1008.6383
1549566908355,1008.6383
1549566908393,1008.63885
1549566908432,1008.63885
1549566908470,1008.63885
1549566908512,1008.63885
1549566908548,1008.6249
1549566908585,1008.6249
1549566908625,1008.6249
1549566908663,1008.6249
1549566908700,1008.6173
1549566908738,1008.6173
1549566908779,1008.6173
1549566908816,1008.6173
1549566908855,1008.661
1549566908893,1008.6389
1549566908931,1008.6389
1549566908969,1008.6389
1549566909009,1008.6389
1549566909046,1008.64185
1549566909084,1008.64185
1549566909125,1008.64185
1549566909162,1008.64185
1549566909201,1008.6472
1549566909239,1008.6472
1549566909280,1008.6472
1549566909319,1008.6472
1549566909354,1008.6316
1549566909393,1008.6316
1549566909433,1008.6316
1549566909471,1008.6316
1549566909509,1008.6241
1549566909546,1008.6241
1549566909586,1008.6241
1549566909625,1008.6241
1549566909662,1008.6149
1549566909702,1008.6149
1549566909739,1008.6149
1549566909778,1008.6149
1549566909819,1008.6227
1549566909855,1008.6227
1549566909892,1008.6227
1549566909932,1008.6227
1549566909970,1008.59576
1549566910010,1008.59576
1549566910048,1008.59576
1549566910087,1008.59576
1549566910123,1008.59576
1549566910163,1008.5611
1549566910200,1008.5611
1549566910238,1008.5611
1549566910277,1008.5611
1549566910317,1008.5798
1549566910355,1008.5798
1549566910392,1008.5798
1549566910430,1008.5798
1549566910471,1008.5645
1549566910507,1008.5645
1549566910547,1008.5645
1549566910585,1008.5645
1549566910623,1008.5618
1549566910661,1008.5618
1549566910700,1008.5618
1549566910738,1008.5618
1549566910776,1008.5414
1549566910815,1008.5414
1549566910856,1008.5414
1549566910892,1008.5414
1549566910930,1008.52484
1549566910969,1008.52484
1549566911008,1008.52484
1549566911045,1008.52484
1549566911084,1008.5189
1549566911125,1008.5189
1549566911161,1008.5189
1549566911199,1008.5189
1549566911239,1008.5189
1549566911277,1008.5179
1549566911317,1008.5179
1549566911353,1008.5179
1549566911392,1008.5179
1549566911442,1008.5116
1549566911469,1008.5116
1549566911507,1008.5116
1549566911546,1008.5116
1549566911585,1008.4943
1549566911626,1008.4943
1549566911662,1008.4943
1549566911700,1008.4943
1549566911738,1008.4965
1549566911777,1008.4965
1549566911823,1008.4965
1549566911853,1008.4965
1549566911892,1008.49347
1549566911931,1008.49347
1549566911971,1008.49347
1549566912008,1008.49347
1549566912047,1008.4818
1549566912087,1008.4818
1549566912124,1008.4818
1549566912161,1008.4818
1549566912201,1008.47876
1549566912239,1008.47876
1549566912278,1008.47876
1549566912327,1008.47876
1549566912354,1008.47284
1549566912392,1008.47284
1549566912430,1008.47284
1549566912473,1008.47284
1549566912509,1008.47284
1549566912551,1008.4734
1549566912585,1008.4734
1549566912623,1008.4734
1549566912661,1008.4734
1549566912700,1008.46136
1549566912739,1008.46136
1549566912780,1008.46136
1549566912817,1008.46136
1549566912854,1008.46027
1549566912892,1008.46027
1549566912930,1008.46027
1549566912969,1008.46027
1549566913009,1008.45074
1549566913046,1008.45074
1549566913085,1008.45074
1549566913124,1008.45074
1549566913161,1008.4501
1549566913200,1008.4501
1549566913238,1008.4501
1549566913277,1008.4501
1549566913315,1008.44574
1549566913354,1008.44574
1549566913392,1008.44574
1549566913432,1008.44574
1549566913470,1008.4479
1549566913507,1008.4479
1549566913549,1008.4479
1549566913586,1008.4479
1549566913629,1008.4479
1549566913661,1008.442
1549566913699,1008.442
1549566913740,1008.442
1549566913777,1008.442
1549566913816,1008.4486
1549566913853,1008.4486
1549566913892,1008.4486
1549566913931,1008.4486
1549566913968,1008.4553
1549566914009,1008.4553
1549566914046,1008.4553
1549566914085,1008.4553
1549566914123,1008.44525
1549566914164,1008.44525
1549566914202,1008.44525
1549566914240,1008.44525
1549566914278,1008.451
1549566914316,1008.451
1549566914353,1008.451
1549566914393,1008.451
1549566914431,1008.43896
1549566914469,1008.43896
1549566914506,1008.43896
1549566914545,1008.43896
1549566914584,1008.4508
1549566914622,1008.4508
1549566914660,1008.4508
1549566914701,1008.4508
1549566914738,1008.4508
1549566914776,1008.451
1549566914815,1008.451
1549566914852,1008.451
1549566914891,1008.451
1549566914929,1008.45996
1549566914968,1008.45996
1549566915008,1008.45996
1549566915046,1008.45996
1549566915087,1008.45276
1549566915123,1008.45276
1549566915161,1008.45276
1549566915199,1008.45276
1549566915237,1008.45496
1549566915276,1008.45496
1549566915318,1008.45496
1549566915352,1008.45496
1549566915396,1008.4594
1549566915431,1008.4594
1549566915470,1008.4594
1549566915509,1008.4594
1549566915548,1008.4657
1549566915586,1008.4657
1549566915629,1008.4657
1549566915661,1008.4657
1549566915698,1008.4634
1549566915737,1008.4634
1549566915776,1008.4634
1549566915814,1008.4634
1549566915852,1008.47955
1549566915891,1008.4574
1549566915930,1008.4574
1549566915971,1008.4574
1549566916006,1008.4574
1549566916045,1008.4645
1549566916086,1008.4645
1549566916122,1008.4645
1549566916160,1008.4645
1549566916199,1008.46497
1549566916238,1008.46497
1549566916276,1008.46497
1549566916317,1008.46497
1549566916352,1008.4794
1549566916391,1008.4794
1549566916429,1008.4794
1549566916468,1008.4794
1549566916506,1008.46857
1549566916546,1008.46857
1549566916586,1008.46857
1549566916622,1008.46857
1549566916663,1008.4768
1549566916701,1008.4768
1549566916739,1008.4768
1549566916777,1008.4768
1549566916814,1008.47736
1549566916853,1008.47736
1549566916892,1008.47736
1549566916929,1008.47736
1549566916967,1008.47626
1549566917010,1008.47626
1549566917047,1008.47626
1549566917088,1008.47626
1549566917124,1008.47626
1549566917160,1008.4768
1549566917200,1008.4768
1549566917237,1008.4768
1549566917275,1008.4768
1549566917317,1008.4802
1549566917355,1008.4802
1549566917391,1008.4802
1549566917430,1008.4802
1549566917469,1008.4762
1549566917506,1008.4762
1549566917545,1008.4762
1549566917585,1008.4762
1549566917624,1008.4663
1549566917661,1008.4663
1549566917699,1008.4663
1549566917739,1008.4663
1549566917776,1008.4611
1549566917816,1008.4611
1549566917854,1008.4611
1549566917891,1008.4611
1549566917930,1008.4613
1549566917970,1008.4613
1549566918006,1008.4613
1549566918044,1008.4613
1549566918084,1008.4541
1549566918122,1008.4541
1549566918160,1008.4541
1549566918200,1008.4541
1549566918237,1008.4541
1549566918277,1008.4546
1549566918316,1008.4546
1549566918353,1008.4546
1549566918391,1008.4546
1549566918428,1008.4564
1549566918475,1008.4564
1549566918506,1008.4564
1549566918545,1008.4564
1549566918582,1008.4537
1549566918622,1008.4537
1549566918667,1008.4537
1549566918698,1008.4537
1549566918737,1008.45294
1549566918776,1008.45294
1549566918813,1008.45294
1549566918853,1008.45294
1549566918890,1008.46765
1549566918931,1008.46765
1549566918967,1008.46765
1549566919009,1008.46765
1549566919049,1008.46655
1549566919082,1008.46655
1549566919122,1008.46655
1549566919159,1008.46655
1549566919201,1008.4671
1549566919238,1008.4671
1549566919277,1008.4671
1549566919316,1008.4671
1549566919353,1008.4671
1549566919389,1008.4547
1549566919430,1008.4547
1549566919469,1008.4547
1549566919505,1008.4547
1549566919545,1008.44714
1549566919585,1008.44714
1549566919621,1008.44714
1549566919661,1008.44714
1549566919701,1008.4667
1549566919736,1008.4667
1549566919776,1008.4667
1549566919814,1008.4667
1549566919851,1008.4591
1549566919893,1008.4591
1549566919931,1008.4591
1549566919967,1008.4591
1549566920007,1008.4625
1549566920045,1008.4625
1549566920088,1008.4625
1549566920122,1008.4625
1549566920159,1008.45654
1549566920199,1008.45654
1549566920237,1008.45654
1549566920275,1008.45654
1549566920314,1008.4584
1549566920352,1008.4584
1549566920390,1008.4584
1549566920428,1008.4584
1549566920467,1008.4556
1549566920506,1008.4556
1549566920545,1008.4556
1549566920585,1008.4556
1549566920623,1008.4556
1549566920660,1008.4574
1549566920698,1008.4574
1549566920736,1008.4574
1549566920777,1008.4574
