1549566320116,1009.4479
1549566320116,1009.4479
1549566320152,1009.4479
1549566320189,1009.4479
1549566320228,1009.4405
1549566320268,1009.4405
1549566320305,1009.4405
1549566320346,1009.4405
1549566320386,1009.43365
1549566320422,1009.43365
1549566320460,1009.43365
1549566320498,1009.43365
1549566320541,1009.42255
1549566320578,1009.42255
1549566320615,1009.42255
1549566320652,1009.42255
1549566320692,1009.4187
1549566320730,1009.4187
1549566320767,1009.4187
1549566320810,1009.4187
1549566320844,1009.40857
1549566320883,1009.40857
1549566320922,1009.40857
1549566320966,1009.40857
1549566321015,1009.40625
1549566321036,1009.40625
1549566321074,1009.40625
1549566321112,1009.40625
1549566321152,1009.40466
1549566321191,1009.40466
1549566321229,1009.40466
1549566321267,1009.40466
1549566321311,1009.40344
1549566321343,1009.40344
1549566321383,1009.40344
1549566321422,1009.40344
1549566321459,1009.40344
1549566321498,1009.39404
1549566321538,1009.39404
1549566321581,1009.39404
1549566321617,1009.39404
1549566321652,1009.39404
1549566321693,1009.39404
1549566321728,1009.39404
1549566321768,1009.39404
1549566321814,1009.3876
1549566321847,1009.3876
1549566321920,1009.3876
1549566321954,1009.3876
1549566321977,1009.38715
1549566321998,1009.38715
1549566322037,1009.38715
1549566322075,1009.38715
1549566322116,1009.3924
1549566322157,1009.3924
1549566322190,1009.3924
1549566322230,1009.3924
1549566322267,1009.38635
1549566322306,1009.38635
1549566322344,1009.38635
1549566322382,1009.38635
1549566322425,1009.3851
1549566322458,1009.3851
1549566322499,1009.3851
1549566322536,1009.3851
1549566322575,1009.3745
1549566322618,1009.3745
1549566322653,1009.3745
1549566322693,1009.3745
1549566322729,1009.3745
1549566322766,1009.37085
1549566322807,1009.37085
1549566322843,1009.37085
1549566322882,1009.37085
1549566322921,1009.37164
1549566322961,1009.37164
1549566323003,1009.37164
1549566323039,1009.37164
1549566323076,1009.36346
1549566323112,1009.36346
1549566323153,1009.36346
1549566323191,1009.36346
1549566323228,1009.3529
1549566323270,1009.3529
1549566323311,1009.3529
1549566323344,1009.3529
1549566323385,1009.3574
1549566323425,1009.3574
1549566323464,1009.3574
1549566323500,1009.3574
1549566323537,1009.3558
1549566323577,1009.3558
1549566323615,1009.3558
1549566323654,1009.3558
1549566323691,1009.35046
1549566323729,1009.35046
1549566323769,1009.35046
1549566323805,1009.35046
1549566323845,1009.3533
1549566323883,1009.3533
1549566323942,1009.3533
1549566323983,1009.3533
1549566324003,1009.3533
1549566324036,1009.34515
1549566324075,1009.34515
1549566324114,1009.34515
1549566324153,1009.34515
1549566324189,1009.35004
1549566324234,1009.35004
1549566324267,1009.35004
1549566324305,1009.35004
1549566324346,1009.35986
1549566324383,1009.35986
1549566324420,1009.35986
1549566324469,1009.35986
1549566324499,1009.368
1549566324538,1009.368
1549566324576,1009.368
1549566324612,1009.368
1549566324653,1009.377
1549566324691,1009.377
1549566324730,1009.377
1549566324769,1009.377
1549566324807,1009.3721
1549566324844,1009.3721
1549566324884,1009.3721
1549566324921,1009.3721
1549566324959,1009.3766
1549566324997,1009.3766
1549566325037,1009.3766
1549566325076,1009.3766
1549566325114,1009.3745
1549566325151,1009.3745
1549566325191,1009.3745
1549566325229,1009.3745
1549566325267,1009.3745
1549566325311,1009.3741
1549566325342,1009.3741
1549566325384,1009.3741
1549566325421,1009.3741
1549566325460,1009.3721
1549566325500,1009.3721
1549566325538,1009.3721
1549566325575,1009.3721
1549566325614,1009.3664
1549566325652,1009.3664
1549566325690,1009.3664
1549566325729,1009.3664
1549566325767,1009.37085
1549566325810,1009.37085
1549566325843,1009.37085
1549566325882,1009.37085
1549566325921,1009.3639
1549566325981,1009.3639
1549566326026,1009.3639
1549566326042,1009.3639
1549566326079,1009.35535
1549566326112,1009.35535
1549566326151,1009.35535
1549566326199,1009.35535
1549566326230,1009.35205
1549566326267,1009.35205
1549566326305,1009.35205
1549566326344,1009.35205
1549566326381,1009.3611
1549566326421,1009.3611
1549566326462,1009.3611
1549566326497,1009.3611
1549566326536,1009.3611
1549566326576,1009.3574
1549566326611,1009.3574
1549566326651,1009.3574
1549566326691,1009.3574
1549566326731,1009.3582
1549566326766,1009.3582
1549566326808,1009.3582
1549566326847,1009.3582
1549566326882,1009.346
1549566326924,1009.346
1549566326957,1009.346
1549566326999,1009.346
1549566327037,1009.3521
1549566327075,1009.3521
1549566327112,1009.3521
1549566327157,1009.3521
1549566327191,1009.34845
1549566327231,1009.34845
1549566327266,1009.34845
1549566327305,1009.34845
1549566327342,1009.3529
1549566327381,1009.3529
1549566327422,1009.3529
1549566327464,1009.3529
1549566327497,1009.35986
1549566327535,1009.35986
1549566327575,1009.35986
1549566327614,1009.35986
1549566327650,1009.34314
1549566327689,1009.34314
1549566327727,1009.34314
1549566327769,1009.34314
1549566327805,1009.34314
1549566327844,1009.3737
1549566327881,1009.3737
1549566327922,1009.3737
1549566327979,1009.3737
1549566327996,1009.3602
1549566328038,1009.3602
1549566328077,1009.3602
1549566328111,1009.3602
1549566328149,1009.3623
1549566328191,1009.3623
1549566328226,1009.3623
1549566328265,1009.3623
1549566328306,1009.35004
1549566328344,1009.35004
1549566328380,1009.35004
1549566328418,1009.35004
1549566328458,1009.34766
1549566328496,1009.34766
1549566328534,1009.34766
1549566328574,1009.34766
1549566328612,1009.33093
1549566328652,1009.33093
1549566328697,1009.33093
1549566328727,1009.33093
1549566328766,1009.34845
1549566328805,1009.34845
1549566328843,1009.34845
1549566328880,1009.34845
1549566328919,1009.3513
1549566328960,1009.3513
1549566328997,1009.3513
1549566329035,1009.3513
1549566329076,1009.3513
1549566329112,1009.3566
1549566329150,1009.3566
1549566329191,1009.3566
1549566329227,1009.3566
1549566329270,1009.3611
1549566329307,1009.3611
1549566329342,1009.3611
1549566329387,1009.3611
1549566329421,1009.35455
1549566329459,1009.35455
1549566329499,1009.35455
1549566329535,1009.35455
1549566329574,1009.3635
1549566329613,1009.3635
1549566329654,1009.3635
1549566329690,1009.3635
1549566329727,1009.3611
1549566329767,1009.3611
1549566329807,1009.3611
1549566329847,1009.3611
1549566329880,1009.3591
1549566329921,1009.3591
1549566329961,1009.3591
1549566329997,1009.3591
1549566330036,1009.3603
1549566330074,1009.3603
1549566330112,1009.3603
1549566330151,1009.3603
1549566330193,1009.35986
1549566330228,1009.35986
1549566330268,1009.35986
1549566330304,1009.35986
1549566330345,1009.35986
1549566330381,1009.3668
1549566330420,1009.3668
1549566330457,1009.3668
1549566330499,1009.3668
1549566330535,1009.3668
1549566330577,1009.3668
1549566330614,1009.3668
1549566330651,1009.3668
1549566330690,1009.3652
1549566330729,1009.3652
1549566330766,1009.3652
1549566330805,1009.3652
1549566330843,1009.3615
1549566330883,1009.3615
1549566330921,1009.3615
1549566330958,1009.3615
1549566330997,1009.3676
1549566331036,1009.3676
1549566331074,1009.3676
1549566331110,1009.3676
1549566331151,1009.35944
1549566331191,1009.35944
1549566331227,1009.35944
1549566331266,1009.35944
1549566331306,1009.3562
1549566331343,1009.3562
1549566331381,1009.3562
1549566331420,1009.3562
1549566331459,1009.35864
1549566331506,1009.35864
1549566331535,1009.35864
1549566331574,1009.35864
1549566331616,1009.35864
1549566331650,1009.35376
1549566331690,1009.35376
1549566331730,1009.35376
1549566331767,1009.35376
1549566331807,1009.355
1549566331842,1009.355
1549566331880,1009.355
1549566331919,1009.355
1549566331958,1009.35455
1549566331997,1009.35455
1549566332034,1009.35455
1549566332074,1009.35455
1549566332127,1009.35254
1549566332149,1009.35254
1549566332190,1009.35254
1549566332242,1009.35254
1549566332266,1009.3541
1549566332304,1009.3541
1549566332340,1009.3541
1549566332380,1009.3541
1549566332420,1009.3595
1549566332457,1009.3595
1549566332497,1009.3595
1549566332537,1009.3595
1549566332574,1009.3595
1549566332611,1009.3595
1549566332650,1009.3595
1549566332689,1009.3595
1549566332728,1009.3607
1549566332769,1009.3607
1549566332804,1009.3607
1549566332845,1009.3607
1549566332879,1009.3607
1549566332920,1009.3635
1549566332958,1009.3635
1549566332997,1009.3635
1549566333034,1009.3635
1549566333074,1009.37616
1549566333112,1009.37616
1549566333151,1009.37616
1549566333189,1009.37616
1549566333227,1009.3745
1549566333269,1009.3745
1549566333310,1009.3745
1549566333343,1009.3745
1549566333383,1009.3819
1549566333434,1009.3819
1549566333460,1009.3819
1549566333495,1009.3819
1549566333532,1009.37537
1549566333572,1009.37537
1549566333610,1009.37537
1549566333650,1009.37537
1549566333689,1009.3689
1549566333728,1009.3689
1549566333764,1009.3689
1549566333808,1009.3689
1549566333843,1009.3717
1549566333880,1009.3717
1549566333920,1009.3717
1549566333958,1009.3717
1549566334009,1009.3652
1549566334035,1009.3652
1549566334075,1009.3652
1549566334111,1009.3652
1549566334151,1009.3652
1549566334191,1009.3652
1549566334227,1009.3652
1549566334264,1009.3652
1549566334304,1009.3652
1549566334341,1009.37006
1549566334381,1009.37006
1549566334421,1009.37006
1549566334457,1009.37006
1549566334497,1009.37616
1549566334535,1009.37616
1549566334573,1009.37616
1549566334612,1009.37616
1549566334650,1009.3774
1549566334689,1009.3774
1549566334726,1009.3774
1549566334766,1009.3774
1549566334803,1009.38153
1549566334845,1009.38153
1549566334880,1009.38153
1549566334920,1009.38153
1549566334958,1009.3799
1549566334996,1009.3799
1549566335033,1009.3799
1549566335072,1009.3799
1549566335112,1009.38763
1549566335150,1009.38763
1549566335188,1009.38763
1549566335225,1009.38763
1549566335265,1009.38556
1549566335302,1009.38556
1549566335344,1009.38556
1549566335381,1009.38556
1549566335422,1009.38556
1549566335460,1009.379
1549566335494,1009.379
1549566335533,1009.379
1549566335572,1009.379
1549566335609,1009.38513
1549566335651,1009.38513
1549566335688,1009.38513
1549566335728,1009.38513
1549566335765,1009.3819
1549566335808,1009.3819
1549566335845,1009.3819
1549566335879,1009.3819
1549566335923,1009.38763
1549566335959,1009.38763
1549566335996,1009.38763
1549566336037,1009.38763
1549566336072,1009.38275
1549566336110,1009.38275
1549566336148,1009.38275
1549566336192,1009.38275
1549566336229,1009.3778
1549566336264,1009.3778
1549566336302,1009.3778
1549566336351,1009.3778
1549566336379,1009.384
1549566336417,1009.384
1549566336459,1009.384
1549566336494,1009.384
1549566336534,1009.3823
1549566336572,1009.3823
1549566336611,1009.3823
1549566336651,1009.3823
1549566336697,1009.3823
1549566336727,1009.38477
1549566336766,1009.38477
1549566336805,1009.38477
1549566336842,1009.38477
1549566336880,1009.3815
1549566336918,1009.3815
1549566336958,1009.3815
1549566336994,1009.3815
1549566337034,1009.3843
1549566337075,1009.3843
1549566337111,1009.3843
1549566337149,1009.3843
1549566337187,1009.37616
1549566337225,1009.37616
1549566337264,1009.37616
1549566337304,1009.37616
1549566337344,1009.38025
1549566337379,1009.38025
1549566337420,1009.38025
1549566337456,1009.38025
1549566337495,1009.37823
1549566337537,1009.37823
1549566337572,1009.37823
1549566337610,1009.37823
1549566337648,1009.3778
1549566337689,1009.3778
1549566337725,1009.3778
1549566337765,1009.3778
1549566337805,1009.3778
1549566337848,1009.37415
1549566337880,1009.37415
1549566337917,1009.37415
1549566337956,1009.37415
1549566337996,1009.3766
1549566338035,1009.3766
1549566338072,1009.3766
1549566338110,1009.3766
1549566338149,1009.3762
1549566338188,1009.3762
1549566338225,1009.3762
1549566338267,1009.3762
1549566338302,1009.3786
1549566338344,1009.3786
1549566338380,1009.3786
1549566338419,1009.3786
1549566338459,1009.3746
1549566338495,1009.3746
1549566338534,1009.3746
1549566338572,1009.3746
1549566338611,1009.37866
1549566338649,1009.37866
1549566338689,1009.37866
1549566338726,1009.37866
1549566338765,1009.3843
1549566338805,1009.3843
1549566338842,1009.3843
1549566338878,1009.3843
1549566338916,1009.38965
1549566338958,1009.38965
1549566338995,1009.38965
1549566339033,1009.38965
1549566339073,1009.38965
1549566339111,1009.39087
1549566339149,1009.39087
1549566339189,1009.39087
1549566339226,1009.39087
1549566339266,1009.3937
1549566339301,1009.3937
1549566339350,1009.3937
1549566339379,1009.3937
1549566339421,1009.39294
1549566339456,1009.39294
1549566339494,1009.39294
1549566339532,1009.39294
1549566339572,1009.39575
1549566339611,1009.39575
1549566339651,1009.39575
1549566339688,1009.39575
1549566339726,1009.3921
1549566339763,1009.3921
1549566339802,1009.3921
1549566339842,1009.3921
1549566339879,1009.3974
1549566339918,1009.3974
1549566339956,1009.3974
1549566339994,1009.3974
1549566340034,1009.3986
1549566340072,1009.3986
1549566340112,1009.3986
1549566340163,1009.3986
1549566340189,1009.39044
1549566340226,1009.39044
1549566340263,1009.39044
1549566340302,1009.39044
1549566340342,1009.39044
1549566340378,1009.3868
1549566340421,1009.3868
1549566340458,1009.3868
1549566340502,1009.3868
1549566340536,1009.39124
1549566340571,1009.39124
1549566340610,1009.39124
1549566340648,1009.39124
1549566340691,1009.3901
1549566340726,1009.3901
1549566340764,1009.3901
1549566340803,1009.3901
1549566340843,1009.3961
1549566340877,1009.3961
1549566340918,1009.3961
1549566340956,1009.3961
1549566340996,1009.4022
1549566341035,1009.4022
1549566341075,1009.4022
1549566341108,1009.4022
1549566341155,1009.4083
1549566341186,1009.4083
1549566341228,1009.4083
1549566341263,1009.4083
1549566341303,1009.40924
1549566341339,1009.40924
1549566341378,1009.40924
1549566341417,1009.40924
1549566341455,1009.41205
1549566341494,1009.41205
1549566341532,1009.41205
1549566341572,1009.41205
1549566341611,1009.41205
1549566341648,1009.4116
1549566341686,1009.4116
1549566341725,1009.4116
1549566341763,1009.4116
1549566341802,1009.41284
1549566341839,1009.41284
1549566341879,1009.41284
1549566341918,1009.41284
1549566341960,1009.41656
1549566341994,1009.41656
1549566342033,1009.41656
1549566342070,1009.41656
1549566342112,1009.4226
1549566342148,1009.4226
1549566342188,1009.4226
1549566342224,1009.4226
1549566342265,1009.4255
1549566342301,1009.4255
1549566342345,1009.4255
1549566342378,1009.4255
1549566342417,1009.42224
1549566342458,1009.42224
1549566342494,1009.42224
1549566342532,1009.42224
1549566342571,1009.428
1549566342611,1009.428
1549566342649,1009.428
1549566342691,1009.428
1549566342725,1009.42145
1549566342764,1009.42145
1549566342803,1009.42145
1549566342841,1009.42145
1549566342882,1009.42145
1549566342918,1009.421
1549566342956,1009.421
1549566342993,1009.421
1549566343033,1009.421
1549566343072,1009.42224
1549566343111,1009.42224
1549566343147,1009.42224
1549566343190,1009.42224
1549566343226,1009.41736
1549566343262,1009.41736
1549566343301,1009.41736
1549566343346,1009.41736
1549566343377,1009.4279
1549566343417,1009.4279
1549566343469,1009.4279
1549566343493,1009.4279
1549566343534,1009.4263
1549566343570,1009.4263
1549566343612,1009.4263
1549566343647,1009.4263
1549566343687,1009.42957
1549566343726,1009.42957
1549566343764,1009.42957
1549566343803,1009.42957
1549566343841,1009.4247
1549566343881,1009.4247
1549566343917,1009.4247
1549566343957,1009.4247
1549566343994,1009.4165
1549566344034,1009.4165
1549566344070,1009.4165
1549566344108,1009.4165
1549566344150,1009.4165
1549566344187,1009.4165
1549566344223,1009.4165
1549566344262,1009.4165
1549566344304,1009.4165
1549566344340,1009.4165
1549566344377,1009.4165
1549566344417,1009.4165
1549566344455,1009.4165
1549566344494,1009.41736
1549566344533,1009.41736
1549566344570,1009.41736
1549566344609,1009.41736
1549566344648,1009.4092
1549566344691,1009.4092
1549566344724,1009.4092
1549566344763,1009.4092
1549566344800,1009.4153
1549566344842,1009.4153
1549566344877,1009.4153
1549566344916,1009.4153
1549566344956,1009.4137
1549566344994,1009.4137
1549566345033,1009.4137
1549566345078,1009.4137
1549566345114,1009.41205
1549566345148,1009.41205
1549566345185,1009.41205
1549566345225,1009.41205
1549566345263,1009.4088
1549566345300,1009.4088
1549566345349,1009.4088
1549566345379,1009.4088
1549566345416,1009.4088
1549566345459,1009.4022
1549566345492,1009.4022
1549566345531,1009.4022
1549566345571,1009.4022
1549566345620,1009.40063
1549566345647,1009.40063
1549566345687,1009.40063
1549566345724,1009.40063
1549566345762,1009.399
1549566345802,1009.399
1549566345840,1009.399
1549566345884,1009.399
1549566345917,1009.40674
1549566345954,1009.40674
1549566345992,1009.40674
1549566346040,1009.40674
1549566346069,1009.40186
1549566346107,1009.40186
1549566346147,1009.40186
1549566346187,1009.40186
1549566346229,1009.39856
1549566346261,1009.39856
1549566346304,1009.39856
1549566346339,1009.39856
1549566346378,1009.3998
1549566346419,1009.3998
1549566346455,1009.3998
1549566346492,1009.3998
1549566346533,1009.41327
1549566346575,1009.41327
1549566346607,1009.41327
1549566346647,1009.41327
1549566346684,1009.41327
1549566346724,1009.4055
1549566346762,1009.4055
1549566346800,1009.4055
1549566346840,1009.4055
1549566346883,1009.4084
1549566346916,1009.4084
1549566346954,1009.4084
1549566346993,1009.4084
1549566347030,1009.40674
1549566347070,1009.40674
1549566347110,1009.40674
1549566347152,1009.40674
1549566347185,1009.41284
1549566347225,1009.41284
1549566347263,1009.41284
1549566347300,1009.41284
1549566347340,1009.4206
1549566347380,1009.4206
1549566347416,1009.4206
1549566347455,1009.4206
1549566347494,1009.41895
1549566347532,1009.41895
1549566347570,1009.41895
1549566347608,1009.41895
1549566347646,1009.42633
1549566347686,1009.42633
1549566347722,1009.42633
1549566347763,1009.42633
1549566347801,1009.4312
1549566347840,1009.4312
1549566347881,1009.4312
1549566347915,1009.4312
1549566347955,1009.4312
1549566347992,1009.4308
1549566348030,1009.4308
1549566348069,1009.4308
1549566348107,1009.4308
1549566348147,1009.4255
1549566348186,1009.4255
1549566348225,1009.4255
1549566348265,1009.4255
1549566348302,1009.42834
1549566348342,1009.42834
1549566348379,1009.42834
1549566348417,1009.42834
1549566348456,1009.42957
1549566348491,1009.42957
1549566348531,1009.42957
1549566348572,1009.42957
1549566348609,1009.423
1549566348644,1009.423
1549566348682,1009.423
1549566348725,1009.423
1549566348764,1009.4238
1549566348801,1009.4238
1549566348838,1009.4238
1549566348877,1009.4238
1549566348917,1009.4153
1549566348953,1009.4153
1549566348994,1009.4153
1549566349032,1009.4153
1549566349071,1009.41364
1549566349108,1009.41364
1549566349148,1009.41364
1549566349186,1009.41364
1549566349224,1009.41364
1549566349263,1009.4161
1549566349300,1009.4161
1549566349339,1009.4161
1549566349381,1009.4161
1549566349415,1009.41693
1549566349453,1009.41693
1549566349493,1009.41693
1549566349532,1009.41693
1549566349568,1009.4104
1549566349608,1009.4104
1549566349646,1009.4104
1549566349686,1009.4104
1549566349725,1009.40674
1549566349762,1009.40674
1549566349800,1009.40674
1549566349840,1009.40674
1549566349880,1009.41077
1549566349916,1009.41077
1549566349956,1009.41077
1549566349991,1009.41077
1549566350030,1009.4075
1549566350069,1009.4075
1549566350107,1009.4075
1549566350147,1009.4075
1549566350188,1009.4084
1549566350224,1009.4084
1549566350262,1009.4084
1549566350298,1009.4084
1549566350338,1009.4063
1549566350377,1009.4063
1549566350414,1009.4063
1549566350453,1009.4063
1549566350491,1009.4063
1549566350530,1009.412
1549566350568,1009.412
1549566350606,1009.412
1549566350646,1009.412
1549566350686,1009.41284
1549566350724,1009.41284
1549566350762,1009.41284
1549566350800,1009.41284
1549566350839,1009.41895
1549566350878,1009.41895
1549566350915,1009.41895
1549566350952,1009.41895
1549566350991,1009.4124
1549566351029,1009.4124
1549566351067,1009.4124
1549566351107,1009.4124
1549566351148,1009.4169
1549566351186,1009.4169
1549566351222,1009.4169
1549566351261,1009.4169
1549566351298,1009.4153
1549566351338,1009.4153
1549566351378,1009.4153
1549566351414,1009.4153
1549566351453,1009.4193
1549566351492,1009.4193
1549566351532,1009.4193
1549566351567,1009.4193
1549566351607,1009.4214
1549566351648,1009.4214
1549566351686,1009.4214
1549566351722,1009.4214
1549566351760,1009.4214
1549566351800,1009.42584
1549566351844,1009.42584
1549566351876,1009.42584
1549566351914,1009.42584
1549566351954,1009.4193
1549566351991,1009.4193
1549566352029,1009.4193
1549566352074,1009.4193
1549566352107,1009.4254
1549566352145,1009.4254
1549566352183,1009.4254
1549566352222,1009.4254
1549566352261,1009.4221
1549566352298,1009.4221
1549566352338,1009.4221
1549566352378,1009.4221
1549566352414,1009.43115
1549566352452,1009.43115
1549566352491,1009.43115
1549566352528,1009.43115
1549566352569,1009.4324
1549566352606,1009.4324
1549566352645,1009.4324
1549566352684,1009.4324
1549566352722,1009.4369
1549566352763,1009.4369
1549566352801,1009.4369
1549566352837,1009.4369
1549566352877,1009.4336
1549566352913,1009.4336
1549566352953,1009.4336
1549566352989,1009.4336
1549566353032,1009.4336
1549566353068,1009.4238
1549566353107,1009.4238
1549566353146,1009.4238
1549566353182,1009.4238
1549566353224,1009.42334
1549566353263,1009.42334
1549566353301,1009.42334
1549566353338,1009.42334
1549566353377,1009.4287
1549566353417,1009.4287
1549566353456,1009.4287
1549566353493,1009.4287
1549566353529,1009.4226
1549566353569,1009.4226
1549566353606,1009.4226
1549566353644,1009.4226
1549566353685,1009.4238
1549566353722,1009.4238
1549566353767,1009.4238
1549566353799,1009.4238
1549566353837,1009.42664
1549566353876,1009.42664
1549566353914,1009.42664
1549566353953,1009.42664
1549566353992,1009.43317
1549566354030,1009.43317
1549566354068,1009.43317
1549566354109,1009.43317
1549566354148,1009.43274
1549566354184,1009.43274
1549566354229,1009.43274
1549566354266,1009.43274
1549566354302,1009.43274
1549566354336,1009.42505
1549566354376,1009.42505
1549566354413,1009.42505
1549566354455,1009.42505
1549566354491,1009.42456
1549566354530,1009.42456
1549566354569,1009.42456
1549566354607,1009.42456
1549566354645,1009.42255
1549566354690,1009.42255
1549566354721,1009.42255
1549566354759,1009.42255
1549566354799,1009.4209
1549566354840,1009.4209
1549566354877,1009.4209
1549566354912,1009.4209
1549566354952,1009.42175
1549566354993,1009.42175
1549566355029,1009.42175
1549566355073,1009.42175
1549566355110,1009.4169
1549566355145,1009.4169
1549566355184,1009.4169
1549566355221,1009.4169
1549566355261,1009.42175
1549566355298,1009.42175
1549566355337,1009.42175
1549566355376,1009.42175
1549566355416,1009.423
1549566355451,1009.423
1549566355491,1009.423
1549566355532,1009.423
1549566355569,1009.423
1549566355608,1009.4181
1549566355644,1009.4181
1549566355684,1009.4181
1549566355723,1009.4181
1549566355761,1009.4148
1549566355799,1009.4148
1549566355837,1009.4148
1549566355878,1009.4148
1549566355913,1009.4132
1549566355951,1009.4132
1549566355990,1009.4132
1549566356032,1009.4132
1549566356070,1009.4148
1549566356107,1009.4148
1549566356143,1009.4148
1549566356185,1009.4148
1549566356223,1009.4213
1549566356260,1009.4213
1549566356301,1009.4213
1549566356340,1009.4213
1549566356375,1009.4258
1549566356413,1009.4258
1549566356451,1009.4258
1549566356490,1009.4258
1549566356531,1009.427
1549566356567,1009.427
1549566356608,1009.427
1549566356644,1009.427
1549566356685,1009.4319
1549566356721,1009.4319
1549566356761,1009.4319
1549566356799,1009.4319
1549566356838,1009.4319
1549566356874,1009.4254
1549566356913,1009.4254
1549566356951,1009.4254
1549566356990,1009.4254
1549566357029,1009.4221
1549566357069,1009.4221
1549566357107,1009.4221
1549566357145,1009.4221
1549566357183,1009.4263
1549566357222,1009.4263
1549566357261,1009.4263
1549566357298,1009.4263
1549566357338,1009.4263
1549566357377,1009.4263
1549566357412,1009.4263
1549566357452,1009.4263
1549566357489,1009.42786
1549566357530,1009.42786
1549566357567,1009.42786
1549566357607,1009.42786
1549566357645,1009.4246
1549566357685,1009.4246
1549566357721,1009.4246
1549566357759,1009.4246
1549566357797,1009.4246
1549566357839,1009.4246
1549566357876,1009.4246
1549566357915,1009.4246
1549566357951,1009.4307
1549566357989,1009.4307
1549566358033,1009.4307
1549566358070,1009.4307
1549566358106,1009.4324
1549566358143,1009.4324
1549566358183,1009.4324
1549566358222,1009.4324
1549566358265,1009.4324
1549566358297,1009.43353
1549566358339,1009.43353
1549566358375,1009.43353
1549566358412,1009.43353
1549566358451,1009.43195
1549566358490,1009.43195
1549566358536,1009.43195
1549566358570,1009.43195
1549566358603,1009.4315
1549566358645,1009.4315
1549566358682,1009.4315
1549566358718,1009.4315
1549566358757,1009.4299
1549566358798,1009.4299
1549566358841,1009.4299
1549566358874,1009.4299
1549566358923,1009.4389
1549566358959,1009.4389
1549566359018,1009.4389
1549566359064,1009.4389
1549566359064,1009.4242
1549566359116,1009.4242
1549566359142,1009.4242
1549566359188,1009.4242
1549566359230,1009.4144
1549566359261,1009.4144
1549566359296,1009.4144
1549566359363,1009.4144
1549566359373,1009.4128
1549566359411,1009.4128
1549566359450,1009.4128
1549566359487,1009.4128
1549566359526,1009.4128
1549566359566,1009.41724
1549566359603,1009.41724
1549566359647,1009.41724
1549566359682,1009.41724
1549566359797,1009.41394
1549566359797,1009.41394
1549566359835,1009.41394
1549566359874,1009.41394
1549566359912,1009.41925
1549566359952,1009.41925
1549566359992,1009.41925
1549566360028,1009.41925
1549566360066,1009.41113
1549566360105,1009.41113
1549566360150,1009.41113
1549566360181,1009.41113
1549566360221,1009.4127
1549566360267,1009.41724
1549566360307,1009.41724
1549566360336,1009.41724
1549566360373,1009.41724
1549566360412,1009.4205
1549566360450,1009.4205
1549566360489,1009.4205
1549566360529,1009.4205
1549566360571,1009.4217
1549566360606,1009.4217
1549566360643,1009.4217
1549566360682,1009.4217
1549566360720,1009.4193
1549566360758,1009.4193
1549566360801,1009.4193
1549566360841,1009.4193
1549566360876,1009.4176
1549566360917,1009.4176
1549566360952,1009.4176
1549566360988,1009.4176
1549566361027,1009.41394
1549566361074,1009.41394
1549566361105,1009.41394
1549566361143,1009.41394
1549566361181,1009.4196
1549566361219,1009.4196
1549566361258,1009.4196
1549566361296,1009.4196
1549566361339,1009.42377
1549566361375,1009.42377
1549566361412,1009.42377
1549566361450,1009.42377
1549566361489,1009.41846
1549566361530,1009.41846
1549566361564,1009.41846
1549566361604,1009.41846
1549566361643,1009.41846
1549566361711,1009.4127
1549566361719,1009.4127
1549566361758,1009.4127
1549566361798,1009.4127
1549566361837,1009.4155
1549566361874,1009.4155
1549566361913,1009.4155
1549566361950,1009.4155
1549566361989,1009.4127
1549566362028,1009.4127
1549566362065,1009.4127
1549566362105,1009.4127
1549566362143,1009.40576
1549566362180,1009.40576
1549566362222,1009.40576
1549566362258,1009.40576
1549566362302,1009.41064
1549566362339,1009.41064
1549566362374,1009.41064
1549566362412,1009.41064
1549566362452,1009.4041
1549566362490,1009.4041
1549566362528,1009.4041
1549566362569,1009.4041
1549566362606,1009.40814
1549566362644,1009.40814
1549566362684,1009.40814
1549566362721,1009.40814
1549566362758,1009.40247
1549566362799,1009.40247
1549566362838,1009.40247
1549566362872,1009.40247
1549566362910,1009.40247
1549566362960,1009.4082
1549566362987,1009.4082
1549566363026,1009.4082
1549566363065,1009.4082
1549566363106,1009.41754
1549566363142,1009.41754
1549566363181,1009.41754
1549566363224,1009.41754
1549566363258,1009.42645
1549566363297,1009.42645
1549566363334,1009.42645
1549566363378,1009.42645
1549566363412,1009.468
1549566363452,1009.468
1549566363491,1009.468
1549566363535,1009.468
1549566363572,1009.45294
1549566363605,1009.45294
1549566363642,1009.45294
1549566363680,1009.45294
1549566363718,1009.4436
1549566363759,1009.4436
1549566363797,1009.4436
1549566363837,1009.4436
1549566363873,1009.44434
1549566363913,1009.44434
1549566363953,1009.44434
1549566363991,1009.44434
1549566364027,1009.4387
1549566364066,1009.4387
1549566364115,1009.4387
1549566364151,1009.4387
1549566364180,1009.4387
1549566364218,1009.4236
1549566364257,1009.4236
1549566364297,1009.4236
1549566364335,1009.4236
1549566364378,1009.4211
1549566364416,1009.4211
1549566364450,1009.4211
1549566364488,1009.4211
1549566364528,1009.4203
1549566364566,1009.4203
1549566364605,1009.4203
1549566364645,1009.4203
1549566364681,1009.41943
1549566364718,1009.41943
1549566364757,1009.41943
1549566364796,1009.41943
1549566364837,1009.4158
1549566364873,1009.4158
1549566364911,1009.4158
1549566364949,1009.4158
1549566364989,1009.4284
1549566365027,1009.4284
1549566365067,1009.4284
1549566365105,1009.4284
1549566365144,1009.43536
1549566365183,1009.43536
1549566365220,1009.43536
1549566365259,1009.43536
1549566365297,1009.44104
1549566365335,1009.44104
1549566365377,1009.44104
1549566365411,1009.44104
1549566365450,1009.44104
1549566365489,1009.4337
1549566365526,1009.4337
1549566365567,1009.4337
1549566365604,1009.4337
1549566365644,1009.43335
1549566365682,1009.43335
1549566365719,1009.43335
1549566365758,1009.43335
1549566365795,1009.43945
1549566365836,1009.43945
1549566365873,1009.43945
1549566365911,1009.43945
1549566365950,1009.44476
1549566365989,1009.44476
1549566366029,1009.44476
1549566366065,1009.44476
1549566366117,1009.4345
1549566366144,1009.4345
1549566366184,1009.4345
1549566366220,1009.4345
1549566366260,1009.4292
1549566366295,1009.4292
1549566366334,1009.4292
1549566366375,1009.4292
1549566366412,1009.4332
1549566366450,1009.4332
1549566366491,1009.4332
1549566366534,1009.4332
1549566366565,1009.4353
1549566366605,1009.4353
1549566366641,1009.4353
1549566366681,1009.4353
1549566366718,1009.4353
1549566366758,1009.4312
1549566366796,1009.4312
1549566366836,1009.4312
1549566366874,1009.4312
1549566366912,1009.4271
1549566366949,1009.4271
1549566366987,1009.4271
1549566367032,1009.4271
1549566367072,1009.4312
1549566367104,1009.4312
1549566367142,1009.4312
1549566367180,1009.4312
1549566367218,1009.4324
1549566367258,1009.4324
1549566367296,1009.4324
1549566367334,1009.4324
1549566367373,1009.43286
1549566367410,1009.43286
1549566367448,1009.43286
1549566367488,1009.43286
1549566367527,1009.4308
1549566367565,1009.4308
1549566367604,1009.4308
1549566367643,1009.4308
1549566367681,1009.4336
1549566367718,1009.4336
1549566367757,1009.4336
1549566367796,1009.4336
1549566367834,1009.43854
1549566367874,1009.43854
1549566367911,1009.43854
1549566367949,1009.43854
1549566367987,1009.43854
1549566368026,1009.4541
1549566368064,1009.4541
1549566368106,1009.4541
1549566368141,1009.4541
1549566368181,1009.452
1549566368220,1009.452
1549566368268,1009.452
1549566368295,1009.452
1549566368333,1009.43854
1549566368373,1009.43854
1549566368442,1009.43854
1549566368488,1009.43854
1549566368559,1009.4524
1549566368559,1009.4524
1549566368625,1009.4524
1549566368626,1009.4524
1549566368649,1009.44257
1549566368677,1009.44257
1549566368719,1009.44257
1549566368758,1009.44257
1549566368794,1009.43854
1549566368833,1009.43854
1549566368871,1009.43854
1549566368911,1009.43854
1549566368947,1009.43646
1549566368986,1009.43646
1549566369024,1009.43646
1549566369062,1009.43646
1549566369101,1009.43604
1549566369139,1009.43604
1549566369178,1009.43604
1549566369216,1009.43604
1549566369257,1009.43604
1549566369293,1009.443
1549566369332,1009.443
1549566369371,1009.443
1549566369411,1009.443
1549566369448,1009.43933
1549566369493,1009.43933
1549566369525,1009.43933
1549566369563,1009.43933
1549566369601,1009.43396
1549566369641,1009.43396
1549566369680,1009.43396
1549566369717,1009.43396
1549566369756,1009.4303
1549566369793,1009.4303
1549566369832,1009.4303
1549566369870,1009.4303
1549566369913,1009.43396
1549566369948,1009.43396
1549566369986,1009.43396
1549566370024,1009.43396
1549566370067,1009.43475
1549566370102,1009.43475
1549566370139,1009.43475
1549566370179,1009.43475
1549566370217,1009.44086
1549566370256,1009.44086
1549566370296,1009.44086
1549566370332,1009.44086
1549566370370,1009.4417
1549566370411,1009.4417
1549566370450,1009.4417
1549566370485,1009.4417
1549566370525,1009.4417
1549566370563,1009.44415
1549566370601,1009.44415
1549566370640,1009.44415
1549566370679,1009.44415
1549566370718,1009.44946
1549566370757,1009.44946
1549566370793,1009.44946
1549566370832,1009.44946
1549566370871,1009.45026
1549566370908,1009.45026
1549566370948,1009.45026
1549566370988,1009.45026
1549566371025,1009.4392
1549566371062,1009.4392
1549566371101,1009.4392
1549566371141,1009.4392
1549566371179,1009.4396
1549566371225,1009.4396
1549566371255,1009.4396
1549566371295,1009.4396
1549566371334,1009.4319
1549566371373,1009.4319
1549566371409,1009.4319
1549566371449,1009.4319
1549566371488,1009.42566
1549566371524,1009.42566
1549566371564,1009.42566
1549566371602,1009.42566
1549566371639,1009.4175
1549566371679,1009.4175
1549566371718,1009.4175
1549566371758,1009.4175
1549566371796,1009.4175
1549566371834,1009.4126
1549566371871,1009.4126
1549566371909,1009.4126
1549566371957,1009.4126
1549566371985,1009.4138
1549566372025,1009.4138
1549566372066,1009.4138
1549566372102,1009.4138
1549566372139,1009.41174
1549566372178,1009.41174
1549566372218,1009.41174
1549566372259,1009.41174
1549566372295,1009.41376
1549566372334,1009.41376
1549566372372,1009.41376
1549566372409,1009.41376
1549566372450,1009.42236
1549566372487,1009.42236
1549566372525,1009.42236
1549566372567,1009.42236
1549566372602,1009.41986
1549566372640,1009.41986
1549566372682,1009.41986
1549566372718,1009.41986
1549566372756,1009.41406
1549566372797,1009.41406
1549566372832,1009.41406
1549566372886,1009.41406
1549566372910,1009.41
1549566372946,1009.41
1549566372987,1009.41
1549566373025,1009.41
1549566373065,1009.41
1549566373101,1009.41077
1549566373139,1009.41077
1549566373180,1009.41077
1549566373216,1009.41077
1549566373255,1009.40497
1549566373294,1009.40497
1549566373332,1009.40497
1549566373371,1009.40497
1549566373410,1009.4001
1549566373449,1009.4001
1549566373489,1009.4001
1549566373526,1009.4001
1549566373568,1009.4004
1549566373600,1009.4004
1549566373638,1009.4004
1549566373679,1009.4004
1549566373719,1009.3988
1549566373756,1009.3988
1549566373796,1009.3988
1549566373833,1009.3988
1549566373871,1009.40356
1549566373907,1009.40356
1549566373946,1009.40356
1549566373989,1009.40356
1549566374023,1009.41296
1549566374061,1009.41296
1549566374100,1009.41296
1549566374140,1009.41296
1549566374180,1009.4084
1549566374217,1009.4084
1549566374254,1009.4084
1549566374295,1009.4084
1549566374333,1009.4084
1549566374371,1009.4112
1549566374408,1009.4112
1549566374447,1009.4112
1549566374486,1009.4112
1549566374525,1009.4066
1549566374563,1009.4066
1549566374599,1009.4066
1549566374638,1009.4066
1549566374677,1009.4066
1549566374715,1009.4066
1549566374755,1009.4066
1549566374793,1009.4066
1549566374831,1009.4049
1549566374870,1009.4049
1549566374911,1009.4049
1549566374947,1009.4049
1549566374987,1009.39996
1549566375025,1009.39996
1549566375067,1009.39996
1549566375101,1009.39996
1549566375138,1009.4003
1549566375179,1009.4003
1549566375217,1009.4003
1549566375262,1009.4003
1549566375293,1009.4023
1549566375331,1009.4023
1549566375369,1009.4023
1549566375411,1009.4023
1549566375446,1009.3994
1549566375488,1009.3994
1549566375525,1009.3994
1549566375567,1009.3994
1549566375604,1009.3965
1549566375638,1009.3965
1549566375677,1009.3965
1549566375718,1009.3965
1549566375755,1009.3965
1549566375792,1009.39075
1549566375832,1009.39075
1549566375872,1009.39075
1549566375911,1009.39075
1549566375947,1009.4001
1549566375985,1009.4001
1549566376023,1009.4001
1549566376062,1009.4001
1549566376099,1009.40125
1549566376139,1009.40125
1549566376177,1009.40125
1549566376216,1009.40125
1549566376254,1009.4072
1549566376294,1009.4072
1549566376332,1009.4072
1549566376370,1009.4072
1549566376409,1009.4064
1549566376445,1009.4064
1549566376486,1009.4064
1549566376524,1009.4064
1549566376562,1009.40875
1549566376600,1009.40875
1549566376639,1009.40875
1549566376677,1009.40875
1549566376716,1009.4116
1549566376754,1009.4116
1549566376795,1009.4116
1549566376831,1009.4116
1549566376871,1009.40955
1549566376910,1009.40955
1549566376948,1009.40955
1549566376987,1009.40955
1549566377025,1009.40955
1549566377065,1009.4144
1549566377102,1009.4144
1549566377138,1009.4144
1549566377178,1009.4144
1549566377216,1009.4156
1549566377255,1009.4156
1549566377296,1009.4156
1549566377330,1009.4156
1549566377371,1009.4143
1549566377412,1009.4143
1549566377446,1009.4143
1549566377486,1009.4143
1549566377527,1009.41266
1549566377560,1009.41266
1549566377599,1009.41266
1549566377638,1009.41266
1549566377677,1009.4159
1549566377715,1009.4159
1549566377754,1009.4159
1549566377793,1009.4159
1549566377832,1009.4241
1549566377871,1009.4241
1549566377909,1009.4241
1549566377947,1009.4241
1549566377990,1009.4183
1549566378025,1009.4183
1549566378061,1009.4183
1549566378102,1009.4183
1549566378139,1009.4248
1549566378177,1009.4248
1549566378215,1009.4248
1549566378253,1009.4248
1549566378294,1009.4248
1549566378331,1009.4202
1549566378369,1009.4202
1549566378410,1009.4202
1549566378445,1009.4202
1549566378488,1009.4202
1549566378523,1009.4202
1549566378562,1009.4202
1549566378608,1009.4202
1549566378637,1009.4202
1549566378677,1009.4202
1549566378715,1009.4202
1549566378754,1009.4202
1549566378793,1009.42096
1549566378831,1009.42096
1549566378870,1009.42096
1549566378907,1009.42096
1549566378946,1009.4165
1549566378989,1009.4165
1549566379035,1009.4165
1549566379062,1009.4165
1549566379112,1009.40955
1549566379138,1009.40955
1549566379177,1009.40955
1549566379217,1009.40955
1549566379252,1009.41766
1549566379292,1009.41766
1549566379331,1009.41766
1549566379378,1009.41766
1549566379407,1009.4168
1549566379447,1009.4168
1549566379485,1009.4168
1549566379532,1009.4168
1549566379560,1009.4168
1549566379602,1009.4131
1549566379638,1009.4131
1549566379677,1009.4131
1549566379715,1009.4131
1549566379754,1009.40906
1549566379793,1009.40906
1549566379831,1009.40906
1549566379868,1009.40906
1549566379909,1009.407
1549566379947,1009.407
1549566379984,1009.407
1549566380022,1009.407
1549566380060,1009.411
1549566380101,1009.411
1549566380142,1009.411
1549566380177,1009.411
1549566380215,1009.40857
1549566380253,1009.40857
1549566380292,1009.40857
1549566380332,1009.40857
1549566380367,1009.4049
1549566380408,1009.4049
1549566380448,1009.4049
1549566380483,1009.4049
1549566380523,1009.4
1549566380562,1009.4
1549566380601,1009.4
1549566380640,1009.4
1549566380676,1009.40283
1549566380714,1009.40283
1549566380753,1009.40283
1549566380792,1009.40283
1549566380829,1009.40283
1549566380870,1009.40405
1549566380910,1009.40405
1549566380947,1009.40405
1549566380985,1009.40405
1549566381022,1009.40686
1549566381061,1009.40686
1549566381101,1009.40686
1549566381137,1009.40686
1549566381176,1009.40936
1549566381216,1009.40936
1549566381258,1009.40936
1549566381292,1009.40936
1549566381331,1009.4138
1549566381370,1009.4138
1549566381408,1009.4138
1549566381445,1009.4138
1549566381484,1009.422
1549566381521,1009.422
1549566381560,1009.422
1549566381608,1009.422
1549566381641,1009.42645
1549566381677,1009.42645
1549566381716,1009.42645
1549566381755,1009.42645
1549566381792,1009.41504
1549566381830,1009.41504
1549566381868,1009.41504
1549566381911,1009.41504
1549566381944,1009.40967
1549566381984,1009.40967
1549566382022,1009.40967
1549566382063,1009.40967
1549566382103,1009.40967
1549566382146,1009.40894
1549566382176,1009.40894
1549566382214,1009.40894
1549566382252,1009.40894
1549566382292,1009.41174
1549566382331,1009.41174
1549566382368,1009.41174
1549566382407,1009.41174
1549566382447,1009.41785
1549566382484,1009.41785
1549566382521,1009.41785
1549566382563,1009.41785
1549566382605,1009.42065
1549566382637,1009.42065
1549566382676,1009.42065
1549566382715,1009.42065
1549566382754,1009.4166
1549566382792,1009.4166
1549566382829,1009.4166
1549566382867,1009.4166
1549566382906,1009.41174
1549566382948,1009.41174
1549566382983,1009.41174
1549566383023,1009.41174
1549566383060,1009.41125
1549566383104,1009.41125
1549566383144,1009.41125
1549566383175,1009.41125
1549566383214,1009.4125
1549566383254,1009.4125
1549566383292,1009.4125
1549566383330,1009.4125
1549566383368,1009.4104
1549566383407,1009.4104
1549566383445,1009.4104
1549566383484,1009.4104
1549566383522,1009.4104
1549566383559,1009.4083
1549566383597,1009.4083
1549566383636,1009.4083
1549566383674,1009.4083
1549566383714,1009.4092
1549566383752,1009.4092
1549566383793,1009.4092
1549566383831,1009.4092
1549566383871,1009.4055
1549566383907,1009.4055
1549566383945,1009.4055
1549566383983,1009.4055
1549566384024,1009.4018
1549566384059,1009.4018
1549566384099,1009.4018
1549566384139,1009.4018
1549566384175,1009.4046
1549566384216,1009.4046
1549566384253,1009.4046
1549566384293,1009.4046
1549566384330,1009.40875
1549566384371,1009.40875
1549566384408,1009.40875
1549566384448,1009.40875
1549566384483,1009.405
1549566384521,1009.405
1549566384565,1009.405
1549566384597,1009.405
1549566384637,1009.40625
1549566384677,1009.40625
1549566384713,1009.40625
1549566384751,1009.40625
1549566384794,1009.40625
1549566384831,1009.4079
1549566384868,1009.4079
1549566384909,1009.4079
1549566384947,1009.4079
1549566384983,1009.4107
1549566385021,1009.4107
1549566385060,1009.4107
1549566385099,1009.4107
1549566385139,1009.4025
1549566385176,1009.4025
1549566385215,1009.4025
1549566385254,1009.4025
1549566385290,1009.4034
1549566385331,1009.4034
1549566385368,1009.4034
1549566385406,1009.4034
1549566385450,1009.4099
1549566385482,1009.4099
1549566385522,1009.4099
1549566385565,1009.4099
1549566385600,1009.4193
1549566385636,1009.4193
1549566385675,1009.4193
1549566385715,1009.4193
1549566385752,1009.42377
1549566385790,1009.42377
1549566385829,1009.42377
1549566385871,1009.42377
1549566385906,1009.42377
1549566385945,1009.42377
1549566385983,1009.42377
1549566386022,1009.42377
1549566386060,1009.42377
1549566386099,1009.4221
1549566386136,1009.4221
1549566386178,1009.4221
1549566386214,1009.4221
1549566386253,1009.41724
1549566386291,1009.41724
1549566386328,1009.41724
1549566386369,1009.41724
1549566386406,1009.4217
1549566386447,1009.4217
1549566386482,1009.4217
1549566386522,1009.4217
1549566386558,1009.41846
1549566386597,1009.41846
1549566386636,1009.41846
1549566386677,1009.41846
1549566386717,1009.41846
1549566386751,1009.41846
1549566386792,1009.41846
1549566386831,1009.41846
1549566386868,1009.41516
1549566386908,1009.41516
1549566386944,1009.41516
1549566386982,1009.41516
1549566387022,1009.40533
1549566387059,1009.40533
1549566387097,1009.40533
1549566387136,1009.40533
1549566387177,1009.4021
1549566387214,1009.4021
1549566387254,1009.4021
1549566387296,1009.4021
1549566387328,1009.4021
1549566387366,1009.39716
1549566387405,1009.39716
1549566387445,1009.39716
1549566387484,1009.39716
1549566387521,1009.40045
1549566387561,1009.40045
1549566387598,1009.40045
1549566387637,1009.40045
1549566387674,1009.40045
1549566387715,1009.40045
1549566387751,1009.40045
1549566387792,1009.40045
1549566387830,1009.4103
1549566387867,1009.4103
1549566387906,1009.4103
1549566387945,1009.4103
1549566387982,1009.41187
1549566388021,1009.41187
1549566388061,1009.41187
1549566388098,1009.41187
1549566388136,1009.41675
1549566388174,1009.41675
1549566388215,1009.41675
1549566388253,1009.41675
1549566388291,1009.4107
1549566388329,1009.4107
1549566388369,1009.4107
1549566388406,1009.4107
1549566388444,1009.41724
1549566388484,1009.41724
1549566388526,1009.41724
1549566388558,1009.41724
1549566388597,1009.41724
1549566388639,1009.4193
1549566388674,1009.4193
1549566388714,1009.4193
1549566388753,1009.4193
1549566388789,1009.4242
1549566388828,1009.4242
1549566388867,1009.4242
1549566388905,1009.4242
1549566388944,1009.4291
1549566388983,1009.4291
1549566389020,1009.4291
1549566389058,1009.4291
1549566389098,1009.4246
1549566389136,1009.4246
1549566389175,1009.4246
1549566389213,1009.4246
1549566389250,1009.4279
1549566389293,1009.4279
1549566389327,1009.4279
1549566389365,1009.4279
1549566389405,1009.4263
1549566389443,1009.4263
1549566389482,1009.4263
1549566389519,1009.4263
1549566389558,1009.4263
1549566389597,1009.4263
1549566389638,1009.4263
1549566389674,1009.4263
1549566389713,1009.423
1549566389754,1009.423
1549566389790,1009.423
1549566389828,1009.423
1549566389866,1009.423
1549566389904,1009.4221
1549566389945,1009.4221
1549566389983,1009.4221
1549566390023,1009.4221
1549566390060,1009.416
1549566390098,1009.416
1549566390134,1009.416
1549566390174,1009.416
1549566390212,1009.4242
1549566390250,1009.4242
1549566390290,1009.4242
1549566390328,1009.4242
1549566390367,1009.42303
1549566390404,1009.42303
1549566390444,1009.42303
1549566390484,1009.42303
1549566390522,1009.43
1549566390567,1009.43
1549566390598,1009.43
1549566390635,1009.43
1549566390672,1009.4324
1549566390711,1009.4324
1549566390751,1009.4324
1549566390792,1009.4324
1549566390827,1009.4324
1549566390867,1009.4324
1549566390907,1009.4324
1549566390944,1009.4324
1549566390980,1009.4275
1549566391020,1009.4275
1549566391059,1009.4275
1549566391096,1009.4275
1549566391149,1009.4198
1549566391173,1009.4198
1549566391212,1009.4198
1549566391260,1009.4198
1549566391288,1009.4198
1549566391327,1009.42017
1549566391366,1009.42017
1549566391403,1009.42017
1549566391443,1009.42017
1549566391481,1009.42676
1549566391522,1009.42676
1549566391559,1009.42676
1549566391598,1009.42676
1549566391636,1009.42676
1549566391675,1009.42676
1549566391712,1009.42676
1549566391751,1009.42676
1549566391791,1009.43494
1549566391828,1009.43494
1549566391867,1009.43494
1549566391904,1009.43494
1549566391942,1009.4365
1549566391981,1009.4365
1549566392020,1009.4365
1549566392059,1009.4365
1549566392097,1009.42883
1549566392135,1009.42883
1549566392174,1009.42883
1549566392213,1009.42883
1549566392250,1009.4198
1549566392290,1009.4198
1549566392331,1009.4198
1549566392367,1009.4198
1549566392405,1009.4137
1549566392447,1009.4137
1549566392480,1009.4137
1549566392519,1009.4137
1549566392559,1009.4137
1549566392598,1009.40717
1549566392639,1009.40717
1549566392672,1009.40717
1549566392713,1009.40717
1549566392751,1009.4104
1549566392788,1009.4104
1549566392835,1009.4104
1549566392867,1009.4104
1549566392905,1009.4083
1549566392942,1009.4083
1549566392983,1009.4083
1549566393020,1009.4083
1549566393064,1009.4051
1549566393096,1009.4051
1549566393138,1009.4051
1549566393172,1009.4051
1549566393211,1009.39856
1549566393250,1009.39856
1549566393290,1009.39856
1549566393327,1009.39856
1549566393366,1009.40015
1549566393410,1009.40015
1549566393443,1009.40015
1549566393480,1009.40015
1549566393520,1009.3908
1549566393560,1009.3908
1549566393597,1009.3908
1549566393638,1009.3908
1549566393672,1009.39526
1549566393712,1009.39526
1549566393751,1009.39526
1549566393791,1009.39526
1549566393826,1009.39526
1549566393865,1009.3936
1549566393905,1009.3936
1549566393943,1009.3936
1549566393981,1009.3936
1549566394019,1009.401
1549566394058,1009.401
1549566394096,1009.401
1549566394137,1009.401
1549566394173,1009.401
1549566394212,1009.401
1549566394250,1009.401
1549566394289,1009.401
1549566394328,1009.39777
1549566394366,1009.39777
1549566394405,1009.39777
1549566394442,1009.39777
1549566394482,1009.4006
1549566394519,1009.4006
1549566394557,1009.4006
1549566394596,1009.4006
1549566394637,1009.40955
1549566394674,1009.40955
1549566394712,1009.40955
1549566394750,1009.40955
1549566394791,1009.4079
1549566394828,1009.4079
1549566394865,1009.4079
1549566394904,1009.4079
1549566394944,1009.4071
1549566394980,1009.4071
1549566395019,1009.4071
1549566395057,1009.4071
1549566395098,1009.4071
1549566395142,1009.41486
1549566395175,1009.41486
1549566395210,1009.41486
1549566395250,1009.41486
1549566395289,1009.41486
1549566395326,1009.41486
1549566395367,1009.41486
1549566395406,1009.41486
1549566395442,1009.41486
1549566395481,1009.41486
1549566395519,1009.41486
1549566395558,1009.41486
1549566395596,1009.4132
1549566395640,1009.4132
1549566395671,1009.4132
1549566395711,1009.4132
1549566395749,1009.4132
1549566395787,1009.4132
1549566395826,1009.4132
1549566395865,1009.4132
1549566395903,1009.405
1549566395942,1009.405
1549566395980,1009.405
1549566396019,1009.405
1549566396058,1009.40137
1549566396096,1009.40137
1549566396137,1009.40137
1549566396173,1009.40137
1549566396211,1009.40015
1549566396250,1009.40015
1549566396288,1009.40015
1549566396326,1009.40015
1549566396365,1009.40015
1549566396406,1009.4079
1549566396442,1009.4079
1549566396480,1009.4079
1549566396518,1009.4079
1549566396557,1009.4046
1549566396596,1009.4046
1549566396636,1009.4046
1549566396672,1009.4046
1549566396712,1009.3964
1549566396749,1009.3964
1549566396789,1009.3964
1549566396828,1009.3964
1549566396866,1009.3899
1549566396903,1009.3899
1549566396944,1009.3899
1549566396980,1009.3899
1549566397033,1009.38544
1549566397056,1009.38544
1549566397097,1009.38544
1549566397136,1009.38544
1549566397175,1009.3838
1549566397210,1009.3838
1549566397248,1009.3838
1549566397287,1009.3838
1549566397327,1009.3822
1549566397365,1009.3822
1549566397406,1009.3822
1549566397444,1009.3822
1549566397481,1009.3822
1549566397519,1009.3822
1549566397559,1009.3822
1549566397597,1009.3822
1549566397642,1009.3822
1549566397671,1009.3822
1549566397711,1009.3822
1549566397751,1009.3822
1549566397788,1009.3822
1549566397825,1009.3871
1549566397866,1009.3871
1549566397902,1009.3871
1549566397941,1009.3871
1549566397979,1009.3903
1549566398022,1009.3903
1549566398057,1009.3903
1549566398094,1009.3903
1549566398135,1009.3887
1549566398173,1009.3887
1549566398210,1009.3887
1549566398251,1009.3887
1549566398288,1009.3838
1549566398328,1009.3838
1549566398366,1009.3838
1549566398404,1009.3838
1549566398441,1009.3838
1549566398480,1009.3838
1549566398521,1009.3838
1549566398557,1009.3838
1549566398598,1009.3887
1549566398634,1009.3887
1549566398672,1009.3887
1549566398712,1009.3887
1549566398748,1009.385
1549566398786,1009.385
1549566398825,1009.385
1549566398866,1009.385
1549566398904,1009.3871
1549566398941,1009.3871
1549566398980,1009.3871
1549566399021,1009.3871
1549566399056,1009.3871
1549566399096,1009.38666
1549566399134,1009.38666
1549566399171,1009.38666
1549566399212,1009.38666
1549566399249,1009.3883
1549566399289,1009.3883
1549566399330,1009.3883
1549566399370,1009.3883
1549566399403,1009.3838
1549566399441,1009.3838
1549566399482,1009.3838
1549566399519,1009.3838
1549566399563,1009.3838
1549566399595,1009.3838
1549566399637,1009.3838
1549566399671,1009.3838
1549566399710,1009.3871
1549566399750,1009.3871
1549566399788,1009.3871
1549566399825,1009.3871
1549566399865,1009.3875
1549566399906,1009.3875
1549566399942,1009.3875
1549566399980,1009.3875
1549566400017,1009.39685
1549566400058,1009.39685
1549566400101,1009.39685
1549566400136,1009.39685
1549566400171,1009.4018
1549566400211,1009.4018
1549566400251,1009.4018
1549566400287,1009.4018
1549566400328,1009.4018
1549566400364,1009.3985
1549566400402,1009.3985
1549566400442,1009.3985
1549566400480,1009.3985
1549566400519,1009.3936
1549566400557,1009.3936
1549566400594,1009.3936
1549566400635,1009.3936
1549566400671,1009.3904
1549566400709,1009.3904
1549566400747,1009.3904
1549566400790,1009.3904
1549566400827,1009.39484
1549566400865,1009.39484
1549566400905,1009.39484
1549566400941,1009.39484
1549566400980,1009.38916
1549566401017,1009.38916
1549566401056,1009.38916
1549566401093,1009.38916
1549566401133,1009.3957
1549566401171,1009.3957
1549566401212,1009.3957
1549566401251,1009.3957
1549566401289,1009.3957
1549566401328,1009.3957
1549566401363,1009.3957
1549566401405,1009.3957
1549566401441,1009.39124
1549566401479,1009.39124
1549566401518,1009.39124
1549566401558,1009.39124
1549566401595,1009.39124
1549566401636,1009.39404
1549566401671,1009.39404
1549566401710,1009.39404
1549566401749,1009.39404
1549566401787,1009.3924
1549566401830,1009.3924
1549566401865,1009.3924
1549566401902,1009.3924
1549566401945,1009.38635
1549566401979,1009.38635
1549566402018,1009.38635
1549566402055,1009.38635
1549566402096,1009.3847
1549566402134,1009.3847
1549566402170,1009.3847
1549566402208,1009.3847
1549566402250,1009.3908
1549566402290,1009.3908
1549566402327,1009.3908
1549566402364,1009.3908
1549566402408,1009.39734
1549566402440,1009.39734
1549566402481,1009.39734
1549566402517,1009.39734
1549566402557,1009.3896
1549566402594,1009.3896
1549566402632,1009.3896
1549566402671,1009.3896
1549566402709,1009.39777
1549566402750,1009.39777
1549566402788,1009.39777
1549566402828,1009.39777
1549566402866,1009.39777
1549566402902,1009.39856
1549566402945,1009.39856
1549566402980,1009.39856
1549566403018,1009.39856
1549566403056,1009.401
1549566403096,1009.401
1549566403135,1009.401
1549566403174,1009.401
1549566403210,1009.4083
1549566403249,1009.4083
1549566403292,1009.4083
1549566403325,1009.4083
1549566403365,1009.4198
1549566403401,1009.4198
1549566403441,1009.4198
1549566403483,1009.4198
1549566403519,1009.428
1549566403556,1009.428
1549566403593,1009.428
1549566403637,1009.428
1549566403672,1009.41205
1549566403708,1009.41205
1549566403748,1009.41205
1549566403787,1009.41205
1549566403825,1009.4104
1549566403864,1009.4104
1549566403902,1009.4104
1549566403940,1009.4104
1549566403979,1009.41815
1549566404016,1009.41815
1549566404056,1009.41815
1549566404095,1009.41815
1549566404141,1009.41815
1549566404170,1009.42224
1549566404208,1009.42224
1549566404247,1009.42224
1549566404287,1009.42224
1549566404325,1009.4333
1549566404365,1009.4333
1549566404405,1009.4333
1549566404446,1009.4333
1549566404478,1009.42957
1549566404520,1009.42957
1549566404556,1009.42957
1549566404594,1009.42957
1549566404632,1009.4214
1549566404670,1009.4214
1549566404708,1009.4214
1549566404750,1009.4214
1549566404789,1009.41486
1549566404827,1009.41486
1549566404863,1009.41486
1549566404901,1009.41486
1549566404940,1009.4177
1549566404978,1009.4177
1549566405018,1009.4177
1549566405056,1009.4177
1549566405094,1009.42017
1549566405132,1009.42017
1549566405171,1009.42017
1549566405209,1009.42017
1549566405248,1009.42303
1549566405285,1009.42303
1549566405325,1009.42303
1549566405365,1009.42303
1549566405401,1009.42303
1549566405440,1009.416
1549566405477,1009.416
1549566405516,1009.416
1549566405554,1009.416
1549566405594,1009.4075
1549566405636,1009.4075
1549566405674,1009.4075
1549566405708,1009.4075
1549566405749,1009.40173
1549566405786,1009.40173
1549566405826,1009.40173
1549566405862,1009.40173
1549566405900,1009.39197
1549566405943,1009.39197
1549566405978,1009.39197
1549566406019,1009.39197
1549566406055,1009.38824
1549566406094,1009.38824
1549566406133,1009.38824
1549566406172,1009.38824
1549566406211,1009.38293
1549566406246,1009.38293
1549566406286,1009.38293
1549566406326,1009.38293
1549566406365,1009.38947
1549566406400,1009.38947
1549566406439,1009.38947
1549566406482,1009.38947
1549566406519,1009.3874
1549566406555,1009.3874
1549566406594,1009.3874
1549566406632,1009.3874
1549566406669,1009.3899
1549566406709,1009.3899
1549566406746,1009.3899
1549566406785,1009.3899
1549566406823,1009.3899
1549566406863,1009.36816
1549566406901,1009.36816
1549566406940,1009.36816
1549566406977,1009.36816
1549566407019,1009.36816
1549566407056,1009.36816
1549566407093,1009.36816
1549566407131,1009.36816
1549566407169,1009.36774
1549566407209,1009.36774
1549566407256,1009.36774
1549566407288,1009.36774
1549566407323,1009.3673
1549566407363,1009.3673
1549566407403,1009.3673
1549566407440,1009.3673
1549566407477,1009.3722
1549566407516,1009.3722
1549566407557,1009.3722
1549566407592,1009.3722
1549566407631,1009.3848
1549566407668,1009.3848
1549566407708,1009.3848
1549566407748,1009.3848
1549566407787,1009.37506
1549566407825,1009.37506
1549566407861,1009.37506
1549566407901,1009.37506
1549566407942,1009.37427
1549566407980,1009.37427
1549566408018,1009.37427
1549566408055,1009.37427
1549566408094,1009.37427
1549566408136,1009.3669
1549566408176,1009.3669
1549566408210,1009.3669
1549566408246,1009.3669
1549566408287,1009.3612
1549566408324,1009.3612
1549566408362,1009.3612
1549566408401,1009.3612
1549566408440,1009.364
1549566408479,1009.364
1549566408516,1009.364
1549566408555,1009.364
1549566408599,1009.3701
1549566408635,1009.3701
1549566408671,1009.3701
1549566408710,1009.3701
1549566408748,1009.37177
1549566408785,1009.37177
1549566408823,1009.37177
1549566408863,1009.37177
1549566408901,1009.36194
1549566408940,1009.36194
1549566408979,1009.36194
1549566409015,1009.36194
1549566409056,1009.36847
1549566409093,1009.36847
1549566409130,1009.36847
1549566409169,1009.36847
1549566409207,1009.36804
1549566409248,1009.36804
1549566409286,1009.36804
1549566409327,1009.36804
1549566409361,1009.36804
1549566409401,1009.35986
1549566409440,1009.35986
1549566409477,1009.35986
1549566409517,1009.35986
1549566409559,1009.3575
1549566409594,1009.3575
1549566409631,1009.3575
1549566409672,1009.3575
1549566409707,1009.36725
1549566409750,1009.36725
1549566409785,1009.36725
1549566409824,1009.36725
1549566409864,1009.36847
1549566409899,1009.36847
1549566409939,1009.36847
1549566409977,1009.36847
1549566410019,1009.3652
1549566410059,1009.3652
1549566410093,1009.3652
1549566410133,1009.3652
1549566410176,1009.3701
1549566410208,1009.3701
1549566410249,1009.3701
1549566410287,1009.3701
1549566410325,1009.3652
1549566410362,1009.3652
1549566410401,1009.3652
1549566410437,1009.3652
1549566410477,1009.36316
1549566410515,1009.36316
1549566410555,1009.36316
1549566410594,1009.36316
1549566410633,1009.36316
1549566410670,1009.3582
1549566410707,1009.3582
1549566410748,1009.3582
1549566410787,1009.3582
1549566410823,1009.3545
1549566410865,1009.3545
1549566410901,1009.3545
1549566410939,1009.3545
1549566410977,1009.3496
1549566411015,1009.3496
1549566411056,1009.3496
1549566411092,1009.3496
1549566411131,1009.3447
1549566411177,1009.3447
1549566411206,1009.3447
1549566411246,1009.3447
1549566411286,1009.34143
1549566411324,1009.34143
1549566411361,1009.34143
1549566411400,1009.34143
1549566411437,1009.3374
1549566411476,1009.3374
1549566411518,1009.3374
1549566411554,1009.3374
1549566411593,1009.32434
1549566411632,1009.32434
1549566411669,1009.32434
1549566411706,1009.32434
1549566411747,1009.32434
1549566411785,1009.32434
1549566411825,1009.32434
1549566411861,1009.32434
1549566411900,1009.32434
1549566411938,1009.31366
1549566411979,1009.31366
1549566412016,1009.31366
1549566412055,1009.31366
1549566412094,1009.3194
1549566412130,1009.3194
1549566412170,1009.3194
1549566412208,1009.3194
1549566412246,1009.32385
1549566412284,1009.32385
1549566412322,1009.32385
1549566412362,1009.32385
1549566412401,1009.3194
1549566412437,1009.3194
1549566412477,1009.3194
1549566412514,1009.3194
1549566412553,1009.3194
1549566412592,1009.3194
1549566412633,1009.3194
1549566412670,1009.3194
1549566412706,1009.32227
1549566412747,1009.32227
1549566412786,1009.32227
1549566412822,1009.32227
1549566412861,1009.31573
1549566412899,1009.31573
1549566412938,1009.31573
1549566412979,1009.31573
1549566413015,1009.31573
1549566413054,1009.31573
1549566413090,1009.31573
1549566413129,1009.31573
1549566413172,1009.3174
1549566413207,1009.3174
1549566413245,1009.3174
1549566413287,1009.3174
1549566413323,1009.3174
1549566413362,1009.3174
1549566413399,1009.3174
1549566413437,1009.3174
1549566413476,1009.3174
1549566413523,1009.3174
1549566413553,1009.3174
1549566413593,1009.3174
1549566413629,1009.3174
1549566413674,1009.3092
1549566413707,1009.3092
1549566413746,1009.3092
1549566413786,1009.3092
1549566413823,1009.3059
1549566413860,1009.3059
1549566413902,1009.3059
1549566413938,1009.3059
1549566413979,1009.31854
1549566414015,1009.31854
1549566414055,1009.31854
1549566414091,1009.31854
1549566414129,1009.3169
1549566414169,1009.3169
1549566414208,1009.3169
1549566414246,1009.3169
1549566414284,1009.3218
1549566414324,1009.3218
1549566414360,1009.3218
1549566414400,1009.3218
1549566414438,1009.3267
1549566414475,1009.3267
1549566414519,1009.3267
1549566414558,1009.3267
1549566414592,1009.3267
1549566414629,1009.3218
1549566414671,1009.3218
1549566414707,1009.3218
1549566414746,1009.3218
1549566414785,1009.3312
1549566414822,1009.3312
1549566414860,1009.3312
1549566414900,1009.3312
1549566414939,1009.32587
1549566414976,1009.32587
1549566415015,1009.32587
1549566415052,1009.32587
1549566415090,1009.3226
1549566415130,1009.3226
1549566415170,1009.3226
1549566415206,1009.3226
1549566415244,1009.3202
1549566415283,1009.3202
1549566415321,1009.3202
1549566415363,1009.3202
1549566415399,1009.323
1549566415439,1009.323
1549566415476,1009.323
1549566415518,1009.323
1549566415555,1009.3193
1549566415591,1009.3193
1549566415632,1009.3193
1549566415672,1009.3193
1549566415706,1009.3111
1549566415746,1009.3111
1549566415783,1009.3111
1549566415821,1009.3111
1549566415861,1009.3111
1549566415898,1009.3123
1549566415938,1009.3123
1549566415977,1009.3123
1549566416015,1009.3123
1549566416057,1009.3111
1549566416091,1009.3111
1549566416128,1009.3111
1549566416166,1009.3111
1549566416205,1009.3025
1549566416246,1009.3025
1549566416284,1009.3025
1549566416321,1009.3025
1549566416360,1009.3037
1549566416401,1009.3037
1549566416439,1009.3037
1549566416476,1009.3037
1549566416514,1009.3111
1549566416556,1009.3111
1549566416590,1009.3111
1549566416631,1009.3111
1549566416668,1009.309
1549566416705,1009.309
1549566416745,1009.309
1549566416783,1009.309
1549566416821,1009.3147
1549566416859,1009.3147
1549566416897,1009.3147
1549566416936,1009.3147
1549566416974,1009.31555
1549566417012,1009.31555
1549566417051,1009.31555
1549566417090,1009.31555
1549566417128,1009.31555
1549566417167,1009.30896
1549566417205,1009.30896
1549566417245,1009.30896
1549566417283,1009.30896
1549566417320,1009.30035
1549566417359,1009.30035
1549566417399,1009.30035
1549566417437,1009.30035
1549566417474,1009.29504
1549566417516,1009.29504
1549566417552,1009.29504
1549566417591,1009.29504
1549566417630,1009.30273
1549566417667,1009.30273
1549566417705,1009.30273
1549566417745,1009.30273
1549566417784,1009.3023
1549566417823,1009.3023
1549566417862,1009.3023
1549566417899,1009.3023
1549566417936,1009.3109
1549566417976,1009.3109
1549566418013,1009.3109
1549566418051,1009.3109
1549566418092,1009.3105
1549566418131,1009.3105
1549566418172,1009.3105
1549566418207,1009.3105
1549566418245,1009.30396
1549566418282,1009.30396
1549566418321,1009.30396
1549566418359,1009.30396
1549566418398,1009.30396
1549566418439,1009.30396
1549566418478,1009.30396
1549566418514,1009.30396
1549566418551,1009.30396
1549566418590,1009.3084
1549566418633,1009.3084
1549566418668,1009.3084
1549566418705,1009.3084
1549566418745,1009.3109
1549566418782,1009.3109
1549566418826,1009.3109
1549566418858,1009.3109
1549566418898,1009.30273
1549566418936,1009.30273
1549566418976,1009.30273
1549566419013,1009.30273
1549566419053,1009.3121
1549566419091,1009.3121
1549566419132,1009.3121
1549566419169,1009.3121
1549566419205,1009.3165
1549566419245,1009.3165
1549566419284,1009.3165
1549566419321,1009.3165
1549566419361,1009.3243
1549566419398,1009.3243
1549566419436,1009.3243
1549566419477,1009.3243
1549566419513,1009.3268
1549566419550,1009.3268
1549566419589,1009.3268
1549566419628,1009.3268
1549566419666,1009.3268
1549566419715,1009.3296
1549566419742,1009.3296
1549566419782,1009.3296
1549566419820,1009.3296
1549566419859,1009.3268
1549566419897,1009.3268
1549566419935,1009.3268
1549566419975,1009.3268
1549566420015,1009.3268
1549566420052,1009.3268
1549566420088,1009.3268
1549566420126,1009.3268
1549566420166,1009.3308
1549566420205,1009.3308
1549566420244,1009.3308
1549566420285,1009.3308
1549566420321,1009.32916
1549566420361,1009.32916
1549566420397,1009.32916
1549566420438,1009.32916
1549566420476,1009.33527
1549566420514,1009.33527
1549566420551,1009.33527
1549566420590,1009.33527
1549566420628,1009.34467
1549566420667,1009.34467
1549566420707,1009.34467
1549566420744,1009.34467
1549566420782,1009.3463
1549566420821,1009.3463
1549566420861,1009.3463
1549566420899,1009.3463
1549566420939,1009.3463
1549566420976,1009.3463
1549566421013,1009.3463
1549566421052,1009.3463
1549566421090,1009.3463
1549566421128,1009.3463
1549566421169,1009.3463
1549566421204,1009.3463
1549566421243,1009.3463
1549566421282,1009.35205
1549566421321,1009.35205
1549566421362,1009.35205
1549566421398,1009.35205
1549566421437,1009.3565
1549566421475,1009.3565
1549566421512,1009.3565
1549566421551,1009.3565
1549566421589,1009.3593
1549566421629,1009.3593
1549566421670,1009.3593
1549566421707,1009.3593
1549566421744,1009.35767
1549566421782,1009.35767
1549566421820,1009.35767
1549566421859,1009.35767
1549566421898,1009.35767
1549566421935,1009.35767
1549566421973,1009.35767
1549566422014,1009.35767
1549566422051,1009.35443
1549566422089,1009.35443
1549566422129,1009.35443
1549566422170,1009.35443
1549566422205,1009.3556
1549566422243,1009.3556
1549566422282,1009.3556
1549566422320,1009.3556
1549566422359,1009.3556
1549566422398,1009.3475
1549566422441,1009.3475
1549566422474,1009.3475
1549566422511,1009.3475
1549566422550,1009.35156
1549566422590,1009.35156
1549566422628,1009.35156
1549566422666,1009.35156
1549566422708,1009.3499
1549566422744,1009.3499
1549566422782,1009.3499
1549566422819,1009.3499
1549566422861,1009.3418
1549566422897,1009.3418
1549566422936,1009.3418
1549566422978,1009.3418
1549566423014,1009.3303
1549566423049,1009.3303
1549566423090,1009.3303
1549566423130,1009.3303
1549566423168,1009.32495
1549566423209,1009.32495
1549566423243,1009.32495
1549566423282,1009.32495
1549566423320,1009.3217
1549566423359,1009.3217
1549566423397,1009.3217
1549566423435,1009.3217
1549566423474,1009.329
1549566423514,1009.329
1549566423554,1009.329
1549566423588,1009.329
1549566423626,1009.329
1549566423666,1009.329
1549566423707,1009.329
1549566423742,1009.329
1549566423781,1009.329
1549566423821,1009.32574
1549566423860,1009.32574
1549566423896,1009.32574
1549566423936,1009.32574
1549566423973,1009.3217
1549566424014,1009.3217
1549566424050,1009.3217
1549566424091,1009.3217
1549566424128,1009.3217
1549566424170,1009.3217
1549566424212,1009.3217
1549566424242,1009.3217
1549566424282,1009.32007
1549566424319,1009.32007
1549566424358,1009.32007
1549566424396,1009.32007
1549566424435,1009.31635
1549566424472,1009.31635
1549566424511,1009.31635
1549566424550,1009.31635
1549566424590,1009.31146
1549566424632,1009.31146
1549566424665,1009.31146
1549566424703,1009.31146
1549566424743,1009.3143
1549566424784,1009.3143
1549566424818,1009.3143
1549566424858,1009.3143
1549566424896,1009.3143
1549566424935,1009.31757
1549566424976,1009.31757
1549566425011,1009.31757
1549566425051,1009.31757
1549566425090,1009.31757
1549566425130,1009.31757
1549566425166,1009.31757
1549566425203,1009.31757
1549566425241,1009.3236
1549566425280,1009.3236
1549566425320,1009.3236
1549566425359,1009.3236
1549566425396,1009.322
1549566425436,1009.322
1549566425473,1009.322
1549566425512,1009.322
1549566425550,1009.3183
1549566425591,1009.3183
1549566425627,1009.3183
1549566425666,1009.3183
1549566425705,1009.3175
1549566425741,1009.3175
1549566425780,1009.3175
1549566425819,1009.3175
1549566425864,1009.3175
1549566425898,1009.3175
1549566425935,1009.3175
1549566425974,1009.3175
1549566426011,1009.31384
1549566426050,1009.31384
1549566426088,1009.31384
1549566426127,1009.31384
1549566426168,1009.31384
1549566426208,1009.3101
1549566426244,1009.3101
1549566426280,1009.3101
1549566426319,1009.3101
1549566426359,1009.3113
1549566426395,1009.3113
1549566426438,1009.3113
1549566426478,1009.3113
1549566426511,1009.31665
1549566426550,1009.31665
1549566426587,1009.31665
1549566426627,1009.31665
1549566426665,1009.31616
1549566426706,1009.31616
1549566426743,1009.31616
1549566426781,1009.31616
1549566426822,1009.32227
1549566426856,1009.32227
1549566426895,1009.32227
1549566426935,1009.32227
1549566426973,1009.33417
1549566427011,1009.33417
1549566427049,1009.33417
1549566427088,1009.33417
1549566427128,1009.3402
1549566427167,1009.3402
1549566427207,1009.3402
1549566427244,1009.3402
1549566427280,1009.3456
1549566427322,1009.3456
1549566427358,1009.3456
1549566427396,1009.3456
1549566427436,1009.3456
1549566427474,1009.3435
1549566427510,1009.3435
1549566427550,1009.3435
1549566427588,1009.3435
1549566427630,1009.3545
1549566427665,1009.3545
1549566427712,1009.3545
1549566427741,1009.3545
1549566427781,1009.3585
1549566427819,1009.3585
1549566427859,1009.3585
1549566427897,1009.3585
1549566427934,1009.36053
1549566427975,1009.36053
1549566428015,1009.36053
1549566428050,1009.36053
1549566428089,1009.3564
1549566428126,1009.3564
1549566428164,1009.3564
1549566428218,1009.3564
1549566428240,1009.35846
1549566428280,1009.35846
1549566428318,1009.35846
1549566428356,1009.35846
1549566428395,1009.36084
1549566428434,1009.36084
1549566428475,1009.36084
1549566428511,1009.36084
1549566428548,1009.36365
1549566428587,1009.36365
1549566428626,1009.36365
1549566428665,1009.36365
1549566428703,1009.3665
1549566428741,1009.3665
1549566428781,1009.3665
1549566428819,1009.3665
1549566428856,1009.3665
1549566428898,1009.369
1549566428938,1009.369
1549566428973,1009.369
1549566429012,1009.369
1549566429050,1009.37305
1549566429090,1009.37305
1549566429126,1009.37305
1549566429164,1009.37305
1549566429203,1009.3677
1549566429244,1009.3677
1549566429281,1009.3677
1549566429319,1009.3677
1549566429357,1009.37134
1549566429395,1009.37134
1549566429436,1009.37134
1549566429476,1009.37134
1549566429512,1009.37256
1549566429549,1009.37256
1549566429587,1009.37256
1549566429626,1009.37256
1549566429665,1009.36884
1549566429702,1009.36884
1549566429747,1009.36884
1549566429780,1009.36884
1549566429819,1009.37256
1549566429858,1009.37256
1549566429896,1009.37256
1549566429934,1009.37256
1549566429971,1009.36884
1549566430010,1009.36884
1549566430051,1009.36884
1549566430090,1009.36884
1549566430127,1009.36884
1549566430166,1009.36926
1549566430202,1009.36926
1549566430240,1009.36926
1549566430281,1009.36926
1549566430319,1009.3672
1549566430356,1009.3672
1549566430398,1009.3672
1549566430433,1009.3672
1549566430472,1009.3618
1549566430513,1009.3618
1549566430549,1009.3618
1549566430586,1009.3618
1549566430626,1009.3613
1549566430666,1009.3613
1549566430706,1009.3613
1549566430741,1009.3613
1549566430780,1009.3618
1549566430818,1009.3618
1549566430856,1009.3618
1549566430896,1009.3618
1549566430935,1009.35645
1549566430976,1009.35645
1549566431012,1009.35645
1549566431049,1009.35645
1549566431088,1009.3588
1549566431126,1009.3588
1549566431166,1009.3588
1549566431203,1009.3588
1549566431241,1009.35925
1549566431279,1009.35925
1549566431318,1009.35925
1549566431355,1009.35925
1549566431398,1009.35925
1549566431436,1009.36487
1549566431475,1009.36487
1549566431514,1009.36487
1549566431548,1009.36487
1549566431587,1009.36414
1549566431629,1009.36414
1549566431667,1009.36414
1549566431703,1009.36414
1549566431741,1009.3665
1549566431780,1009.3665
1549566431818,1009.3665
1549566431856,1009.3665
1549566431896,1009.3689
1549566431933,1009.3689
1549566431972,1009.3689
1549566432011,1009.3689
1549566432057,1009.3677
1549566432093,1009.3677
1549566432126,1009.3677
1549566432164,1009.3677
1549566432204,1009.37006
1549566432240,1009.37006
1549566432278,1009.37006
1549566432318,1009.37006
1549566432356,1009.36395
1549566432395,1009.36395
1549566432433,1009.36395
1549566432471,1009.36395
1549566432511,1009.37244
1549566432548,1009.37244
1549566432587,1009.37244
1549566432625,1009.37244
1549566432664,1009.37244
1549566432703,1009.37317
1549566432740,1009.37317
1549566432778,1009.37317
1549566432817,1009.37317
1549566432861,1009.3662
1549566432897,1009.3662
1549566432933,1009.3662
1549566432972,1009.3662
1549566433010,1009.3715
1549566433048,1009.3715
1549566433088,1009.3715
1549566433125,1009.3715
1549566433164,1009.37555
1549566433205,1009.37555
1549566433241,1009.37555
1549566433281,1009.37555
1549566433317,1009.3735
1549566433356,1009.3735
1549566433396,1009.3735
1549566433433,1009.3735
1549566433472,1009.3678
1549566433509,1009.3678
1549566433551,1009.3678
1549566433586,1009.3678
1549566433626,1009.3596
1549566433663,1009.3596
1549566433702,1009.3596
1549566433741,1009.3596
1549566433780,1009.36084
1549566433818,1009.36084
1549566433861,1009.36084
1549566433894,1009.36084
1549566433934,1009.36084
1549566433971,1009.37134
1549566434010,1009.37134
1549566434048,1009.37134
1549566434087,1009.37134
1549566434126,1009.36896
1549566434167,1009.36896
1549566434201,1009.36896
1549566434239,1009.36896
1549566434278,1009.3701
1549566434320,1009.3701
1549566434356,1009.3701
1549566434397,1009.3701
1549566434434,1009.3697
1549566434472,1009.3697
1549566434511,1009.3697
1549566434549,1009.3697
1549566434587,1009.36926
1549566434626,1009.36926
1549566434667,1009.36926
1549566434702,1009.36926
1549566434741,1009.3668
1549566434778,1009.3668
1549566434818,1009.3668
1549566434855,1009.3668
1549566434895,1009.3615
1549566434933,1009.3615
1549566434970,1009.3615
1549566435010,1009.3615
1549566435051,1009.36475
1549566435086,1009.36475
1549566435125,1009.36475
1549566435166,1009.36475
1549566435202,1009.3672
1549566435241,1009.3672
1549566435279,1009.3672
1549566435316,1009.3672
1549566435355,1009.3672
1549566435397,1009.37164
1549566435434,1009.37164
1549566435471,1009.37164
1549566435510,1009.37164
1549566435547,1009.3618
1549566435587,1009.3618
1549566435626,1009.3618
1549566435662,1009.3618
1549566435701,1009.36597
1549566435740,1009.36597
1549566435782,1009.36597
1549566435816,1009.36597
1549566435855,1009.3671
1549566435893,1009.3671
1549566435932,1009.3671
1549566435972,1009.3671
1549566436009,1009.3732
1549566436049,1009.3732
1549566436087,1009.3732
1549566436127,1009.3732
1549566436162,1009.3716
1549566436202,1009.3716
1549566436242,1009.3716
1549566436278,1009.3716
1549566436316,1009.3728
1549566436357,1009.3728
1549566436394,1009.3728
1549566436431,1009.3728
1549566436472,1009.37524
1549566436515,1009.37524
1549566436548,1009.37524
1549566436587,1009.37524
1549566436626,1009.37524
1549566436668,1009.3744
1549566436700,1009.3744
1549566436746,1009.3744
1549566436778,1009.3744
1549566436817,1009.37604
1549566436856,1009.37604
1549566436895,1009.37604
1549566436932,1009.37604
1549566436970,1009.3805
1549566437011,1009.3805
1549566437051,1009.3805
1549566437085,1009.3805
1549566437125,1009.37646
1549566437163,1009.37646
1549566437201,1009.37646
1549566437240,1009.37646
1549566437277,1009.376
1549566437317,1009.376
1549566437357,1009.376
1549566437395,1009.376
1549566437431,1009.3711
1549566437470,1009.3711
1549566437509,1009.3711
1549566437546,1009.3711
1549566437588,1009.3686
1549566437624,1009.3686
1549566437664,1009.3686
1549566437702,1009.3686
1549566437741,1009.3604
1549566437778,1009.3604
1549566437816,1009.3604
1549566437858,1009.3604
1549566437894,1009.3604
1549566437932,1009.3632
1549566437970,1009.3632
1549566438009,1009.3632
1549566438048,1009.3632
1549566438087,1009.3559
1549566438130,1009.3559
1549566438163,1009.3559
1549566438201,1009.3559
1549566438242,1009.3522
1549566438277,1009.3522
1549566438315,1009.3522
1549566438355,1009.3522
1549566438394,1009.3534
1549566438431,1009.3534
1549566438479,1009.3534
1549566438510,1009.3534
1549566438549,1009.3554
1549566438584,1009.3554
1549566438625,1009.3554
1549566438663,1009.3554
1549566438701,1009.355
1549566438738,1009.355
1549566438777,1009.355
1549566438818,1009.355
1549566438858,1009.3496
1549566438895,1009.3496
1549566438930,1009.3496
1549566438970,1009.3496
1549566439010,1009.3525
1549566439048,1009.3525
1549566439088,1009.3525
1549566439126,1009.3525
1549566439162,1009.3525
1549566439200,1009.35333
1549566439250,1009.35333
1549566439276,1009.35333
1549566439315,1009.35333
1549566439356,1009.3496
1549566439392,1009.3496
1549566439434,1009.3496
1549566439469,1009.3496
1549566439508,1009.3492
1549566439547,1009.3492
1549566439586,1009.3492
1549566439625,1009.3492
1549566439662,1009.34875
1549566439702,1009.34875
1549566439752,1009.34875
1549566439776,1009.34875
1549566439815,1009.3545
1549566439854,1009.3545
1549566439893,1009.3545
1549566439932,1009.3545
1549566439972,1009.34467
1549566440008,1009.34467
1549566440046,1009.34467
1549566440086,1009.34467
1549566440124,1009.3344
1549566440162,1009.3344
1549566440200,1009.3344
1549566440245,1009.3344
1549566440277,1009.33563
1549566440317,1009.33563
1549566440355,1009.33563
1549566440393,1009.33563
1549566440431,1009.33563
1549566440471,1009.34174
1549566440508,1009.34174
1549566440547,1009.34174
1549566440586,1009.34174
1549566440624,1009.3462
1549566440665,1009.3462
1549566440705,1009.3462
1549566440748,1009.3462
1549566440776,1009.3503
1549566440815,1009.3503
1549566440854,1009.3503
1549566440892,1009.3503
1549566440932,1009.35474
1549566440972,1009.35474
1549566441008,1009.35474
1549566441051,1009.35474
1549566441086,1009.3543
1549566441125,1009.3543
1549566441165,1009.3543
1549566441202,1009.3543
1549566441241,1009.3445
1549566441276,1009.3445
1549566441320,1009.3445
1549566441355,1009.3445
1549566441395,1009.3429
1549566441431,1009.3429
1549566441469,1009.3429
1549566441510,1009.3429
1549566441550,1009.3457
1549566441587,1009.3457
1549566441625,1009.3457
1549566441661,1009.3457
1549566441700,1009.34
1549566441741,1009.34
1549566441776,1009.34
1549566441816,1009.34
1549566441855,1009.34
1549566441892,1009.3351
1549566441932,1009.3351
1549566441969,1009.3351
1549566442007,1009.3351
1549566442046,1009.33673
1549566442088,1009.33673
1549566442123,1009.33673
1549566442161,1009.33673
1549566442200,1009.34283
1549566442240,1009.34283
1549566442278,1009.34283
1549566442316,1009.34283
1549566442353,1009.3506
1549566442391,1009.3506
1549566442432,1009.3506
1549566442470,1009.3506
1549566442509,1009.34894
1549566442547,1009.34894
1549566442588,1009.34894
1549566442623,1009.34894
1549566442666,1009.3457
1549566442701,1009.3457
1549566442740,1009.3457
1549566442776,1009.3457
1549566442815,1009.3424
1549566442855,1009.3424
1549566442897,1009.3424
1549566442938,1009.3424
1549566442970,1009.3452
1549566443008,1009.3452
1549566443049,1009.3452
1549566443085,1009.3452
1549566443124,1009.3452
1549566443162,1009.3452
1549566443200,1009.3452
1549566443242,1009.3452
1549566443275,1009.3452
1549566443316,1009.3477
1549566443353,1009.3477
1549566443391,1009.3477
1549566443431,1009.3477
1549566443469,1009.34033
1549566443512,1009.34033
1549566443547,1009.34033
1549566443585,1009.34033
1549566443623,1009.3419
1549566443662,1009.3419
1549566443698,1009.3419
1549566443738,1009.3419
1549566443777,1009.33704
1549566443815,1009.33704
1549566443855,1009.33704
1549566443893,1009.33704
1549566443931,1009.33545
1549566443969,1009.33545
1549566444007,1009.33545
1549566444046,1009.33545
1549566444085,1009.33374
1549566444124,1009.33374
1549566444161,1009.33374
1549566444201,1009.33374
1549566444240,1009.33136
1549566444278,1009.33136
1549566444316,1009.33136
1549566444353,1009.33136
1549566444392,1009.33136
1549566444434,1009.3232
1549566444470,1009.3232
1549566444507,1009.3232
1549566444547,1009.3232
1549566444585,1009.3223
1549566444622,1009.3223
1549566444663,1009.3223
1549566444699,1009.3223
1549566444740,1009.3379
1549566444782,1009.3379
1549566444814,1009.3379
1549566444855,1009.3379
1549566444892,1009.33624
1549566444931,1009.33624
1549566444971,1009.33624
1549566445007,1009.33624
1549566445048,1009.333
1549566445087,1009.333
1549566445121,1009.333
1549566445161,1009.333
1549566445201,1009.33136
1549566445241,1009.33136
1549566445278,1009.33136
1549566445315,1009.33136
1549566445354,1009.33093
1549566445392,1009.33093
1549566445431,1009.33093
1549566445469,1009.33093
1549566445508,1009.32764
1549566445546,1009.32764
1549566445584,1009.32764
1549566445623,1009.32764
1549566445661,1009.32764
1549566445699,1009.32886
1549566445742,1009.32886
1549566445776,1009.32886
1549566445815,1009.32886
1549566445864,1009.32886
1549566445891,1009.32886
1549566445931,1009.32886
1549566445969,1009.32886
1549566446007,1009.3272
1549566446046,1009.3272
1549566446084,1009.3272
1549566446124,1009.3272
1549566446161,1009.32837
1549566446200,1009.32837
1549566446242,1009.32837
1549566446285,1009.32837
1549566446315,1009.3272
1549566446353,1009.3272
1549566446391,1009.3272
1549566446428,1009.3272
1549566446472,1009.32837
1549566446507,1009.32837
1549566446545,1009.32837
1549566446584,1009.32837
1549566446623,1009.33
1549566446662,1009.33
1549566446699,1009.33
1549566446737,1009.33
1549566446775,1009.33655
1549566446814,1009.33655
1549566446853,1009.33655
1549566446893,1009.33655
1549566446937,1009.34595
1549566446967,1009.34595
1549566447005,1009.34595
1549566447045,1009.34595
1549566447085,1009.34595
1549566447121,1009.3513
1549566447160,1009.3513
1549566447200,1009.3513
1549566447237,1009.3513
1549566447275,1009.36066
1549566447406,1009.36066
1549566447406,1009.36066
1549566447406,1009.36066
1549566447428,1009.3623
1549566447468,1009.3623
1549566447513,1009.3623
1549566447564,1009.3623
1549566447582,1009.3672
1549566447624,1009.3672
1549566447671,1009.3672
1549566447698,1009.3672
1549566447737,1009.3672
1549566447776,1009.3672
1549566447813,1009.3672
1549566447851,1009.3672
1549566447891,1009.3738
1549566448044,1009.3721
1549566448045,1009.3721
1549566448082,1009.3721
1549566448122,1009.3721
1549566448159,1009.3749
1549566448198,1009.3749
1549566448241,1009.3749
1549566448275,1009.3749
1549566448313,1009.3782
1549566448357,1009.3782
1549566448390,1009.3782
1549566448429,1009.3782
1549566448471,1009.3765
1549566448515,1009.3765
1549566448548,1009.3765
1549566448583,1009.3765
1549566448621,1009.3798
1549566448661,1009.3798
1549566448697,1009.3798
1549566448736,1009.3798
1549566448778,1009.38556
1549566448813,1009.38556
1549566448852,1009.38556
1549566448890,1009.38556
1549566448929,1009.3545
1549566448971,1009.3545
1549566449006,1009.3545
1549566449045,1009.3545
1549566449086,1009.3312
1549566449124,1009.3312
1549566449159,1009.3312
1549566449199,1009.3312
1549566449236,1009.3466
1549566449275,1009.3466
1549566449319,1009.3466
1549566449357,1009.3466
1549566449389,1009.3466
1549566449437,1009.345
1549566449467,1009.345
1549566449506,1009.345
1549566449544,1009.345
1549566449587,1009.34827
1549566449661,1009.34827
1549566449726,1009.34827
1549566449726,1009.34827
1549566449798,1009.3491
1549566449799,1009.3491
1549566449838,1009.3491
1549566449870,1009.3491
1549566449973,1009.3662
1549566449974,1009.3662
1549566449974,1009.3662
1549566450007,1009.3662
1549566450042,1009.37067
1549566450081,1009.37067
1549566450119,1009.37067
1549566450158,1009.37067
1549566450197,1009.37805
1549566450235,1009.37805
1549566450273,1009.37805
1549566450312,1009.37805
1549566450352,1009.37274
1549566450389,1009.37274
1549566450427,1009.37274
1549566450465,1009.37274
1549566450504,1009.3861
1549566450542,1009.3861
1549566450581,1009.3861
1549566450620,1009.3861
1549566450659,1009.3861
1549566450697,1009.3767
1549566450737,1009.3767
1549566450775,1009.3767
1549566450812,1009.3767
1549566450855,1009.373
1549566450892,1009.373
1549566450930,1009.373
1549566450966,1009.373
1549566451005,1009.37787
1549566451042,1009.37787
1549566451084,1009.37787
