1549566599275,1009.40454
1549566599276,1009.40454
1549566599314,1009.40454
1549566599353,1009.40454
1549566599391,1009.40466
1549566599430,1009.40466
1549566599467,1009.40466
1549566599506,1009.40466
1549566599546,1009.3908
1549566599584,1009.3908
1549566599624,1009.3908
1549566599663,1009.3908
1549566599699,1009.3876
1549566599739,1009.3876
1549566599775,1009.3876
1549566599815,1009.3876
1549566599856,1009.3884
1549566599892,1009.3884
1549566599932,1009.3884
1549566599968,1009.3884
1549566600010,1009.39703
1549566600057,1009.39703
1549566600087,1009.39703
1549566600122,1009.39703
1549566600160,1009.39703
1549566600202,1009.39703
1549566600238,1009.39703
1549566600277,1009.39703
1549566600318,1009.3917
1549566600353,1009.3917
1549566600391,1009.3917
1549566600432,1009.3917
1549566600469,1009.3917
1549566600510,1009.3954
1549566600545,1009.3954
1549566600584,1009.3954
1549566600623,1009.3954
1549566600660,1009.39215
1549566600699,1009.39215
1549566600740,1009.39215
1549566600775,1009.39215
1549566600813,1009.3779
1549566600852,1009.3779
1549566600891,1009.3779
1549566600930,1009.3779
1549566600968,1009.3884
1549566601006,1009.3884
1549566601045,1009.3884
1549566601096,1009.3884
1549566601129,1009.3709
1549566601159,1009.3709
1549566601198,1009.3709
1549566601239,1009.3709
1549566601275,1009.3799
1549566601315,1009.3799
1549566601351,1009.3799
1549566601392,1009.3799
1549566601430,1009.3595
1549566601467,1009.3595
1549566601506,1009.3595
1549566601545,1009.3595
1549566601583,1009.3505
1549566601623,1009.3505
1549566601662,1009.3505
1549566601699,1009.3505
1549566601738,1009.3505
1549566601776,1009.35254
1549566601815,1009.35254
1549566601852,1009.35254
1549566601891,1009.35254
1549566601932,1009.3407
1549566601968,1009.3407
1549566602014,1009.3407
1549566602044,1009.3407
1549566602082,1009.33984
1549566602121,1009.33984
1549566602160,1009.33984
1549566602198,1009.33984
1549566602237,1009.3594
1549566602276,1009.3594
1549566602315,1009.3594
1549566602352,1009.3594
1549566602391,1009.3443
1549566602431,1009.3443
1549566602468,1009.3443
1549566602506,1009.3443
1549566602544,1009.3321
1549566602586,1009.3321
1549566602621,1009.3321
1549566602661,1009.3321
1549566602699,1009.3365
1549566602737,1009.3365
1549566602777,1009.3365
1549566602815,1009.3365
1549566602854,1009.33527
1549566602891,1009.33527
1549566602930,1009.33527
1549566602968,1009.33527
1549566603006,1009.33527
1549566603048,1009.3487
1549566603154,1009.3487
1549566603154,1009.3487
1549566603179,1009.3487
1549566603227,1009.34985
1549566603242,1009.34985
1549566603274,1009.34985
1549566603316,1009.34985
1549566603353,1009.3666
1549566603391,1009.3666
1549566603429,1009.3666
1549566603467,1009.3666
1549566603510,1009.3686
1549566603545,1009.3686
1549566603583,1009.3686
1549566603625,1009.3686
1549566603661,1009.3486
1549566603698,1009.3486
1549566603736,1009.3486
1549566603778,1009.3486
1549566603813,1009.3331
1549566603852,1009.3331
1549566603891,1009.3331
1549566603931,1009.3331
1549566603968,1009.33514
1549566604011,1009.33514
1549566604046,1009.33514
1549566604082,1009.33514
1549566604124,1009.33514
1549566604162,1009.33466
1549566604207,1009.33466
1549566604237,1009.33466
1549566604280,1009.33466
1549566604314,1009.33185
1549566604353,1009.33185
1549566604392,1009.33185
1549566604433,1009.33185
1549566604469,1009.3485
1549566604508,1009.3485
1549566604545,1009.3485
1549566604583,1009.3485
1549566604623,1009.3583
1549566604661,1009.3583
1549566604708,1009.3583
1549566604738,1009.3583
1549566604775,1009.331
1549566604813,1009.331
1549566604851,1009.331
1549566604894,1009.331
1549566604934,1009.31104
1549566604967,1009.31104
1549566605007,1009.31104
1549566605048,1009.31104
1549566605085,1009.30164
1549566605158,1009.30164
1549566605187,1009.30164
1549566605305,1009.30164
1549566605306,1009.2979
1549566605306,1009.2979
1549566605313,1009.2979
1549566605354,1009.2979
1549566605389,1009.2979
1549566605428,1009.32764
1549566605471,1009.32764
1549566605507,1009.32764
1549566605546,1009.32764
1549566605582,1009.302
1549566605620,1009.302
1549566605659,1009.302
1549566605698,1009.302
1549566605740,1009.2885
1549566605775,1009.2885
1549566605813,1009.2885
1549566605851,1009.2885
1549566605890,1009.29175
1549566605928,1009.29175
1549566605967,1009.29175
1549566606006,1009.29175
1549566606054,1009.28406
1549566606084,1009.28406
1549566606123,1009.28406
1549566606160,1009.28406
1549566606198,1009.2926
1549566606237,1009.2926
1549566606280,1009.2926
1549566606314,1009.2926
1549566606351,1009.2946
1549566606391,1009.2946
1549566606427,1009.2946
1549566606467,1009.2946
1549566606506,1009.3076
1549566606545,1009.3076
1549566606583,1009.3076
1549566606625,1009.3076
1549566606660,1009.3076
1549566606700,1009.29504
1549566606736,1009.29504
1549566606775,1009.29504
1549566606819,1009.29504
1549566606855,1009.2897
1549566606889,1009.2897
1549566606928,1009.2897
1549566606967,1009.2897
1549566607006,1009.29004
1549566607044,1009.29004
1549566607085,1009.29004
1549566607120,1009.29004
1549566607181,1009.29047
1549566607198,1009.29047
1549566607236,1009.29047
1549566607276,1009.29047
1549566607314,1009.29126
1549566607350,1009.29126
1549566607389,1009.29126
1549566607428,1009.29126
1549566607471,1009.2864
1549566607507,1009.2864
1549566607545,1009.2864
1549566607588,1009.2864
1549566607620,1009.28516
1549566607660,1009.28516
1549566607699,1009.28516
1549566607735,1009.28516
1549566607775,1009.28394
1549566607813,1009.28394
1549566607853,1009.28394
1549566607893,1009.28394
1549566607929,1009.28394
1549566607966,1009.2872
1549566608009,1009.2872
1549566608044,1009.2872
1549566608082,1009.2872
1549566608125,1009.2892
1549566608159,1009.2892
1549566608201,1009.2892
1549566608236,1009.2892
1549566608277,1009.2843
1549566608312,1009.2843
1549566608351,1009.2843
1549566608389,1009.2843
1549566608428,1009.2876
1549566608466,1009.2876
1549566608507,1009.2876
1549566608545,1009.2876
1549566608582,1009.2769
1549566608621,1009.2769
1549566608660,1009.2769
1549566608699,1009.2769
1549566608737,1009.2704
1549566608777,1009.2704
1549566608815,1009.2704
1549566608850,1009.2704
1549566608890,1009.2704
1549566608929,1009.2704
1549566608969,1009.2704
1549566609004,1009.2704
1549566609045,1009.2769
1549566609084,1009.2769
1549566609122,1009.2769
1549566609160,1009.2769
1549566609198,1009.2769
1549566609237,1009.2769
1549566609275,1009.2769
1549566609316,1009.2769
1549566609370,1009.2769
1549566609392,1009.2676
1549566609433,1009.2676
1549566609467,1009.2676
1549566609505,1009.2676
1549566609546,1009.2582
1549566609583,1009.2582
1549566609622,1009.2582
1549566609661,1009.2582
1549566609699,1009.2533
1549566609735,1009.2533
1549566609774,1009.2533
1549566609817,1009.2533
1549566609852,1009.2518
1549566609888,1009.2518
1549566609928,1009.2518
1549566609966,1009.2518
1549566610007,1009.25867
1549566610044,1009.25867
1549566610081,1009.25867
1549566610120,1009.25867
1549566610158,1009.24567
1549566610198,1009.24567
1549566610237,1009.24567
1549566610274,1009.24567
1549566610315,1009.24316
1549566610350,1009.24316
1549566610389,1009.24316
1549566610428,1009.24316
1549566610466,1009.24316
1549566610507,1009.2468
1549566610543,1009.2468
1549566610582,1009.2468
1549566610621,1009.2468
1549566610658,1009.24884
1549566610698,1009.24884
1549566610736,1009.24884
1549566610780,1009.24884
1549566610813,1009.23584
1549566610851,1009.23584
1549566610890,1009.23584
1549566610927,1009.23584
1549566610967,1009.23584
1549566611006,1009.23584
1549566611045,1009.23584
1549566611082,1009.23584
1549566611119,1009.22485
1549566611159,1009.22485
1549566611202,1009.22485
1549566611236,1009.22485
1549566611275,1009.21747
1549566611312,1009.21747
1549566611355,1009.21747
1549566611388,1009.21747
1549566611429,1009.2179
1549566611466,1009.2179
1549566611504,1009.2179
1549566611544,1009.2179
1549566611581,1009.2179
1549566611620,1009.2228
1549566611660,1009.2228
1549566611698,1009.2228
1549566611738,1009.2228
1549566611775,1009.215
1549566611812,1009.215
1549566611851,1009.215
1549566611890,1009.215
1549566611928,1009.2138
1549566611966,1009.2138
1549566612005,1009.2138
1549566612045,1009.2138
1549566612087,1009.2138
1549566612119,1009.2138
1549566612158,1009.2138
1549566612199,1009.2138
1549566612235,1009.21454
1549566612274,1009.21454
1549566612314,1009.21454
1549566612354,1009.21454
1549566612391,1009.2182
1549566612430,1009.2182
1549566612468,1009.2182
1549566612504,1009.2182
1549566612543,1009.217
1549566612582,1009.217
1549566612623,1009.217
1549566612659,1009.217
1549566612698,1009.21533
1549566612737,1009.21533
1549566612774,1009.21533
1549566612813,1009.21533
1549566612852,1009.21533
1549566612889,1009.20966
1549566612927,1009.20966
1549566612966,1009.20966
1549566613007,1009.20966
1549566613042,1009.208
1549566613081,1009.208
1549566613121,1009.208
1549566613158,1009.208
1549566613197,1009.20386
1549566613234,1009.20386
1549566613276,1009.20386
1549566613311,1009.20386
1549566613352,1009.20715
1549566613389,1009.20715
1549566613428,1009.20715
1549566613466,1009.20715
1549566613505,1009.2218
1549566613544,1009.2218
1549566613580,1009.2218
1549566613620,1009.2218
1549566613659,1009.2238
1549566613696,1009.2238
1549566613734,1009.2238
1549566613772,1009.2238
1549566613813,1009.21814
1549566613852,1009.21814
1549566613890,1009.21814
1549566613939,1009.21814
1549566613967,1009.2067
1549566614004,1009.2067
1549566614043,1009.2067
1549566614084,1009.2067
1549566614119,1009.2067
1549566614159,1009.201
1549566614197,1009.201
1549566614236,1009.201
1549566614274,1009.201
1549566614317,1009.203
1549566614349,1009.203
1549566614388,1009.203
1549566614429,1009.203
1549566614466,1009.1758
1549566614503,1009.1758
1549566614542,1009.1758
1549566614584,1009.1758
1549566614619,1009.17737
1549566614658,1009.17737
1549566614697,1009.17737
1549566614738,1009.17737
1549566614775,1009.18066
1549566614817,1009.18066
1549566614850,1009.18066
1549566614889,1009.18066
1549566614930,1009.17615
1549566614966,1009.17615
1549566615005,1009.17615
1549566615041,1009.17615
1549566615081,1009.1785
1549566615119,1009.1785
1549566615156,1009.1785
1549566615195,1009.1785
1549566615234,1009.16266
1549566615272,1009.16266
1549566615310,1009.16266
1549566615348,1009.16266
1549566615388,1009.16266
1549566615425,1009.16473
1549566615465,1009.16473
1549566615504,1009.16473
1549566615545,1009.16473
1549566615581,1009.18097
1549566615620,1009.18097
1549566615657,1009.18097
1549566615696,1009.18097
1549566615738,1009.17163
1549566615772,1009.17163
1549566615811,1009.17163
1549566615850,1009.17163
1549566615888,1009.1659
1549566615928,1009.1659
1549566615965,1009.1659
1549566616004,1009.1659
1549566616047,1009.17444
1549566616079,1009.17444
1549566616119,1009.17444
1549566616157,1009.17444
1549566616199,1009.1679
1549566616238,1009.1679
1549566616272,1009.1679
1549566616313,1009.1679
1549566616354,1009.1537
1549566616387,1009.1537
1549566616427,1009.1537
1549566616466,1009.1537
1549566616505,1009.14105
1549566616543,1009.14105
1549566616580,1009.14105
1549566616619,1009.14105
1549566616658,1009.14105
1549566616697,1009.1443
1549566616738,1009.1443
1549566616772,1009.1443
1549566616811,1009.1443
1549566616861,1009.1382
1549566616887,1009.1382
1549566616925,1009.1382
1549566616966,1009.1382
1549566617003,1009.1415
1549566617043,1009.1415
1549566617083,1009.1415
1549566617119,1009.1415
1549566617160,1009.1438
1549566617195,1009.1438
1549566617237,1009.1438
1549566617273,1009.1438
1549566617312,1009.1487
1549566617351,1009.1487
1549566617389,1009.1487
1549566617427,1009.1487
1549566617466,1009.1373
1549566617503,1009.1373
1549566617544,1009.1373
1549566617580,1009.1373
1549566617619,1009.12427
1549566617656,1009.12427
1549566617695,1009.12427
1549566617734,1009.12427
1549566617773,1009.12427
1549566617812,1009.12756
1549566617849,1009.12756
1549566617887,1009.12756
1549566617926,1009.12756
1549566617966,1009.1231
1549566618003,1009.1231
1549566618043,1009.1231
1549566618080,1009.1231
1549566618119,1009.1199
1549566618158,1009.1199
1549566618196,1009.1199
1549566618236,1009.1199
1549566618277,1009.1279
1549566618311,1009.1279
1549566618353,1009.1279
1549566618387,1009.1279
1549566618427,1009.12634
1549566618468,1009.12634
1549566618506,1009.12634
1549566618541,1009.12634
1549566618580,1009.1328
1549566618618,1009.1328
1549566618657,1009.1328
1549566618696,1009.1328
1549566618735,1009.1373
1549566618774,1009.1373
1549566618811,1009.1373
1549566618852,1009.1373
1549566618886,1009.1178
1549566618925,1009.1178
1549566618966,1009.1178
1549566619004,1009.1178
1549566619042,1009.1178
1549566619081,1009.1178
1549566619118,1009.1178
1549566619157,1009.1178
1549566619197,1009.1178
1549566619234,1009.12195
1549566619273,1009.12195
1549566619311,1009.12195
1549566619352,1009.12195
1549566619386,1009.1134
1549566619426,1009.1134
1549566619463,1009.1134
1549566619503,1009.1134
1549566619542,1009.1069
1549566619580,1009.1069
1549566619620,1009.1069
1549566619656,1009.1069
1549566619697,1009.1113
1549566619734,1009.1113
1549566619772,1009.1113
1549566619809,1009.1113
1549566619851,1009.09467
1549566619888,1009.09467
1549566619927,1009.09467
1549566619964,1009.09467
1549566620004,1009.07513
1549566620041,1009.07513
1549566620080,1009.07513
1549566620118,1009.07513
1549566620156,1009.07355
1549566620196,1009.07355
1549566620234,1009.07355
1549566620272,1009.07355
1549566620315,1009.07355
1549566620353,1009.07477
1549566620386,1009.07477
1549566620427,1009.07477
1549566620464,1009.07477
1549566620505,1009.0666
1549566620541,1009.0666
1549566620579,1009.0666
1549566620619,1009.0666
1549566620656,1009.06335
1549566620695,1009.06335
1549566620735,1009.06335
1549566620772,1009.06335
1549566620810,1009.0691
1549566620849,1009.0691
1549566620885,1009.0691
1549566620928,1009.0691
1549566620965,1009.0626
1549566621003,1009.0626
1549566621041,1009.0626
1549566621079,1009.0626
1549566621119,1009.05444
1549566621158,1009.05444
1549566621195,1009.05444
1549566621235,1009.05444
1549566621273,1009.0508
1549566621311,1009.0508
1549566621351,1009.0508
1549566621386,1009.0508
1549566621425,1009.04266
1549566621466,1009.04266
1549566621505,1009.04266
1549566621540,1009.04266
1549566621579,1009.04266
1549566621617,1009.039
1549566621655,1009.039
1549566621696,1009.039
1549566621735,1009.039
1549566621771,1009.0309
1549566621811,1009.0309
1549566621850,1009.0309
1549566621887,1009.0309
1549566621926,1009.0227
1549566621963,1009.0227
1549566622001,1009.0227
1549566622041,1009.0227
1549566622080,1009.0211
1549566622118,1009.0211
1549566622156,1009.0211
1549566622194,1009.0211
1549566622233,1009.0256
1549566622271,1009.0256
1549566622310,1009.0256
1549566622350,1009.0256
1549566622394,1009.0239
1549566622426,1009.0239
1549566622466,1009.0239
1549566622501,1009.0239
1549566622540,1009.0216
1549566622580,1009.0216
1549566622617,1009.0216
1549566622658,1009.0216
1549566622695,1009.01184
1549566622734,1009.01184
1549566622771,1009.01184
1549566622811,1009.01184
1549566622849,1009.01184
1549566622888,1009.0082
1549566622925,1009.0082
1549566622964,1009.0082
1549566623002,1009.0082
1549566623039,1009.0
1549566623079,1009.0
1549566623118,1009.0
1549566623158,1009.0
1549566623195,1009.0
1549566623233,1009.0
1549566623271,1009.0
1549566623310,1009.0
1549566623349,1008.99963
1549566623388,1008.99963
1549566623425,1008.99963
1549566623467,1008.99963
1549566623500,1008.99963
1549566623541,1008.99963
1549566623580,1008.99963
1549566623619,1008.99963
1549566623655,1009.01587
1549566623695,1009.01587
1549566623732,1009.01587
1549566623771,1009.01587
1549566623811,1008.985
1549566623849,1008.985
1549566623886,1008.985
1549566623927,1008.985
1549566623963,1008.9801
1549566624001,1008.9801
1549566624040,1008.9801
1549566624079,1008.9801
1549566624117,1008.9801
1549566624157,1008.9768
1549566624193,1008.9768
1549566624232,1008.9768
1549566624271,1008.9768
1549566624309,1008.9752
1549566624347,1008.9752
1549566624387,1008.9752
1549566624425,1008.9752
1549566624463,1008.97034
1549566624507,1008.97034
1549566624540,1008.97034
1549566624578,1008.97034
1549566624621,1008.9719
1549566624657,1008.9719
1549566624694,1008.9719
1549566624736,1008.9719
1549566624771,1008.9736
1549566624810,1008.9736
1549566624847,1008.9736
1549566624886,1008.9736
1549566624928,1008.9736
1549566624963,1008.9736
1549566625002,1008.9736
1549566625040,1008.9736
1549566625078,1008.96545
1549566625118,1008.96545
1549566625158,1008.96545
1549566625195,1008.96545
1549566625233,1008.96545
1549566625271,1008.95404
1549566625309,1008.95404
1549566625347,1008.95404
1549566625391,1008.95404
1549566625424,1008.9719
1549566625464,1008.9719
1549566625503,1008.9719
1549566625539,1008.9719
1549566625579,1008.9638
1549566625617,1008.9638
1549566625656,1008.9638
1549566625693,1008.9638
1549566625731,1008.9606
1549566625770,1008.9606
1549566625815,1008.9606
1549566625847,1008.9606
1549566625886,1008.965
1549566625925,1008.965
1549566625962,1008.965
1549566626001,1008.965
1549566626040,1008.96014
1549566626079,1008.96014
1549566626116,1008.96014
1549566626155,1008.96014
1549566626194,1008.94714
1549566626231,1008.94714
1549566626270,1008.94714
1549566626309,1008.94714
1549566626349,1008.94226
1549566626388,1008.94226
1549566626424,1008.94226
1549566626463,1008.94226
1549566626501,1008.94226
1549566626539,1008.9374
1549566626582,1008.9374
1549566626620,1008.9374
1549566626658,1008.9374
1549566626695,1008.93896
1549566626731,1008.93896
1549566626773,1008.93896
1549566626808,1008.93896
1549566626847,1008.9313
1549566626887,1008.9313
1549566626923,1008.9313
1549566626962,1008.9313
1549566627002,1008.9276
1549566627040,1008.9276
1549566627077,1008.9276
1549566627118,1008.9276
1549566627156,1008.9182
1549566627194,1008.9182
1549566627233,1008.9182
1549566627270,1008.9182
1549566627312,1008.9243
1549566627349,1008.9243
1549566627394,1008.9243
1549566627424,1008.9243
1549566627461,1008.9211
1549566627501,1008.9211
1549566627539,1008.9211
1549566627578,1008.9211
1549566627618,1008.92596
1549566627655,1008.92596
1549566627696,1008.92596
1549566627730,1008.92596
1549566627769,1008.92596
1549566627809,1008.93335
1549566627847,1008.93335
1549566627885,1008.93335
1549566627924,1008.93335
1549566627961,1008.93823
1549566628001,1008.93823
1549566628039,1008.93823
1549566628079,1008.93823
1549566628116,1008.92847
1549566628156,1008.92847
1549566628194,1008.92847
1549566628234,1008.92847
1549566628271,1008.92035
1549566628310,1008.92035
1549566628345,1008.92035
1549566628388,1008.92035
1549566628423,1008.92645
1549566628461,1008.92645
1549566628501,1008.92645
1549566628542,1008.92645
1549566628582,1008.9309
1549566628617,1008.9309
1549566628655,1008.9309
1549566628694,1008.9309
1549566628733,1008.9228
1549566628771,1008.9228
1549566628808,1008.9228
1549566628847,1008.9228
1549566628887,1008.9191
1549566628924,1008.9191
1549566628961,1008.9191
1549566629002,1008.9191
1549566629039,1008.9191
1549566629078,1008.91425
1549566629117,1008.91425
1549566629155,1008.91425
1549566629192,1008.91425
1549566629230,1008.9065
1549566629270,1008.9065
1549566629307,1008.9065
1549566629347,1008.9065
1549566629396,1008.9061
1549566629424,1008.9061
1549566629462,1008.9061
1549566629501,1008.9061
1549566629542,1008.8996
1549566629578,1008.8996
1549566629614,1008.8996
1549566629653,1008.8996
1549566629691,1008.89795
1549566629730,1008.89795
1549566629770,1008.89795
1549566629810,1008.89795
1549566629848,1008.8915
1549566629886,1008.8915
1549566629924,1008.8915
1549566629960,1008.8915
1549566630001,1008.8939
1549566630040,1008.8939
1549566630078,1008.8939
1549566630119,1008.8939
1549566630154,1008.89514
1549566630193,1008.89514
1549566630231,1008.89514
1549566630269,1008.89514
1549566630307,1008.89514
1549566630346,1008.88824
1549566630384,1008.88824
1549566630423,1008.88824
1549566630462,1008.88824
1549566630502,1008.87805
1549566630539,1008.87805
1549566630577,1008.87805
1549566630616,1008.87805
1549566630654,1008.8744
1549566630694,1008.8744
1549566630730,1008.8744
1549566630770,1008.8744
1549566630809,1008.8672
1549566630846,1008.8672
1549566630884,1008.8672
1549566630923,1008.8672
1549566630963,1008.8749
1549566631001,1008.8749
1549566631044,1008.8749
1549566631079,1008.8749
1549566631115,1008.8761
1549566631153,1008.8761
1549566631193,1008.8761
1549566631232,1008.8761
1549566631279,1008.8822
1549566631307,1008.8822
1549566631344,1008.8822
1549566631385,1008.8822
1549566631424,1008.8766
1549566631460,1008.8766
1549566631502,1008.8766
1549566631537,1008.8766
1549566631575,1008.8766
1549566631617,1008.8896
1549566631652,1008.8896
1549566631692,1008.8896
1549566631731,1008.8896
1549566631771,1008.8904
1549566631808,1008.8904
1549566631849,1008.8904
1549566631886,1008.8904
1549566631927,1008.90466
1549566631961,1008.90466
1549566632000,1008.90466
1549566632038,1008.90466
1549566632077,1008.9055
1549566632116,1008.9055
1549566632154,1008.9055
1549566632193,1008.9055
1549566632233,1008.90515
1549566632271,1008.90515
1549566632307,1008.90515
1549566632347,1008.90515
1549566632385,1008.90015
1549566632426,1008.90015
1549566632464,1008.90015
1549566632500,1008.90015
1549566632539,1008.90466
1549566632579,1008.90466
1549566632615,1008.90466
1549566632654,1008.90466
1549566632694,1008.91113
1549566632730,1008.91565
1549566632768,1008.91565
1549566632807,1008.91565
1549566632847,1008.91565
1549566632886,1008.91
1549566632923,1008.91
1549566632966,1008.91
1549566632998,1008.91
1549566633038,1008.9015
1549566633077,1008.9015
1549566633115,1008.9015
1549566633153,1008.9015
1549566633195,1008.8978
1549566633230,1008.8978
1549566633269,1008.8978
1549566633309,1008.8978
1549566633345,1008.9027
1549566633386,1008.9027
1549566633422,1008.9027
1549566633461,1008.9027
1549566633499,1008.8994
1549566633538,1008.8994
1549566633577,1008.8994
1549566633616,1008.8994
1549566633653,1008.90393
1549566633693,1008.90393
1549566633730,1008.90393
1549566633770,1008.90393
1549566633806,1008.90063
1549566633846,1008.90063
1549566633890,1008.90063
1549566633925,1008.90063
1549566633960,1008.90063
1549566633999,1008.8917
1549566634040,1008.8917
1549566634078,1008.8917
1549566634115,1008.8917
1549566634154,1008.89014
1549566634191,1008.89014
1549566634233,1008.89014
1549566634268,1008.89014
1549566634307,1008.8783
1549566634348,1008.8783
1549566634386,1008.8783
1549566634422,1008.8783
1549566634461,1008.8795
1549566634499,1008.8795
1549566634539,1008.8795
1549566634580,1008.8795
1549566634616,1008.87915
1549566634654,1008.87915
1549566634691,1008.87915
1549566634729,1008.87915
1549566634769,1008.88
1549566634806,1008.88
1549566634845,1008.88
1549566634883,1008.88
1549566634923,1008.8719
1549566634960,1008.8719
1549566635001,1008.8719
1549566635038,1008.8719
1549566635076,1008.85724
1549566635114,1008.85724
1549566635152,1008.85724
1549566635191,1008.85724
1549566635230,1008.85724
1549566635269,1008.85034
1549566635309,1008.85034
1549566635348,1008.85034
1549566635382,1008.85034
1549566635425,1008.8536
1549566635460,1008.8536
1549566635499,1008.8536
1549566635536,1008.8536
1549566635576,1008.86334
1549566635615,1008.86334
1549566635653,1008.86334
1549566635694,1008.86334
1549566635728,1008.878
1549566635768,1008.878
1549566635807,1008.878
1549566635845,1008.878
1549566635884,1008.85803
1549566635933,1008.85803
1549566635961,1008.85803
1549566635998,1008.85803
1549566636038,1008.84503
1549566636075,1008.84503
1549566636116,1008.84503
1549566636153,1008.84503
1549566636194,1008.84625
1549566636231,1008.84625
1549566636268,1008.84625
1549566636307,1008.84625
1549566636346,1008.83325
1549566636384,1008.83325
1549566636425,1008.83325
1549566636459,1008.83325
1549566636499,1008.83325
1549566636537,1008.83484
1549566636575,1008.83484
1549566636614,1008.83484
1549566636654,1008.83484
1549566636694,1008.8267
1549566636730,1008.8267
1549566636767,1008.8267
1549566636806,1008.8267
1549566636847,1008.8234
1549566636884,1008.8234
1549566636922,1008.8234
1549566636961,1008.8234
1549566637000,1008.8328
1549566637037,1008.8328
1549566637076,1008.8328
1549566637119,1008.8328
1549566637153,1008.823
1549566637190,1008.823
1549566637229,1008.823
1549566637269,1008.823
1549566637307,1008.8239
1549566637346,1008.8239
1549566637383,1008.8239
1549566637426,1008.8239
1549566637460,1008.8207
1549566637498,1008.8207
1549566637538,1008.8207
1549566637576,1008.8207
1549566637614,1008.83
1549566637652,1008.83
1549566637724,1008.83
1549566637745,1008.83
1549566637767,1008.83
1549566637808,1008.83325
1549566637844,1008.83325
1549566637882,1008.83325
1549566637921,1008.83325
1549566637967,1008.82025
1549566637998,1008.82025
1549566638036,1008.82025
1549566638076,1008.82025
1549566638170,1008.8137
1549566638170,1008.8137
1549566638192,1008.8137
1549566638227,1008.8137
1549566638280,1008.828
1549566638305,1008.828
1549566638344,1008.828
1549566638384,1008.828
1549566638420,1008.841
1549566638464,1008.841
1549566638512,1008.841
1549566638536,1008.841
1549566638580,1008.8361
1549566638614,1008.8361
1549566638650,1008.8361
1549566638768,1008.8276
1549566638768,1008.8276
1549566638805,1008.8276
1549566638843,1008.8276
1549566638890,1008.8406
1549566638920,1008.8406
1549566638958,1008.8406
1549566639012,1008.8406
1549566639035,1008.8406
1549566639075,1008.8406
1549566639116,1008.8406
1549566639158,1008.8406
1549566639190,1008.83984
1549566639230,1008.83984
1549566639267,1008.83984
1549566639307,1008.83984
1549566639344,1008.83984
1549566639381,1008.82355
1549566639427,1008.82355
1549566639459,1008.82355
1549566639507,1008.82355
1549566639535,1008.8276
1549566639574,1008.8276
1549566639618,1008.8276
1549566639652,1008.8276
1549566639690,1008.81866
1549566639730,1008.81866
1549566639766,1008.81866
1549566639805,1008.81866
1549566639845,1008.826
1549566639884,1008.826
1549566639929,1008.826
1549566639960,1008.826
1549566639998,1008.8272
1549566640035,1008.8272
1549566640074,1008.8272
1549566640113,1008.8272
1549566640154,1008.8321
1549566640190,1008.8321
1549566640227,1008.8321
1549566640266,1008.8321
1549566640305,1008.8326
1549566640344,1008.8326
1549566640382,1008.8326
1549566640420,1008.8326
1549566640460,1008.82605
1549566640496,1008.82605
1549566640535,1008.82605
1549566640579,1008.82605
1549566640611,1008.82605
1549566640652,1008.83215
1549566640689,1008.83215
1549566640731,1008.83215
1549566640833,1008.83215
1549566640834,1008.84155
1549566640845,1008.84155
1549566640882,1008.84155
1549566640921,1008.84155
1549566640960,1008.84076
1549566640997,1008.84076
1549566641036,1008.84076
1549566641074,1008.84076
1549566641114,1008.8432
1549566641152,1008.8432
1549566641190,1008.8432
1549566641229,1008.8432
1549566641267,1008.84766
1549566641306,1008.84766
1549566641344,1008.84766
1549566641383,1008.84766
1549566641425,1008.84564
1549566641460,1008.84564
1549566641497,1008.84564
1549566641536,1008.84564
1549566641575,1008.8445
1549566641624,1008.8445
1549566641655,1008.8445
1549566641689,1008.8445
1549566641728,1008.8485
1549566641766,1008.8485
1549566641806,1008.8485
1549566641844,1008.8485
1549566641884,1008.8485
1549566641921,1008.8494
1549566641960,1008.8494
1549566642002,1008.8494
1549566642037,1008.8494
1549566642074,1008.85187
1549566642115,1008.85187
1549566642150,1008.85187
1549566642189,1008.85187
1549566642228,1008.8458
1549566642268,1008.8458
1549566642307,1008.8458
1549566642347,1008.8458
1549566642381,1008.84863
1549566642425,1008.84863
1549566642460,1008.84863
1549566642496,1008.84863
1549566642536,1008.86084
1549566642573,1008.86084
1549566642615,1008.86084
1549566642651,1008.86084
1549566642689,1008.8523
1549566642731,1008.8523
1549566642766,1008.8523
1549566642808,1008.8523
1549566642843,1008.8544
1549566642882,1008.8544
1549566642923,1008.8544
1549566642957,1008.8544
1549566643000,1008.8475
1549566643035,1008.8475
1549566643075,1008.8475
1549566643112,1008.8475
1549566643150,1008.8475
1549566643189,1008.8487
1549566643232,1008.8487
1549566643265,1008.8487
1549566643304,1008.8487
1549566643343,1008.8492
1549566643384,1008.8492
1549566643421,1008.8492
1549566643464,1008.8492
1549566643497,1008.8394
1549566643539,1008.8394
1549566643573,1008.8394
1549566643614,1008.8394
1549566643650,1008.84344
1549566643692,1008.84344
1549566643730,1008.84344
1549566643767,1008.84344
1549566643804,1008.8346
1549566643844,1008.8346
1549566643881,1008.8346
1549566643919,1008.8346
1549566643957,1008.8484
1549566643995,1008.8484
1549566644034,1008.8484
1549566644073,1008.8484
1549566644111,1008.848
1549566644151,1008.848
1549566644190,1008.848
1549566644227,1008.848
1549566644266,1008.848
1549566644306,1008.84235
1549566644343,1008.84235
1549566644381,1008.84235
1549566644419,1008.84235
1549566644459,1008.8342
1549566644497,1008.8342
1549566644536,1008.8342
1549566644573,1008.8342
1549566644613,1008.8513
1549566644652,1008.8513
1549566644688,1008.8513
1549566644728,1008.8513
1549566644776,1008.84314
1549566644806,1008.84314
1549566644843,1008.84314
1549566644881,1008.84314
1549566644928,1008.8497
1549566644958,1008.8497
1549566644997,1008.8497
1549566645035,1008.8497
1549566645073,1008.84436
1549566645113,1008.84436
1549566645151,1008.84436
1549566645189,1008.84436
1549566645227,1008.8395
1549566645266,1008.8395
1549566645309,1008.8395
1549566645347,1008.8395
1549566645381,1008.8395
1549566645419,1008.8395
1549566645459,1008.8395
1549566645497,1008.8395
1549566645534,1008.8395
1549566645573,1008.844
1549566645613,1008.844
1549566645650,1008.844
1549566645689,1008.844
1549566645727,1008.83997
1549566645766,1008.83997
1549566645807,1008.83997
1549566645844,1008.83997
1549566645880,1008.8367
1549566645919,1008.8367
1549566645960,1008.8367
1549566645996,1008.8367
1549566646036,1008.8249
1549566646072,1008.8249
1549566646113,1008.8249
1549566646150,1008.8249
1549566646189,1008.833
1549566646226,1008.833
1549566646265,1008.833
1549566646306,1008.833
1549566646342,1008.8342
1549566646382,1008.8342
1549566646419,1008.8342
1549566646458,1008.8342
1549566646502,1008.8229
1549566646535,1008.8229
1549566646573,1008.8229
1549566646612,1008.8229
1549566646651,1008.8257
1549566646688,1008.8257
1549566646738,1008.8257
1549566646769,1008.8257
1549566646804,1008.8257
1549566646842,1008.8241
1549566646882,1008.8241
1549566646919,1008.8241
1549566646957,1008.8241
1549566646999,1008.82825
1549566647034,1008.82825
1549566647073,1008.82825
1549566647112,1008.82825
1549566647150,1008.82007
1549566647188,1008.82007
1549566647228,1008.82007
1549566647267,1008.82007
1549566647304,1008.8245
1549566647355,1008.8245
1549566647381,1008.8245
1549566647419,1008.8245
1549566647458,1008.8274
1549566647499,1008.8274
1549566647539,1008.8274
1549566647572,1008.8274
1549566647611,1008.82574
1549566647650,1008.82574
1549566647688,1008.82574
1549566647728,1008.82574
1549566647766,1008.816
1549566647804,1008.816
1549566647842,1008.816
1549566647881,1008.816
1549566647919,1008.8034
1549566647960,1008.8034
1549566647997,1008.8034
1549566648038,1008.8034
1549566648076,1008.8034
1549566648111,1008.8042
1549566648150,1008.8042
1549566648209,1008.8042
1549566648238,1008.8042
1549566648267,1008.80255
1549566648302,1008.80255
1549566648344,1008.80255
1549566648381,1008.80255
1549566648424,1008.8009
1549566648458,1008.8009
1549566648497,1008.8009
1549566648533,1008.8009
1549566648572,1008.80743
1549566648611,1008.80743
1549566648650,1008.80743
1549566648687,1008.80743
1549566648730,1008.81885
1549566648766,1008.81885
1549566648802,1008.81885
1549566648842,1008.81885
1549566648881,1008.81396
1549566648919,1008.81396
1549566648957,1008.81396
1549566648996,1008.81396
1549566649035,1008.8091
1549566649072,1008.8091
1549566649119,1008.8091
1549566649149,1008.8091
1549566649187,1008.7993
1549566649226,1008.7993
1549566649265,1008.7993
1549566649309,1008.7993
1549566649341,1008.7993
1549566649380,1008.79443
1549566649420,1008.79443
1549566649465,1008.79443
1549566649496,1008.79443
1549566649534,1008.78503
1549566649573,1008.78503
1549566649612,1008.78503
1549566649650,1008.78503
1549566649689,1008.7769
1549566649726,1008.7769
1549566649769,1008.7769
1549566649803,1008.7769
1549566649841,1008.77856
1549566649881,1008.77856
1549566649918,1008.77856
1549566649956,1008.77856
1549566649995,1008.7769
1549566650033,1008.7769
1549566650072,1008.7769
1549566650110,1008.7769
1549566650150,1008.7737
1549566650189,1008.7737
1549566650229,1008.7737
1549566650265,1008.7737
1549566650302,1008.7737
1549566650341,1008.7737
1549566650380,1008.7737
1549566650419,1008.7737
1549566650457,1008.7688
1549566650499,1008.7688
1549566650535,1008.7688
1549566650571,1008.7688
1549566650611,1008.7688
1549566650650,1008.7688
1549566650689,1008.7688
1549566650727,1008.7688
1549566650766,1008.7688
1549566650803,1008.77325
1549566650841,1008.77325
1549566650881,1008.77325
1549566650918,1008.77325
1549566650958,1008.7684
1549566650996,1008.7684
1549566651036,1008.7684
1549566651073,1008.7684
1549566651120,1008.77325
1549566651148,1008.77325
1549566651186,1008.77325
1549566651226,1008.77325
1549566651266,1008.7667
1549566651303,1008.7667
1549566651349,1008.7667
1549566651386,1008.7667
1549566651418,1008.7725
1549566651456,1008.7725
1549566651494,1008.7725
1549566651534,1008.7725
1549566651574,1008.7786
1549566651610,1008.7786
1549566651650,1008.7786
1549566651687,1008.7786
1549566651726,1008.78186
1549566651765,1008.78186
1549566651805,1008.78186
1549566651840,1008.78186
1549566651879,1008.78186
1549566651918,1008.7884
1549566651960,1008.7884
1549566651994,1008.7884
1549566652034,1008.7884
1549566652072,1008.7851
1549566652114,1008.7851
1549566652148,1008.7851
1549566652187,1008.7851
1549566652227,1008.7782
1549566652265,1008.7782
1549566652305,1008.7782
1549566652343,1008.7782
1549566652380,1008.77167
1549566652418,1008.77167
1549566652460,1008.77167
1549566652495,1008.77167
1549566652533,1008.768
1549566652574,1008.768
1549566652610,1008.768
1549566652649,1008.768
1549566652686,1008.766
1549566652728,1008.766
1549566652763,1008.766
1549566652802,1008.766
1549566652840,1008.76685
1549566652879,1008.76685
1549566652918,1008.76685
1549566652956,1008.76685
1549566652995,1008.76196
1549566653036,1008.76196
1549566653071,1008.76196
1549566653112,1008.76196
1549566653148,1008.76196
1549566653189,1008.75665
1549566653230,1008.75665
1549566653264,1008.75665
1549566653304,1008.75665
1549566653342,1008.7563
1549566653379,1008.7563
1549566653418,1008.7563
1549566653456,1008.7563
1549566653497,1008.7481
1549566653532,1008.7481
1549566653571,1008.7481
1549566653611,1008.7481
1549566653650,1008.7461
1549566653689,1008.7461
1549566653725,1008.7461
1549566653764,1008.7461
1549566653802,1008.7437
1549566653841,1008.7437
1549566653880,1008.7437
1549566653918,1008.7437
1549566653954,1008.73883
1549566653998,1008.73883
1549566654034,1008.73883
1549566654072,1008.73883
1549566654110,1008.7335
1549566654150,1008.7335
1549566654186,1008.7335
1549566654226,1008.7335
1549566654265,1008.72217
1549566654302,1008.7266
1549566654340,1008.7266
1549566654380,1008.7266
1549566654419,1008.7266
1549566654456,1008.71844
1549566654496,1008.71844
1549566654536,1008.71844
1549566654571,1008.71844
1549566654610,1008.718
1549566654650,1008.718
1549566654687,1008.718
1549566654726,1008.718
1549566654765,1008.71893
1549566654802,1008.71893
1549566654841,1008.71893
1549566654879,1008.71893
1549566654917,1008.7234
1549566654956,1008.7234
1549566654994,1008.7234
1549566655032,1008.7234
1549566655071,1008.7234
1549566655110,1008.7234
1549566655148,1008.7234
1549566655197,1008.7234
1549566655225,1008.7169
1549566655263,1008.7169
1549566655303,1008.7169
1549566655340,1008.7169
1549566655379,1008.71484
1549566655420,1008.71484
1549566655455,1008.71484
1549566655494,1008.71484
1549566655532,1008.71484
1549566655571,1008.7165
1549566655611,1008.7165
1549566655647,1008.7165
1549566655686,1008.7165
1549566655726,1008.71936
1549566655762,1008.71936
1549566655802,1008.71936
1549566655841,1008.71936
1549566655879,1008.71606
1549566655918,1008.71606
1549566655955,1008.71606
1549566655994,1008.71606
1549566656031,1008.71204
1549566656114,1008.71204
1549566656115,1008.71204
1549566656161,1008.71204
1549566656187,1008.7023
1549566656223,1008.7023
1549566656264,1008.7023
1549566656301,1008.7023
1549566656339,1008.70026
1549566656376,1008.70026
1549566656417,1008.70026
1549566656465,1008.70026
1549566656493,1008.697
1549566656531,1008.697
1549566656571,1008.697
1549566656609,1008.697
1549566656648,1008.7015
1549566656686,1008.7015
1549566656724,1008.7015
1549566656763,1008.7015
1549566656801,1008.7015
1549566656842,1008.6998
1549566656878,1008.6998
1549566656918,1008.6998
1549566656955,1008.6998
1549566656993,1008.7015
1549566657031,1008.7015
1549566657072,1008.7015
1549566657108,1008.7015
1549566657146,1008.7027
1549566657185,1008.7027
1549566657226,1008.7027
1549566657261,1008.7027
1549566657302,1008.6958
1549566657340,1008.6958
1549566657379,1008.6958
1549566657417,1008.6958
1549566657455,1008.6885
1549566657508,1008.6885
1549566657530,1008.6885
1549566657570,1008.6885
1549566657608,1008.6877
1549566657648,1008.6877
1549566657686,1008.6877
1549566657726,1008.6877
1549566657762,1008.6849
1549566657801,1008.6849
1549566657839,1008.6849
1549566657881,1008.6849
1549566657916,1008.6918
1549566657954,1008.6918
1549566657992,1008.6918
1549566658033,1008.6918
1549566658071,1008.6918
1549566658109,1008.6857
1549566658147,1008.6857
1549566658185,1008.6857
1549566658225,1008.6857
1549566658261,1008.6833
1549566658300,1008.6833
1549566658338,1008.6833
1549566658379,1008.6833
1549566658417,1008.6878
1549566658456,1008.6878
1549566658493,1008.6878
1549566658532,1008.6878
1549566658571,1008.67523
1549566658609,1008.67523
1549566658655,1008.67523
1549566658688,1008.67523
1549566658732,1008.67975
1549566658762,1008.67975
1549566658800,1008.67975
1549566658840,1008.67975
1549566658877,1008.6732
1549566658918,1008.6732
1549566658956,1008.6732
1549566658993,1008.6732
1549566659039,1008.67615
1549566659070,1008.67615
1549566659108,1008.67615
1549566659146,1008.67615
1549566659186,1008.6799
1549566659225,1008.6799
1549566659262,1008.6799
1549566659306,1008.6799
1549566659342,1008.6799
1549566659376,1008.6763
1549566659416,1008.6763
1549566659456,1008.6763
1549566659494,1008.6763
1549566659532,1008.66486
1549566659570,1008.66486
1549566659609,1008.66486
1549566659647,1008.66486
1549566659685,1008.6702
1549566659725,1008.6702
1549566659761,1008.6702
1549566659801,1008.6702
1549566659840,1008.6532
1549566659877,1008.6532
1549566659917,1008.6532
1549566659955,1008.6532
1549566659992,1008.6312
1549566660039,1008.6312
1549566660070,1008.6312
1549566660132,1008.6312
1549566660146,1008.6227
1549566660185,1008.6227
1549566660227,1008.6227
1549566660264,1008.6227
1549566660325,1008.6154
1549566660348,1008.6154
1549566660377,1008.6154
1549566660415,1008.6154
1549566660455,1008.6114
1549566660495,1008.6114
1549566660532,1008.6114
1549566660570,1008.6114
1549566660610,1008.6114
1549566660646,1008.60895
1549566660684,1008.60895
1549566660724,1008.60895
1549566660763,1008.60895
1549566660802,1008.5928
1549566660840,1008.5928
1549566660877,1008.5928
1549566660916,1008.5928
1549566660955,1008.5757
1549566660997,1008.5757
1549566661032,1008.5757
1549566661070,1008.5757
1549566661108,1008.5696
1549566661147,1008.5696
1549566661184,1008.5696
1549566661222,1008.5696
1549566661261,1008.5664
1549566661301,1008.5664
1549566661338,1008.5664
1549566661377,1008.5664
1549566661416,1008.5608
1549566661453,1008.5608
1549566661495,1008.5608
1549566661530,1008.5608
1549566661569,1008.5628
1549566661607,1008.5628
1549566661646,1008.5628
1549566661684,1008.5628
1549566661723,1008.5645
1549566661796,1008.5645
1549566661810,1008.5645
1549566661838,1008.5645
1549566661883,1008.5645
1549566661917,1008.56616
1549566661955,1008.56616
1549566661994,1008.56616
1549566662031,1008.56616
1549566662070,1008.5679
1549566662107,1008.5679
1549566662147,1008.5679
1549566662185,1008.5679
1549566662224,1008.56177
1549566662263,1008.56177
1549566662300,1008.56177
1549566662341,1008.56177
1549566662377,1008.56305
1549566662416,1008.56305
1549566662455,1008.56305
1549566662493,1008.56305
1549566662530,1008.56793
1549566662569,1008.56793
1549566662615,1008.56793
1549566662646,1008.56793
1549566662687,1008.56635
1549566662725,1008.56635
1549566662763,1008.56635
1549566662800,1008.56635
1549566662838,1008.56274
1549566662877,1008.56274
1549566662917,1008.56274
1549566662955,1008.56274
1549566662992,1008.555
1549566663039,1008.555
1549566663069,1008.555
1549566663107,1008.555
1549566663146,1008.555
1549566663186,1008.553
1549566663222,1008.553
1549566663261,1008.553
1549566663300,1008.553
1549566663340,1008.56116
1549566663378,1008.56116
1549566663420,1008.56116
1549566663454,1008.56116
1549566663494,1008.54126
1549566663532,1008.54126
1549566663567,1008.54126
1549566663607,1008.54126
1549566663649,1008.5156
1549566663685,1008.5156
1549566663730,1008.5156
1549566663766,1008.5156
1549566663799,1008.5234
1549566663838,1008.5234
1549566663876,1008.5234
1549566663915,1008.5234
1549566663954,1008.501
1549566663992,1008.501
1549566664032,1008.501
1549566664070,1008.501
1549566664108,1008.4872
1549566664146,1008.4872
1549566664184,1008.4872
1549566664222,1008.4872
1549566664263,1008.48193
1549566664299,1008.48193
1549566664338,1008.48193
1549566664376,1008.48193
1549566664415,1008.48193
1549566664454,1008.4921
1549566664494,1008.4921
1549566664530,1008.4921
1549566664570,1008.4921
1549566664607,1008.47266
1549566664646,1008.47266
1549566664685,1008.47266
1549566664724,1008.47266
1549566664774,1008.47424
1549566664800,1008.47424
1549566664838,1008.47424
1549566664876,1008.47424
1549566664915,1008.4576
1549566664955,1008.4576
1549566664994,1008.4576
1549566665029,1008.4576
1549566665069,1008.4491
1549566665107,1008.4491
1549566665147,1008.4491
1549566665186,1008.4491
1549566665222,1008.45557
1549566665263,1008.45557
1549566665298,1008.45557
1549566665338,1008.45557
1549566665394,1008.45844
1549566665413,1008.45844
1549566665453,1008.45844
1549566665494,1008.45844
1549566665532,1008.4617
1549566665568,1008.4617
1549566665608,1008.4617
1549566665646,1008.4617
1549566665684,1008.4617
1549566665725,1008.4809
1549566665762,1008.4809
1549566665799,1008.4809
1549566665837,1008.4809
1549566665877,1008.4577
1549566665924,1008.4577
1549566665953,1008.4577
1549566665992,1008.4577
1549566666030,1008.4512
1549566666078,1008.4512
1549566666106,1008.4512
1549566666146,1008.4512
1549566666184,1008.45404
1549566666223,1008.45404
1549566666261,1008.45404
1549566666300,1008.45404
1549566666338,1008.46094
1549566666376,1008.46094
1549566666414,1008.46094
1549566666452,1008.46094
1549566666492,1008.4508
1549566666530,1008.4508
1549566666569,1008.4508
1549566666607,1008.4508
1549566666646,1008.4349
1549566666684,1008.4349
1549566666723,1008.4349
1549566666759,1008.4349
1549566666799,1008.4313
1549566666837,1008.4313
1549566666876,1008.4313
1549566666914,1008.4313
1549566666953,1008.4313
1549566666991,1008.43164
1549566667031,1008.43164
1549566667070,1008.43164
1549566667108,1008.43164
1549566667147,1008.43616
1549566667189,1008.43616
1549566667222,1008.43616
1549566667261,1008.43616
1549566667299,1008.4386
1549566667337,1008.4386
1549566667377,1008.4386
1549566667414,1008.4386
1549566667452,1008.437
1549566667492,1008.437
1549566667529,1008.437
1549566667568,1008.437
1549566667606,1008.43085
1549566667646,1008.43085
1549566667684,1008.43085
1549566667724,1008.43085
1549566667774,1008.44104
1549566667805,1008.44104
1549566667841,1008.44104
1549566667875,1008.44104
1549566667915,1008.44104
1549566667962,1008.44104
1549566667992,1008.44104
1549566668029,1008.44104
1549566668068,1008.44794
1549566668107,1008.44794
1549566668144,1008.44794
1549566668184,1008.44794
1549566668221,1008.44794
1549566668260,1008.4333
1549566668298,1008.4333
1549566668337,1008.4333
1549566668375,1008.4333
1549566668413,1008.4341
1549566668452,1008.4341
1549566668492,1008.4341
1549566668530,1008.4341
1549566668571,1008.4455
1549566668608,1008.4455
1549566668647,1008.4455
1549566668683,1008.4455
1549566668721,1008.44543
1549566668765,1008.44543
1549566668799,1008.44543
1549566668836,1008.44543
1549566668875,1008.44055
1549566668914,1008.44055
1549566668952,1008.44055
1549566668992,1008.44055
1549566669030,1008.4418
1549566669069,1008.4418
1549566669108,1008.4418
1549566669144,1008.4418
1549566669183,1008.4381
1549566669222,1008.4381
1549566669260,1008.4381
1549566669298,1008.4381
1549566669336,1008.44617
1549566669375,1008.44617
1549566669414,1008.44617
1549566669451,1008.44617
1549566669491,1008.44617
1549566669529,1008.44904
1549566669567,1008.44904
1549566669607,1008.44904
1549566669645,1008.44904
1549566669685,1008.454
1549566669721,1008.454
1549566669759,1008.454
1549566669799,1008.454
1549566669836,1008.4572
1549566669875,1008.4572
1549566669914,1008.4572
1549566669952,1008.4572
1549566669991,1008.42865
1549566670028,1008.42865
1549566670067,1008.42865
1549566670107,1008.42865
1549566670146,1008.4275
1549566670191,1008.4275
1549566670229,1008.4275
1549566670260,1008.4275
1549566670297,1008.4005
1549566670338,1008.4005
1549566670376,1008.4005
1549566670416,1008.4005
1549566670451,1008.40424
1549566670492,1008.40424
1549566670530,1008.40424
1549566670567,1008.40424
1549566670607,1008.405
1549566670651,1008.405
1549566670682,1008.405
1549566670721,1008.405
1549566670760,1008.405
1549566670797,1008.41846
1549566670836,1008.41846
1549566670874,1008.41846
1549566670914,1008.41846
1549566670952,1008.3936
1549566670990,1008.3936
1549566671030,1008.3936
1549566671070,1008.3936
1549566671109,1008.39276
1549566671144,1008.39276
1549566671182,1008.39276
1549566671222,1008.39276
1549566671260,1008.39484
1549566671298,1008.39484
1549566671336,1008.39484
1549566671375,1008.39484
1549566671413,1008.3911
1549566671451,1008.3911
1549566671489,1008.3911
1549566671529,1008.3911
1549566671566,1008.3944
1549566671608,1008.3944
1549566671647,1008.3944
1549566671685,1008.3944
1549566671721,1008.394
1549566671760,1008.394
1549566671798,1008.394
1549566671836,1008.394
1549566671876,1008.3797
1549566671913,1008.3797
1549566671953,1008.3797
1549566671989,1008.3797
1549566672028,1008.3797
1549566672067,1008.383
1549566672106,1008.383
1549566672143,1008.383
1549566672184,1008.383
1549566672220,1008.3687
1549566672259,1008.3687
1549566672297,1008.3687
1549566672337,1008.3687
1549566672375,1008.3622
1549566672414,1008.3622
1549566672452,1008.3622
1549566672491,1008.3622
1549566672527,1008.3981
1549566672566,1008.3981
1549566672604,1008.3981
1549566672644,1008.3981
1549566672682,1008.3561
1549566672721,1008.3561
1549566672760,1008.3561
1549566672797,1008.3561
1549566672839,1008.34143
1549566672875,1008.34143
1549566672921,1008.34143
1549566672952,1008.34143
1549566672989,1008.3634
1549566673028,1008.3634
1549566673067,1008.3634
1549566673106,1008.3634
1549566673146,1008.35364
1549566673191,1008.35364
1549566673219,1008.35364
1549566673262,1008.35364
1549566673304,1008.35364
1549566673336,1008.34546
1549566673375,1008.34546
1549566673414,1008.34546
1549566673451,1008.34546
1549566673491,1008.3214
1549566673527,1008.3214
1549566673567,1008.3214
1549566673605,1008.3214
1549566673644,1008.30554
1549566673682,1008.30554
1549566673732,1008.30554
1549566673761,1008.30554
1549566673798,1008.31573
1549566673839,1008.31573
1549566673874,1008.31573
1549566673911,1008.31573
1549566673950,1008.3051
1549566673990,1008.3051
1549566674030,1008.3051
1549566674065,1008.3051
1549566674106,1008.3141
1549566674145,1008.3141
1549566674181,1008.3141
1549566674220,1008.3141
1549566674259,1008.30475
1549566674296,1008.30475
1549566674337,1008.30475
1549566674374,1008.30475
1549566674414,1008.29736
1549566674452,1008.29736
1549566674489,1008.29736
1549566674529,1008.29736
1549566674567,1008.29736
1549566674605,1008.29126
1549566674642,1008.29126
1549566674681,1008.29126
1549566674721,1008.29126
1549566674759,1008.28845
1549566674798,1008.28845
1549566674836,1008.28845
1549566674877,1008.28845
1549566674916,1008.2982
1549566674951,1008.2982
1549566674989,1008.2982
1549566675027,1008.2982
1549566675066,1008.3003
1549566675107,1008.3003
1549566675144,1008.3003
1549566675183,1008.3003
1549566675221,1008.30396
1549566675265,1008.30396
1549566675297,1008.30396
1549566675336,1008.30396
1549566675374,1008.30725
1549566675414,1008.30725
1549566675452,1008.30725
1549566675489,1008.30725
1549566675545,1008.3113
1549566675568,1008.3113
1549566675604,1008.3113
1549566675642,1008.3113
1549566675681,1008.31775
1549566675720,1008.31775
1549566675759,1008.31775
1549566675798,1008.31775
1549566675835,1008.31775
1549566675876,1008.3198
1549566675913,1008.3198
1549566675950,1008.3198
1549566675989,1008.3198
1549566676028,1008.31415
1549566676065,1008.31415
1549566676107,1008.31415
1549566676144,1008.31415
1549566676181,1008.3121
1549566676221,1008.3121
1549566676258,1008.3121
1549566676298,1008.3121
1549566676344,1008.31415
1549566676381,1008.31415
1549566676412,1008.31415
1549566676449,1008.31415
1549566676489,1008.31415
1549566676528,1008.31415
1549566676568,1008.31415
1549566676604,1008.31415
1549566676644,1008.3125
1549566676682,1008.3125
1549566676719,1008.3125
1549566676758,1008.3125
1549566676797,1008.3072
1549566676835,1008.3072
1549566676876,1008.3072
1549566676912,1008.3072
1549566676950,1008.3125
1549566677005,1008.3125
1549566677029,1008.3125
1549566677066,1008.3125
1549566677110,1008.3125
1549566677156,1008.3076
1549566677234,1008.3076
1549566677234,1008.3076
1549566677281,1008.3076
1549566677304,1008.308
1549566677335,1008.308
1549566677372,1008.308
1549566677411,1008.308
1549566677454,1008.328
1549566677488,1008.328
1549566677526,1008.328
1549566677574,1008.328
1549566677602,1008.32886
1549566677640,1008.32886
1549566677679,1008.32886
1549566677717,1008.32886
1549566677756,1008.3056
1549566677795,1008.3056
1549566677834,1008.3056
1549566677873,1008.3056
1549566677910,1008.29175
1549566677949,1008.29175
1549566677988,1008.29175
1549566678027,1008.29175
1549566678065,1008.2881
1549566678104,1008.2881
1549566678143,1008.2881
1549566678179,1008.2881
1549566678219,1008.2934
1549566678259,1008.2934
1549566678295,1008.2934
1549566678334,1008.2934
1549566678373,1008.2934
1549566678410,1008.2987
1549566678449,1008.2987
1549566678487,1008.2987
1549566678530,1008.2987
1549566678565,1008.2982
1549566678603,1008.2982
1549566678642,1008.2982
1549566678679,1008.2982
1549566678717,1008.31006
