1549567027786,1008.3855
1549567027787,1008.3855
1549567027824,1008.3855
1549567027864,1008.3855
1549567027901,1008.3509
1549567027940,1008.3509
1549567027979,1008.3509
1549567028018,1008.3509
1549567028057,1008.3109
1549567028095,1008.3109
1549567028133,1008.3109
1549567028171,1008.3109
1549567028210,1008.27856
1549567028248,1008.27856
1549567028288,1008.27856
1549567028325,1008.27856
1549567028364,1008.25995
1549567028403,1008.25995
1549567028441,1008.25995
1549567028481,1008.25995
1549567028519,1008.24365
1549567028558,1008.24365
1549567028597,1008.24365
1549567028633,1008.24365
1549567028673,1008.24365
1549567028710,1008.22546
1549567028750,1008.22546
1549567028794,1008.22546
1549567028825,1008.22546
1549567028865,1008.2197
1549567028905,1008.2197
1549567028940,1008.2197
1549567028980,1008.2197
1549567029018,1008.2106
1549567029057,1008.2106
1549567029097,1008.2106
1549567029133,1008.2106
1549567029171,1008.2134
1549567029209,1008.2134
1549567029249,1008.2134
1549567029286,1008.2134
1549567029326,1008.2183
1549567029363,1008.2183
1549567029401,1008.2183
1549567029442,1008.2183
1549567029480,1008.2161
1549567029518,1008.2161
1549567029555,1008.2161
1549567029686,1008.2161
1549567029686,1008.23425
1549567029686,1008.23425
1549567029709,1008.23425
1549567029751,1008.23425
1549567029785,1008.23425
1549567029826,1008.25
1549567029865,1008.25
1549567029901,1008.25
1549567029939,1008.25
1549567029979,1008.25934
1549567030018,1008.25934
1549567030055,1008.25934
1549567030093,1008.25934
1549567030137,1008.2861
1549567030171,1008.2861
1549567030209,1008.2861
1549567030250,1008.2861
1549567030286,1008.28827
1549567030326,1008.28827
1549567030362,1008.28827
1549567030400,1008.28827
1549567030439,1008.27985
1549567030478,1008.27985
1549567030521,1008.27985
1549567030559,1008.27985
1549567030596,1008.2804
1549567030633,1008.2804
1549567030671,1008.2804
1549567030711,1008.2804
1549567030748,1008.272
1549567030791,1008.272
1549567030825,1008.272
1549567030863,1008.272
1549567030903,1008.272
1549567030941,1008.2697
1549567030978,1008.2697
1549567031016,1008.2697
1549567031056,1008.2697
1549567031096,1008.2622
1549567031132,1008.2622
1549567031170,1008.2622
1549567031209,1008.2622
1549567031248,1008.2631
1549567031286,1008.2631
1549567031327,1008.2631
1549567031363,1008.2631
1549567031401,1008.25635
1549567031442,1008.25635
1549567031479,1008.25635
1549567031518,1008.25635
1549567031558,1008.2521
1549567031646,1008.2521
1549567031646,1008.2521
1549567031687,1008.2521
1549567031764,1008.253
1549567031764,1008.253
1549567031788,1008.253
1549567031824,1008.253
1549567031864,1008.2588
1549567031901,1008.2588
1549567031940,1008.2588
1549567031981,1008.2588
1549567032017,1008.2588
1549567032056,1008.2516
1549567032094,1008.2516
1549567032134,1008.2516
1549567032170,1008.2516
1549567032208,1008.2545
1549567032249,1008.2545
1549567032287,1008.2545
1549567032323,1008.2545
1549567032365,1008.26636
1549567032401,1008.26636
1549567032440,1008.26636
1549567032479,1008.26636
1549567032517,1008.2595
1549567032558,1008.2595
1549567032595,1008.2595
1549567032633,1008.2595
1549567032673,1008.25116
1549567032713,1008.25116
1549567032747,1008.25116
1549567032796,1008.25116
1549567032823,1008.2521
1549567032863,1008.2521
1549567032903,1008.2521
1549567032941,1008.2521
1549567032979,1008.253
1549567033017,1008.253
1549567033054,1008.253
1549567033094,1008.253
1549567033132,1008.253
1549567033171,1008.2304
1549567033211,1008.2304
1549567033249,1008.2304
1549567033288,1008.2304
1549567033326,1008.22974
1549567033362,1008.22974
1549567033402,1008.22974
1549567033441,1008.22974
1549567033478,1008.2339
1549567033517,1008.2339
1549567033555,1008.2339
1549567033593,1008.2339
1549567033680,1008.2416
1549567033680,1008.2416
1549567033731,1008.2416
1549567033848,1008.2416
1549567033848,1008.2412
1549567033848,1008.2412
1549567033878,1008.2412
1549567033901,1008.2412
1549567033941,1008.23926
1549567033978,1008.23926
1549567034016,1008.23926
1549567034054,1008.23926
1549567034096,1008.22534
1549567034131,1008.22534
1549567034172,1008.22534
1549567034207,1008.22534
1549567034249,1008.22534
1549567034286,1008.22015
1549567034324,1008.22015
1549567034370,1008.22015
1549567034405,1008.22015
1549567034440,1008.21014
1549567034478,1008.21014
1549567034517,1008.21014
1549567034555,1008.21014
1549567034595,1008.19653
1549567034633,1008.19653
1549567034671,1008.19653
1549567034710,1008.19653
1549567034752,1008.17847
1549567034786,1008.17847
1549567034825,1008.17847
1549567034866,1008.17847
1549567034900,1008.16034
1549567034939,1008.16034
1549567034979,1008.16034
1549567035018,1008.16034
1549567035055,1008.15393
1549567035102,1008.15393
1549567035134,1008.15393
1549567035169,1008.15393
1549567035212,1008.1426
1549567035247,1008.1426
1549567035285,1008.1426
1549567035325,1008.1426
1549567035363,1008.13257
1549567035400,1008.13257
1549567035439,1008.13257
1549567035479,1008.13257
1549567035519,1008.13257
1549567035555,1008.11487
1549567035594,1008.11487
1549567035630,1008.11487
1549567035679,1008.11487
1549567035710,1008.10803
1549567035747,1008.10803
1549567035802,1008.10803
1549567035825,1008.10803
1549567035862,1008.11414
1549567035900,1008.11414
1549567035946,1008.11414
1549567035980,1008.11414
1549567036015,1008.1154
1549567036055,1008.1154
1549567036093,1008.1154
1549567036130,1008.1154
1549567036171,1008.11505
1549567036211,1008.11505
1549567036247,1008.11505
1549567036290,1008.11505
1549567036324,1008.11505
1549567036362,1008.11505
1549567036400,1008.11505
1549567036439,1008.11505
1549567036480,1008.1215
1549567036516,1008.1215
1549567036556,1008.1215
1549567036593,1008.1215
1549567036631,1008.1215
1549567036669,1008.1231
1549567036709,1008.1231
1549567036749,1008.1231
1549567036786,1008.1231
1549567036825,1008.1373
1549567036863,1008.1373
1549567036900,1008.1373
1549567036938,1008.1373
1549567036979,1008.1405
1549567037016,1008.1405
1549567037056,1008.1405
1549567037093,1008.1405
1549567037130,1008.13983
1549567037169,1008.13983
1549567037207,1008.13983
1549567037248,1008.13983
1549567037289,1008.1443
1549567037324,1008.1443
1549567037363,1008.1443
1549567037400,1008.1443
1549567037440,1008.1427
1549567037478,1008.1427
1549567037516,1008.1427
1549567037555,1008.1427
1549567037594,1008.1362
1549567037631,1008.1362
1549567037672,1008.1362
1549567037709,1008.1362
1549567037748,1008.1362
1549567037786,1008.13947
1549567037822,1008.13947
1549567037865,1008.13947
1549567037899,1008.13947
1549567037940,1008.1282
1549567037977,1008.1282
1549567038016,1008.1282
1549567038057,1008.1282
1549567038093,1008.1166
1549567038131,1008.1166
1549567038172,1008.1166
1549567038208,1008.1166
1549567038249,1008.1133
1549567038284,1008.1133
1549567038322,1008.1133
1549567038371,1008.1133
1549567038400,1008.1004
1549567038439,1008.1004
1549567038477,1008.1004
1549567038517,1008.1004
1549567038555,1008.0952
1549567038593,1008.0952
1549567038634,1008.0952
1549567038672,1008.0952
1549567038710,1008.0839
1549567038746,1008.0839
1549567038785,1008.0839
1549567038825,1008.0839
1549567038861,1008.0839
1549567038927,1008.08
1549567038939,1008.08
1549567038977,1008.08
1549567039017,1008.08
1549567039055,1008.07196
1549567039092,1008.07196
1549567039130,1008.07196
1549567039169,1008.07196
1549567039209,1008.06354
1549567039245,1008.06354
1549567039284,1008.06354
1549567039324,1008.06354
1549567039366,1008.049
1549567039404,1008.049
1549567039439,1008.049
1549567039476,1008.049
1549567039515,1008.04224
1549567039554,1008.04224
1549567039591,1008.04224
1549567039632,1008.04224
1549567039671,1008.03864
1549567039708,1008.03864
1549567039746,1008.03864
1549567039785,1008.03864
1549567039824,1008.0354
1549567039861,1008.0354
1549567039902,1008.0354
1549567039938,1008.0354
1549567039977,1008.0354
1549567040016,1008.03705
1549567040054,1008.03705
1549567040094,1008.03705
1549567040131,1008.03705
1549567040170,1008.048
1549567040207,1008.048
1549567040246,1008.048
1549567040287,1008.048
1549567040324,1008.048
1549567040362,1008.048
1549567040401,1008.048
1549567040439,1008.048
1549567040478,1008.0528
1549567040516,1008.0528
1549567040553,1008.0528
1549567040592,1008.0528
1549567040630,1008.0634
1549567040669,1008.0634
1549567040707,1008.0634
1549567040748,1008.0634
1549567040784,1008.0598
1549567040825,1008.0598
1549567040860,1008.0598
1549567040900,1008.0598
1549567040937,1008.0756
1549567040976,1008.0756
1549567041016,1008.0756
1549567041053,1008.0756
1549567041092,1008.0756
1549567041131,1008.0853
1549567041169,1008.0853
1549567041208,1008.0853
1549567041249,1008.0853
1549567041284,1008.09625
1549567041323,1008.09625
1549567041363,1008.09625
1549567041401,1008.09625
1549567041438,1008.1052
1549567041476,1008.1052
1549567041517,1008.1052
1549567041556,1008.1052
1549567041591,1008.10364
1549567041630,1008.10364
1549567041669,1008.10364
1549567041732,1008.10364
1549567041747,1008.1065
1549567041784,1008.1065
1549567041823,1008.1065
1549567041861,1008.1065
1549567041901,1008.10004
1549567041939,1008.10004
1549567041976,1008.10004
1549567042015,1008.10004
1549567042056,1008.0852
1549567042091,1008.0852
1549567042130,1008.0852
1549567042169,1008.0852
1549567042207,1008.0852
1549567042246,1008.0626
1549567042287,1008.0626
1549567042322,1008.0626
1549567042362,1008.0626
1549567042402,1008.0384
1549567042438,1008.0384
1549567042476,1008.0384
1549567042516,1008.0384
1549567042554,1008.0187
1549567042592,1008.0187
1549567042631,1008.0187
1549567042670,1008.0187
1549567042707,1007.99286
1549567042748,1007.99286
1549567042783,1007.99286
1549567042824,1007.99286
1549567042861,1007.97766
1549567042899,1007.97766
1549567042937,1007.97766
1549567042977,1007.97766
1549567043018,1007.968
1549567043054,1007.968
1549567043092,1007.968
1549567043130,1007.968
1549567043170,1007.966
1549567043207,1007.966
1549567043247,1007.966
1549567043285,1007.966
1549567043322,1007.9531
1549567043362,1007.9531
1549567043404,1007.9531
1549567043438,1007.9531
1549567043475,1007.9531
1549567043516,1007.96405
1549567043555,1007.96405
1549567043591,1007.96405
1549567043632,1007.96405
1549567043667,1007.96533
1549567043706,1007.96533
1549567043746,1007.96533
1549567043784,1007.96533
1549567043824,1007.97107
1549567043861,1007.97107
1549567043901,1007.97107
1549567043937,1007.97107
1549567043976,1007.974
1549567044014,1007.974
1549567044055,1007.974
1549567044097,1007.974
1549567044129,1007.9772
1549567044169,1007.9772
1549567044206,1007.9772
1549567044246,1007.9772
1549567044284,1007.9865
1549567044323,1007.9865
1549567044361,1007.9865
1549567044400,1007.9865
1549567044440,1007.991
1549567044475,1007.991
1549567044514,1007.991
1549567044555,1007.991
1549567044592,1007.991
1549567044631,1007.99585
1549567044671,1007.99585
1549567044707,1007.99585
1549567044745,1007.99585
1549567044785,1008.0068
1549567044821,1008.0068
1549567044860,1008.0068
1549567044907,1008.0068
1549567044937,1008.0109
1549567044977,1008.0109
1549567045015,1008.0109
1549567045054,1008.0109
1549567045091,1008.0109
1549567045136,1008.0109
1549567045167,1008.0109
1549567045206,1008.0109
1549567045247,1008.0074
1549567045284,1008.0074
1549567045322,1008.0074
1549567045362,1008.0074
1549567045399,1008.00256
1549567045437,1008.00256
1549567045475,1008.00256
1549567045513,1008.00256
1549567045553,1007.9973
1549567045592,1007.9973
1549567045629,1007.9973
1549567045670,1007.9973
1549567045706,1007.9973
1549567045745,1007.9938
1549567045783,1007.9938
1549567045824,1007.9938
1549567045860,1007.9938
1549567045900,1007.98663
1549567045937,1007.98663
1549567045974,1007.98663
1549567046014,1007.98663
1549567046051,1007.9673
1549567046090,1007.9673
1549567046130,1007.9673
1549567046168,1007.9673
1549567046206,1007.9508
1549567046248,1007.9508
1549567046281,1007.9508
1549567046320,1007.9508
1549567046359,1007.94073
1549567046399,1007.94073
1549567046437,1007.94073
1549567046479,1007.94073
1549567046512,1007.9133
1549567046551,1007.9133
1549567046591,1007.9133
1549567046630,1007.9133
1549567046671,1007.8827
1549567046708,1007.8827
1549567046744,1007.8827
1549567046783,1007.8827
1549567046822,1007.8827
1549567046860,1007.859
1549567046899,1007.859
1549567046936,1007.859
1549567046976,1007.859
1549567047014,1007.82837
1549567047051,1007.82837
1549567047092,1007.82837
1549567047129,1007.82837
1549567047169,1007.80707
1549567047207,1007.80707
1549567047244,1007.80707
1549567047282,1007.80707
1549567047323,1007.7732
1549567047359,1007.7732
1549567047398,1007.7732
1549567047437,1007.7732
1549567047475,1007.7454
1549567047515,1007.7454
1549567047552,1007.7454
1549567047591,1007.7454
1549567047630,1007.71405
1549567047667,1007.71405
1549567047705,1007.71405
1549567047746,1007.71405
1549567047783,1007.6725
1549567047821,1007.6725
1549567047861,1007.6725
1549567047897,1007.6725
1549567047936,1007.6725
1549567047974,1007.65045
1549567048013,1007.65045
1549567048052,1007.65045
1549567048092,1007.65045
1549567048129,1007.6227
1549567048167,1007.6227
1549567048206,1007.6227
1549567048245,1007.6227
1549567048283,1007.58234
1549567048322,1007.58234
1549567048359,1007.58234
1549567048398,1007.58234
1549567048436,1007.5494
1549567048474,1007.5494
1549567048512,1007.5494
1549567048551,1007.5494
1549567048590,1007.5106
1549567048629,1007.5106
1549567048666,1007.5106
1549567048705,1007.5106
1549567048744,1007.47034
1549567048781,1007.47034
1549567048821,1007.47034
1549567048861,1007.47034
1549567048898,1007.42834
1549567048937,1007.42834
1549567048974,1007.42834
1549567049012,1007.42834
1549567049052,1007.42834
1549567049091,1007.3889
1549567049130,1007.3889
1549567049168,1007.3889
1549567049207,1007.3889
1549567049248,1007.34503
1549567049286,1007.34503
1549567049322,1007.34503
1549567049360,1007.34503
1549567049398,1007.30145
1549567049435,1007.30145
1549567049474,1007.30145
1549567049512,1007.30145
1549567049552,1007.2656
1549567049591,1007.2656
1549567049627,1007.2656
1549567049669,1007.2656
1549567049706,1007.2346
1549567049744,1007.2346
1549567049783,1007.2346
1549567049822,1007.2346
1549567049859,1007.20325
1549567049900,1007.20325
1549567049936,1007.20325
1549567049975,1007.20325
1549567050012,1007.1735
1549567050054,1007.1735
1549567050089,1007.1735
1549567050129,1007.1735
1549567050166,1007.13965
1549567050205,1007.13965
1549567050246,1007.13965
1549567050282,1007.13965
1549567050320,1007.13965
1549567050359,1007.09607
1549567050398,1007.09607
1549567050435,1007.09607
1549567050474,1007.09607
1549567050514,1007.06604
1549567050552,1007.06604
1549567050590,1007.06604
1549567050628,1007.06604
1549567050666,1007.0366
1549567050704,1007.0366
1549567050743,1007.0366
1549567050783,1007.0366
1549567050821,1007.00275
1549567050859,1007.00275
1549567050902,1007.00275
1549567050935,1007.00275
1549567050974,1006.9717
1549567051013,1006.9717
1549567051052,1006.9717
1549567051092,1006.9717
1549567051128,1006.94073
1549567051167,1006.94073
1549567051204,1006.94073
1549567051245,1006.94073
1549567051281,1006.9081
1549567051320,1006.9081
1549567051358,1006.9081
1549567051400,1006.9081
1549567051438,1006.9081
1549567051476,1006.87994
1549567051512,1006.87994
1549567051551,1006.87994
1549567051589,1006.87994
1549567051628,1006.8441
1549567051666,1006.8441
1549567051706,1006.8441
1549567051745,1006.8441
1549567051782,1006.8115
1549567051821,1006.8115
1549567051859,1006.8115
1549567051897,1006.8115
1549567051936,1006.78534
1549567051975,1006.78534
1549567052015,1006.78534
1549567052050,1006.78534
1549567052091,1006.75146
1549567052128,1006.75146
1549567052165,1006.75146
1549567052205,1006.75146
1549567052243,1006.71686
1549567052282,1006.71686
1549567052322,1006.71686
1549567052363,1006.71686
1549567052398,1006.6891
1549567052436,1006.6891
1549567052474,1006.6891
1549567052512,1006.6891
1549567052550,1006.6891
1549567052588,1006.6516
1549567052629,1006.6516
1549567052669,1006.6516
1549567052704,1006.6516
1549567052742,1006.628
1549567052783,1006.628
1549567052821,1006.628
1549567052861,1006.628
1549567052897,1006.5986
1549567052935,1006.5986
1549567052976,1006.5986
1549567053014,1006.5986
1549567053050,1006.5663
1549567053089,1006.5663
1549567053127,1006.5663
1549567053166,1006.5663
1549567053205,1006.53046
1549567053242,1006.53046
1549567053283,1006.53046
1549567053319,1006.53046
1549567053359,1006.4978
1549567053396,1006.4978
1549567053436,1006.4978
1549567053473,1006.4978
1549567053512,1006.45715
1549567053550,1006.45715
1549567053589,1006.45715
1549567053629,1006.45715
1549567053667,1006.45715
1549567053706,1006.42737
1549567053742,1006.42737
1549567053782,1006.42737
1549567053821,1006.42737
1549567053857,1006.38544
1549567053897,1006.38544
1549567053936,1006.38544
1549567053974,1006.38544
1549567054012,1006.3512
1549567054051,1006.3512
1549567054091,1006.3512
1549567054127,1006.3512
1549567054166,1006.31537
1549567054206,1006.31537
1549567054245,1006.31537
1549567054281,1006.31537
1549567054320,1006.2666
1549567054358,1006.2666
1549567054396,1006.2666
1549567054438,1006.2666
1549567054473,1006.2311
1549567054512,1006.2311
1549567054551,1006.2311
1549567054588,1006.2311
1549567054627,1006.1933
1549567054665,1006.1933
1549567054705,1006.1933
1549567054744,1006.1933
1549567054781,1006.1933
1549567054818,1006.1603
1549567054857,1006.1603
1549567054897,1006.1603
1549567054935,1006.1603
1549567054972,1006.12445
1549567055012,1006.12445
1549567055050,1006.12445
1549567055091,1006.12445
1549567055127,1006.08984
1549567055165,1006.08984
1549567055203,1006.08984
1549567055245,1006.08984
1549567055282,1006.05566
1549567055319,1006.05566
1549567055357,1006.05566
1549567055398,1006.05566
1549567055437,1006.02136
1549567055473,1006.02136
1549567055511,1006.02136
1549567055549,1006.02136
1549567055587,1005.99646
1549567055629,1005.99646
1549567055666,1005.99646
1549567055706,1005.99646
1549567055748,1005.9761
1549567055782,1005.9761
1549567055818,1005.9761
1549567055857,1005.9761
1549567055897,1005.9761
1549567055936,1005.94824
1549567055972,1005.94824
1549567056012,1005.94824
1549567056049,1005.94824
1549567056088,1005.9205
1549567056128,1005.9205
1549567056165,1005.9205
1549567056204,1005.9205
1549567056242,1005.8891
1549567056280,1005.8891
1549567056318,1005.8891
1549567056359,1005.8891
1549567056397,1005.86615
1549567056438,1005.86615
1549567056473,1005.86615
1549567056523,1005.86615
1549567056549,1005.8384
1549567056588,1005.8384
1549567056627,1005.8384
1549567056666,1005.8384
1549567056704,1005.8147
1549567056741,1005.8147
1549567056781,1005.8147
1549567056820,1005.8147
1549567056857,1005.7825
1549567056896,1005.7825
1549567056936,1005.7825
1549567056972,1005.7825
1549567057011,1005.7825
1549567057051,1005.7482
1549567057089,1005.7482
1549567057128,1005.7482
1549567057167,1005.7482
1549567057205,1005.7043
1549567057241,1005.7043
1549567057281,1005.7043
1549567057320,1005.7043
1549567057362,1005.67004
1549567057395,1005.67004
1549567057438,1005.67004
1549567057472,1005.67004
1549567057513,1005.64514
1549567057548,1005.64514
1549567057587,1005.64514
1549567057625,1005.64514
1549567057666,1005.6122
1549567057702,1005.6122
1549567057740,1005.6122
1549567057779,1005.6122
1549567057818,1005.58276
1549567057857,1005.58276
1549567057896,1005.58276
1549567057934,1005.58276
1549567057974,1005.544
1549567058010,1005.544
1549567058049,1005.544
1549567058087,1005.544
1549567058129,1005.544
1549567058167,1005.5107
1549567058204,1005.5107
1549567058247,1005.5107
1549567058283,1005.5107
1549567058318,1005.4719
1549567058358,1005.4719
1549567058399,1005.4719
1549567058436,1005.4719
1549567058472,1005.45026
1549567058512,1005.45026
1549567058549,1005.45026
1549567058588,1005.45026
1549567058626,1005.41797
1549567058665,1005.41797
1549567058704,1005.41797
1549567058741,1005.41797
1549567058780,1005.395
1549567058818,1005.395
1549567058856,1005.395
1549567058899,1005.395
1549567058935,1005.35956
1549567058972,1005.35956
1549567059009,1005.35956
1549567059051,1005.35956
1549567059087,1005.3342
1549567059126,1005.3342
1549567059164,1005.3342
1549567059204,1005.3342
1549567059242,1005.30164
1549567059281,1005.30164
1549567059318,1005.30164
1549567059357,1005.30164
1549567059397,1005.30164
1549567059432,1005.2609
1549567059471,1005.2609
1549567059510,1005.2609
1549567059549,1005.2609
1549567059587,1005.22955
1549567059626,1005.22955
1549567059665,1005.22955
1549567059704,1005.22955
1549567059744,1005.1905
1549567059779,1005.1905
1549567059818,1005.1905
1549567059856,1005.1905
1549567059897,1005.1594
1549567059936,1005.1594
1549567059972,1005.1594
1549567060010,1005.1594
1549567060048,1005.1252
1549567060088,1005.1252
1549567060131,1005.1252
1549567060166,1005.1252
1549567060201,1005.0974
1549567060243,1005.0974
1549567060279,1005.0974
1549567060318,1005.0974
1549567060356,1005.0709
1549567060396,1005.0709
1549567060436,1005.0709
1549567060472,1005.0709
1549567060510,1005.0709
1549567060548,1005.03827
1549567060587,1005.03827
1549567060627,1005.03827
1549567060664,1005.03827
1549567060703,1005.01013
1549567060740,1005.01013
1549567060779,1005.01013
1549567060819,1005.01013
1549567060859,1004.9832
1549567060895,1004.9832
1549567060940,1004.9832
1549567060971,1004.9832
1549567061009,1004.95544
1549567061048,1004.95544
1549567061087,1004.95544
1549567061126,1004.95544
1549567061165,1004.91956
1549567061202,1004.91956
1549567061245,1004.91956
1549567061279,1004.91956
1549567061318,1004.8882
1549567061356,1004.8882
1549567061394,1004.8882
1549567061434,1004.8882
1549567061471,1004.85394
1549567061510,1004.85394
1549567061551,1004.85394
1549567061589,1004.85394
1549567061625,1004.85394
1549567061665,1004.812
1549567061702,1004.812
1549567061740,1004.812
1549567061780,1004.812
1549567061817,1004.7761
1549567061857,1004.7761
1549567061894,1004.7761
1549567061933,1004.7761
1549567061970,1004.74023
1549567062010,1004.74023
1549567062048,1004.74023
1549567062086,1004.74023
1549567062125,1004.70636
1549567062164,1004.70636
1549567062202,1004.70636
1549567062242,1004.70636
1549567062280,1004.6682
1549567062321,1004.6682
1549567062355,1004.6682
1549567062395,1004.6682
1549567062434,1004.6291
1549567062472,1004.6291
1549567062511,1004.6291
1549567062549,1004.6291
1549567062586,1004.5997
1549567062625,1004.5997
1549567062664,1004.5997
1549567062701,1004.5997
1549567062740,1004.5997
1549567062779,1004.55414
1549567062817,1004.55414
1549567062855,1004.55414
1549567062897,1004.55414
1549567062934,1004.505
1549567062970,1004.505
1549567063010,1004.505
1549567063047,1004.505
1549567063088,1004.4643
1549567063128,1004.4643
1549567063163,1004.4643
1549567063203,1004.4643
1549567063240,1004.42804
1549567063279,1004.42804
1549567063319,1004.42804
1549567063356,1004.42804
1549567063394,1004.3854
1549567063435,1004.3854
1549567063472,1004.3854
1549567063510,1004.3854
1549567063548,1004.3366
1549567063588,1004.3366
1549567063626,1004.3366
1549567063664,1004.3366
1549567063701,1004.3008
1549567063740,1004.3008
1549567063778,1004.3008
1549567063819,1004.3008
1549567063856,1004.3008
1549567063894,1004.2588
1549567063933,1004.2588
1549567063971,1004.2588
1549567064008,1004.2588
1549567064048,1004.21643
1549567064087,1004.21643
1549567064125,1004.21643
1549567064162,1004.21643
1549567064205,1004.18506
1549567064240,1004.18506
1549567064277,1004.18506
1549567064317,1004.18506
1549567064355,1004.1512
1549567064393,1004.1512
1549567064433,1004.1512
1549567064470,1004.1512
1549567064509,1004.12463
1549567064547,1004.12463
1549567064585,1004.12463
1549567064624,1004.12463
1549567064662,1004.09686
1549567064702,1004.09686
1549567064739,1004.09686
1549567064780,1004.09686
1549567064816,1004.0533
1549567064857,1004.0533
1549567064894,1004.0533
1549567064932,1004.0533
1549567064969,1004.0533
1549567065009,1004.0296
1549567065047,1004.0296
1549567065087,1004.0296
1549567065127,1004.0296
1549567065162,1003.9937
1549567065204,1003.9937
1549567065240,1003.9937
1549567065279,1003.9937
1549567065318,1003.9656
1549567065355,1003.9656
1549567065392,1003.9656
1549567065431,1003.9656
1549567065470,1003.92847
1549567065507,1003.92847
1549567065547,1003.92847
1549567065585,1003.92847
1549567065624,1003.8906
1549567065664,1003.8906
1549567065701,1003.8906
1549567065740,1003.8906
1549567065779,1003.8689
1549567065816,1003.8689
1549567065858,1003.8689
1549567065895,1003.8689
1549567065934,1003.8314
1549567065970,1003.8314
1549567066008,1003.8314
1549567066046,1003.8314
1549567066087,1003.8314
1549567066125,1003.7911
1549567066162,1003.7911
1549567066201,1003.7911
1549567066241,1003.7911
1549567066281,1003.75934
1549567066319,1003.75934
1549567066354,1003.75934
1549567066394,1003.75934
1549567066435,1003.7267
1549567066472,1003.7267
1549567066507,1003.7267
1549567066547,1003.7267
1549567066586,1003.69727
1549567066624,1003.69727
1549567066663,1003.69727
1549567066700,1003.69727
1549567066740,1003.66394
1549567066777,1003.66394
1549567066818,1003.66394
1549567066854,1003.66394
1549567066898,1003.6345
1549567066932,1003.6345
1549567066970,1003.6345
1549567067007,1003.6345
1549567067047,1003.59985
1549567067086,1003.59985
1549567067124,1003.59985
1549567067163,1003.59985
1549567067200,1003.56274
1549567067239,1003.57135
1549567067278,1003.57135
1549567067316,1003.57135
1549567067355,1003.57135
1549567067392,1003.5387
1549567067431,1003.5387
1549567067469,1003.5387
1549567067510,1003.5387
1549567067547,1003.5141
1549567067584,1003.5141
1549567067625,1003.5141
1549567067662,1003.5141
1549567067700,1003.48114
1549567067739,1003.48114
1549567067778,1003.48114
1549567067828,1003.48114
1549567067854,1003.4424
1549567067892,1003.4424
1549567067930,1003.4424
1549567067969,1003.4424
1549567068007,1003.4049
1549567068047,1003.4049
1549567068087,1003.4049
1549567068123,1003.4049
1549567068162,1003.3787
1549567068202,1003.3787
1549567068239,1003.3787
1549567068277,1003.3787
1549567068315,1003.33887
1549567068355,1003.33887
1549567068394,1003.33887
1549567068431,1003.33887
1549567068470,1003.33887
1549567068509,1003.3002
1549567068549,1003.3002
1549567068585,1003.3002
1549567068624,1003.3002
1549567068661,1003.2607
1549567068700,1003.2607
1549567068739,1003.2607
1549567068776,1003.2607
1549567068818,1003.2212
1549567068856,1003.2212
1549567068891,1003.2212
1549567068931,1003.2212
1549567068970,1003.185
1549567069009,1003.185
1549567069050,1003.185
1549567069085,1003.185
1549567069123,1003.1407
1549567069162,1003.1407
1549567069201,1003.1407
1549567069239,1003.1407
1549567069277,1003.10315
1549567069316,1003.10315
1549567069353,1003.10315
1549567069393,1003.10315
1549567069431,1003.05725
1549567069470,1003.05725
1549567069509,1003.05725
1549567069549,1003.05725
1549567069585,1003.05725
1549567069629,1003.021
1549567069662,1003.021
1549567069700,1003.021
1549567069739,1003.021
1549567069777,1002.98193
1549567069816,1002.98193
1549567069854,1002.98193
1549567069892,1002.98193
1549567069934,1002.9469
1549567069970,1002.9469
1549567070007,1002.9469
1549567070045,1002.9469
1549567070084,1002.91833
1549567070125,1002.91833
1549567070162,1002.91833
1549567070201,1002.91833
1549567070238,1002.8818
1549567070277,1002.8818
1549567070315,1002.8818
1549567070355,1002.8818
1549567070392,1002.8545
1549567070430,1002.8545
1549567070471,1002.8545
1549567070509,1002.8545
1549567070545,1002.8263
1549567070584,1002.8263
1549567070625,1002.8263
1549567070661,1002.8263
1549567070699,1002.8263
1549567070738,1002.79865
1549567070776,1002.79865
1549567070816,1002.79865
1549567070854,1002.79865
1549567070894,1002.7774
1549567070930,1002.7774
1549567070974,1002.7774
1549567071009,1002.7774
1549567071047,1002.73883
1549567071084,1002.73883
1549567071123,1002.73883
1549567071161,1002.73883
1549567071200,1002.70795
1549567071237,1002.70795
1549567071277,1002.70795
1549567071316,1002.70795
1549567071354,1002.67615
1549567071392,1002.67615
1549567071431,1002.67615
1549567071468,1002.67615
1549567071508,1002.65295
1549567071547,1002.65295
1549567071584,1002.65295
1549567071622,1002.65295
1549567071661,1002.63745
1549567071701,1002.63745
1549567071739,1002.63745
1549567071776,1002.63745
1549567071815,1002.63745
1549567071855,1002.6098
1549567071892,1002.6098
1549567071930,1002.6098
1549567071969,1002.6098
1549567072008,1002.5857
1549567072046,1002.5857
1549567072083,1002.5857
1549567072126,1002.5857
1549567072165,1002.5541
1549567072200,1002.5541
1549567072239,1002.5541
1549567072278,1002.5541
1549567072316,1002.52637
1549567072352,1002.52637
1549567072391,1002.52637
1549567072431,1002.52637
1549567072474,1002.49066
1549567072508,1002.49066
1549567072547,1002.49066
1549567072584,1002.49066
1549567072623,1002.4723
1549567072663,1002.4723
1549567072700,1002.4723
1549567072739,1002.4723
1549567072777,1002.4381
1549567072816,1002.4381
1549567072855,1002.4381
1549567072894,1002.4381
1549567072930,1002.4381
1549567072968,1002.4137
1549567073008,1002.4137
1549567073047,1002.4137
1549567073084,1002.4137
1549567073122,1002.38635
1549567073162,1002.38635
1549567073201,1002.38635
1549567073241,1002.38635
1549567073277,1002.3635
1549567073314,1002.3635
1549567073353,1002.3635
1549567073392,1002.3635
1549567073431,1002.35034
1549567073468,1002.35034
1549567073507,1002.35034
1549567073548,1002.35034
1549567073587,1002.3279
1549567073623,1002.3279
1549567073661,1002.3279
1549567073699,1002.3279
1549567073739,1002.31995
1549567073778,1002.31995
1549567073815,1002.31995
1549567073855,1002.31995
1549567073892,1002.3043
1549567073931,1002.3043
1549567073970,1002.3043
1549567074006,1002.3043
1549567074045,1002.2915
1549567074083,1002.2915
1549567074121,1002.2915
1549567074162,1002.2915
1549567074199,1002.2915
1549567074239,1002.2848
1549567074277,1002.2848
1549567074315,1002.2848
1549567074354,1002.2848
1549567074393,1002.2772
1549567074433,1002.2772
1549567074469,1002.2772
1549567074507,1002.2772
1549567074546,1002.27454
1549567074586,1002.27454
1549567074623,1002.27454
1549567074662,1002.27454
1549567074699,1002.27466
1549567074738,1002.27466
1549567074777,1002.27466
1549567074814,1002.27466
1549567074852,1002.26746
1549567074895,1002.26746
1549567074930,1002.26746
1549567074969,1002.26746
1549567075006,1002.27075
1549567075045,1002.27075
1549567075083,1002.27075
1549567075121,1002.27075
1549567075160,1002.2887
1549567075200,1002.2887
1549567075239,1002.2887
1549567075275,1002.2887
1549567075314,1002.2887
1549567075354,1002.2969
1549567075391,1002.2969
1549567075430,1002.2969
1549567075473,1002.2969
1549567075507,1002.29254
1549567075545,1002.29254
1549567075584,1002.29254
1549567075624,1002.29254
1549567075660,1002.285
1549567075699,1002.285
1549567075737,1002.285
1549567075777,1002.285
1549567075815,1002.2806
1549567075853,1002.2806
1549567075894,1002.2806
1549567075931,1002.2806
1549567075971,1002.2714
1549567076006,1002.2714
1549567076050,1002.2714
1549567076083,1002.2714
1549567076124,1002.24677
1549567076162,1002.24677
1549567076199,1002.24677
1549567076237,1002.24677
1549567076276,1002.2263
1549567076315,1002.2263
1549567076353,1002.2263
1549567076390,1002.2263
1549567076430,1002.2263
1549567076468,1002.21423
1549567076506,1002.21423
1549567076544,1002.21423
1549567076583,1002.21423
1549567076626,1002.2147
1549567076661,1002.2147
1549567076700,1002.2147
1549567076738,1002.2147
1549567076777,1002.20557
1549567076816,1002.20557
1549567076852,1002.20557
1549567076890,1002.20557
1549567076929,1002.19635
1549567076967,1002.19635
1549567077006,1002.19635
1549567077045,1002.19635
1549567077088,1002.1972
1549567077122,1002.1972
1549567077163,1002.1972
1549567077197,1002.1972
1549567077239,1002.1836
1549567077277,1002.1836
1549567077315,1002.1836
1549567077354,1002.1836
1549567077393,1002.1816
1549567077429,1002.1816
1549567077467,1002.1816
1549567077507,1002.1816
1549567077546,1002.1816
1549567077583,1002.1764
1549567077623,1002.1764
1549567077661,1002.1764
1549567077699,1002.1764
1549567077737,1002.1647
1549567077775,1002.1647
1549567077815,1002.1647
1549567077854,1002.1647
1549567077893,1002.1668
1549567077929,1002.1668
1549567077967,1002.1668
1549567078006,1002.1668
1549567078046,1002.1583
1549567078084,1002.1583
1549567078122,1002.1583
1549567078159,1002.1583
1549567078199,1002.15436
1549567078238,1002.15436
1549567078275,1002.15436
1549567078315,1002.15436
1549567078351,1002.1516
1549567078389,1002.1516
1549567078428,1002.1516
1549567078469,1002.1516
1549567078506,1002.14764
1549567078545,1002.14764
1549567078582,1002.14764
1549567078623,1002.14764
1549567078660,1002.14764
1549567078698,1002.13794
1549567078737,1002.13794
1549567078775,1002.13794
1549567078815,1002.13794
1549567078853,1002.132
1549567078892,1002.132
1549567078930,1002.132
1549567078968,1002.132
1549567079011,1002.1284
1549567079044,1002.1284
1549567079082,1002.1284
1549567079123,1002.1284
1549567079160,1002.1312
1549567079198,1002.1312
1549567079240,1002.1312
1549567079275,1002.1312
1549567079313,1002.1273
1549567079353,1002.1273
1549567079394,1002.1273
1549567079429,1002.1273
1549567079469,1002.11847
1549567079506,1002.11847
1549567079545,1002.11847
1549567079582,1002.11847
1549567079620,1002.11487
1549567079659,1002.11487
1549567079696,1002.11487
1549567079736,1002.11487
1549567079775,1002.1096
1549567079813,1002.1096
1549567079851,1002.1096
1549567079890,1002.1096
1549567079930,1002.1096
1549567079967,1002.10565
1549567080006,1002.10565
1549567080043,1002.10565
1549567080083,1002.10565
1549567080120,1002.10974
1549567080160,1002.10974
1549567080198,1002.10974
1549567080236,1002.10974
1549567080277,1002.1045
1549567080313,1002.1045
1549567080351,1002.1045
1549567080389,1002.1045
1549567080428,1002.09735
1549567080466,1002.09735
1549567080505,1002.09735
1549567080544,1002.09735
1549567080584,1002.0905
1549567080620,1002.0905
1549567080660,1002.0905
1549567080699,1002.0905
1549567080735,1002.0933
1549567080773,1002.0933
1549567080817,1002.0933
1549567080852,1002.0933
1549567080891,1002.0994
1549567080928,1002.0994
1549567080969,1002.0994
1549567081007,1002.0994
1549567081045,1002.0994
1549567081083,1002.0913
1549567081123,1002.0913
1549567081159,1002.0913
1549567081198,1002.0913
1549567081239,1002.0983
1549567081275,1002.0983
1549567081313,1002.0983
1549567081353,1002.0983
1549567081390,1002.0967
1549567081429,1002.0967
1549567081466,1002.0967
1549567081506,1002.0967
1549567081544,1002.0834
1549567081583,1002.0834
1549567081620,1002.0834
1549567081661,1002.0834
1549567081699,1002.0705
1549567081735,1002.0705
1549567081776,1002.0705
1549567081815,1002.0705
1549567081856,1002.0794
1549567081892,1002.0794
1549567081928,1002.0794
1549567081969,1002.0794
1549567082005,1002.0771
1549567082042,1002.0771
1549567082085,1002.0771
1549567082120,1002.0771
1549567082159,1002.0771
1549567082199,1002.0783
1549567082235,1002.0783
1549567082274,1002.0783
1549567082312,1002.0783
1549567082352,1002.0795
1549567082389,1002.0795
1549567082429,1002.0795
1549567082466,1002.0795
1549567082507,1002.0698
1549567082543,1002.0698
1549567082583,1002.0698
1549567082622,1002.0698
1549567082658,1002.06665
1549567082701,1002.06665
1549567082735,1002.06665
1549567082775,1002.06665
1549567082814,1002.063
1549567082853,1002.063
1549567082893,1002.063
1549567082927,1002.063
1549567082968,1002.0639
1549567083005,1002.0639
1549567083044,1002.0639
1549567083081,1002.0639
1549567083120,1002.0619
1549567083161,1002.0619
1549567083199,1002.0619
1549567083235,1002.0619
1549567083273,1002.0619
1549567083314,1002.05664
1549567083351,1002.05664
1549567083391,1002.05664
1549567083429,1002.05664
1549567083470,1002.0615
1549567083507,1002.0615
1549567083542,1002.0615
1549567083581,1002.0615
1549567083621,1002.06635
1549567083664,1002.06635
1549567083698,1002.06635
1549567083737,1002.06635
1549567083774,1002.0853
1549567083812,1002.0853
1549567083851,1002.0853
1549567083890,1002.0853
1549567083928,1002.0992
1549567083966,1002.0992
1549567084006,1002.0992
1549567084042,1002.0992
1549567084081,1002.10364
1549567084119,1002.10364
1549567084159,1002.10364
1549567084197,1002.10364
1549567084237,1002.1129
1549567084276,1002.1129
1549567084312,1002.1129
1549567084351,1002.1129
1549567084390,1002.1239
1549567084429,1002.1239
1549567084467,1002.1239
1549567084505,1002.1239
1549567084543,1002.1239
1549567084582,1002.1425
1549567084620,1002.1425
1549567084658,1002.1425
1549567084697,1002.1425
1549567084736,1002.16473
1549567084773,1002.16473
1549567084811,1002.16473
1549567084851,1002.16473
1549567084890,1002.19183
1549567084927,1002.19183
1549567084967,1002.19183
1549567085013,1002.19183
1549567085042,1002.20154
1549567085080,1002.20154
1549567085120,1002.20154
1549567085157,1002.20154
1549567085198,1002.20636
1549567085235,1002.20636
1549567085272,1002.20636
1549567085313,1002.20636
1549567085350,1002.22015
1549567085390,1002.22015
1549567085430,1002.22015
1549567085466,1002.22015
1549567085506,1002.2259
1549567085542,1002.2259
1549567085581,1002.2259
1549567085620,1002.2259
1549567085658,1002.2259
1549567085697,1002.2275
1549567085734,1002.2275
1549567085773,1002.2275
1549567085812,1002.2275
1549567085850,1002.22876
1549567085888,1002.22876
1549567085931,1002.22876
1549567085967,1002.22876
1549567086012,1002.2223
1549567086041,1002.2223
1549567086080,1002.2223
1549567086122,1002.2223
1549567086157,1002.22186
1549567086196,1002.22186
1549567086235,1002.22186
1549567086274,1002.22186
1549567086311,1002.22186
1549567086351,1002.22186
1549567086387,1002.22186
1549567086427,1002.22186
1549567086466,1002.2328
1549567086504,1002.2328
1549567086542,1002.2328
1549567086581,1002.2328
1549567086618,1002.2402
1549567086658,1002.2402
1549567086696,1002.2402
1549567086735,1002.2402
1549567086772,1002.2402
1549567086813,1002.24304
1549567086851,1002.24304
1549567086889,1002.24304
1549567086930,1002.24304
1549567086965,1002.23615
1549567087004,1002.23615
1549567087043,1002.23615
1549567087082,1002.23615
1549567087120,1002.2293
1549567087157,1002.2293
1549567087195,1002.2293
1549567087234,1002.2293
1549567087274,1002.2293
1549567087315,1002.2293
1549567087350,1002.2293
1549567087389,1002.2293
1549567087426,1002.2318
1549567087465,1002.2318
1549567087504,1002.2318
1549567087541,1002.2318
1549567087579,1002.23627
1549567087620,1002.23627
1549567087658,1002.23627
1549567087695,1002.23627
1549567087735,1002.23755
1549567087772,1002.23755
1549567087813,1002.23755
1549567087851,1002.23755
1549567087891,1002.23755
1549567087972,1002.2388
1549567088005,1002.2388
1549567088006,1002.2388
1549567088041,1002.2388
1549567088082,1002.2388
1549567088118,1002.2388
1549567088159,1002.2388
1549567088198,1002.2388
1549567088244,1002.2384
1549567088271,1002.2384
1549567088314,1002.2384
1549567088353,1002.2384
1549567088387,1002.2377
1549567088425,1002.2377
1549567088580,1002.2324
1549567088581,1002.2324
1549567088617,1002.2324
1549567088657,1002.2324
1549567088696,1002.2304
1549567088733,1002.2304
1549567088772,1002.2304
1549567088810,1002.2304
1549567088852,1002.22034
1549567088890,1002.22034
1549567088927,1002.22034
1549567088964,1002.22034
1549567089002,1002.2123
1549567089045,1002.2123
1549567089094,1002.2123
1549567089124,1002.2123
1549567089162,1002.2026
1549567089194,1002.2026
1549567089233,1002.2026
1549567089272,1002.2026
1549567089311,1002.197
1549567089363,1002.197
1549567089390,1002.197
1549567089443,1002.197
1549567089464,1002.197
1549567089504,1002.1853
1549567089544,1002.1853
1549567089581,1002.1853
1549567089624,1002.1853
1549567089658,1002.1769
1549567089701,1002.1769
1549567089738,1002.1769
1549567089774,1002.1769
1549567089812,1002.15265
1549567089848,1002.15265
1549567089893,1002.15265
1549567089929,1002.15265
1549567089965,1002.13934
1549567090003,1002.13934
1549567090041,1002.13934
1549567090080,1002.13934
1549567090120,1002.1301
1549567090158,1002.1301
1549567090205,1002.1301
1549567090240,1002.1301
1549567090276,1002.0946
1549567090311,1002.0946
1549567090349,1002.0946
1549567090388,1002.0946
1549567090429,1002.06555
1549567090466,1002.06555
1549567090504,1002.06555
1549567090542,1002.06555
1549567090645,1002.06555
1549567090646,1002.04254
1549567090660,1002.04254
1549567090696,1002.04254
1549567090735,1002.04254
1549567090775,1002.01794
1549567090817,1002.01794
1549567090852,1002.01794
1549567090889,1002.01794
1549567090936,1001.9917
1549567090965,1001.9917
1549567091007,1001.9917
1549567091044,1001.9917
1549567091083,1001.96747
1549567091120,1001.96747
1549567091158,1001.96747
1549567091197,1001.96747
1549567091236,1001.94696
1549567091291,1001.94696
1549567091340,1001.94696
1549567091356,1001.94696
1549567091410,1001.9244
1549567091438,1001.9244
1549567091482,1001.9244
1549567091501,1001.9244
1549567091540,1001.90906
1549567091580,1001.90906
1549567091617,1001.90906
1549567091655,1001.90906
1549567091693,1001.90906
1549567091735,1001.88806
1549567091773,1001.88806
1549567091809,1001.88806
1549567091847,1001.88806
1549567091886,1001.86957
1549567091925,1001.86957
1549567091963,1001.86957
1549567092001,1001.86957
1549567092041,1001.8433
1549567092078,1001.8433
1549567092118,1001.8433
1549567092156,1001.8433
1549567092193,1001.82355
1549567092231,1001.82355
1549567092274,1001.82355
1549567092311,1001.82355
1549567092347,1001.79895
1549567092389,1001.79895
1549567092426,1001.79895
1549567092464,1001.79895
1549567092502,1001.7914
1549567092546,1001.7914
1549567092578,1001.7914
1549567092616,1001.7914
1549567092661,1001.7704
1549567092695,1001.7704
1549567092733,1001.7704
1549567092772,1001.7704
1549567092811,1001.7704
1549567092848,1001.75385
1549567092886,1001.75385
1549567092928,1001.75385
1549567092964,1001.75385
1549567093001,1001.7422
1549567093041,1001.7422
1549567093081,1001.7422
1549567093116,1001.7422
1549567093157,1001.73944
1549567093196,1001.73944
1549567093232,1001.73944
1549567093270,1001.73944
1549567093312,1001.7338
1549567093348,1001.7338
1549567093397,1001.7338
1549567093425,1001.7338
1549567093464,1001.7205
1549567093502,1001.7205
1549567093541,1001.7205
1549567093581,1001.7205
1549567093616,1001.71936
1549567093655,1001.71936
1549567093693,1001.71936
1549567093733,1001.71936
1549567093778,1001.71704
1549567093809,1001.71704
1549567093850,1001.71704
1549567093887,1001.71704
1549567093930,1001.7143
1549567093964,1001.7143
1549567094003,1001.7143
1549567094041,1001.7143
1549567094080,1001.7143
1549567094121,1001.7151
1549567094158,1001.7151
1549567094197,1001.7151
1549567094232,1001.7151
1549567094272,1001.71686
1549567094311,1001.71686
1549567094348,1001.71686
1549567094389,1001.71686
1549567094424,1001.71533
1549567094469,1001.71533
1549567094503,1001.71533
1549567094541,1001.71533
1549567094580,1001.71906
1549567094618,1001.71906
1549567094667,1001.71906
1549567094695,1001.71906
1549567094733,1001.7224
1549567094773,1001.7224
1549567094809,1001.7224
1549567094849,1001.7224
1549567094885,1001.7528
1549567094924,1001.7528
1549567094964,1001.7528
1549567095068,1001.7528
1549567095068,1001.7251
1549567095126,1001.7251
1549567095126,1001.7251
1549567095167,1001.7251
1549567095194,1001.7251
1549567095231,1001.71515
1549567095270,1001.71515
1549567095309,1001.71515
1549567095348,1001.71515
1549567095386,1001.7197
1549567095429,1001.7197
1549567095462,1001.7197
1549567095501,1001.7197
1549567095540,1001.72754
1549567095579,1001.72754
1549567095619,1001.72754
1549567095658,1001.72754
1549567095695,1001.72565
1549567095733,1001.72565
1549567095772,1001.72565
1549567095811,1001.72565
1549567095847,1001.72174
1549567095887,1001.72174
1549567095926,1001.72174
1549567095964,1001.72174
1549567096001,1001.71826
1549567096041,1001.71826
1549567096080,1001.71826
1549567096119,1001.71826
1549567096160,1001.7176
1549567096193,1001.7176
1549567096231,1001.7176
1549567096272,1001.7176
1549567096312,1001.7176
1549567096353,1001.7173
1549567096389,1001.7173
1549567096425,1001.7173
1549567096465,1001.7173
1549567096502,1001.7138
1549567096538,1001.7138
1549567096608,1001.7138
1549567096631,1001.7138
1549567096656,1001.7164
1549567096693,1001.7164
1549567096731,1001.7164
1549567096770,1001.7164
1549567096807,1001.72253
1549567096847,1001.72253
1549567096886,1001.72253
1549567096923,1001.72253
1549567096963,1001.73035
1549567097003,1001.73035
1549567097042,1001.73035
1549567097077,1001.73035
1549567097117,1001.72723
1549567097160,1001.72723
1549567097199,1001.72723
1549567097233,1001.72723
1549567097270,1001.73376
1549567097310,1001.73376
1549567097353,1001.73376
1549567097386,1001.73376
1549567097425,1001.73376
1549567097462,1001.7351
1549567097500,1001.7351
1549567097539,1001.7351
1549567097579,1001.7351
1549567097620,1001.73
1549567097656,1001.73
1549567097694,1001.73
1549567097731,1001.73
1549567097771,1001.7224
1549567097811,1001.7224
1549567097851,1001.7224
1549567097887,1001.7224
1549567097928,1001.7128
1549567097962,1001.7128
1549567098004,1001.7128
1549567098041,1001.7128
1549567098079,1001.7064
1549567098126,1001.7064
1549567098155,1001.7064
1549567098193,1001.7064
1549567098232,1001.6924
1549567098270,1001.6924
1549567098312,1001.6924
1549567098347,1001.6924
1549567098387,1001.6925
1549567098428,1001.6925
1549567098465,1001.6925
1549567098500,1001.6925
1549567098540,1001.693
1549567098577,1001.693
1549567098618,1001.693
1549567098666,1001.693
1549567098692,1001.693
1549567098735,1001.6935
1549567098770,1001.6935
1549567098809,1001.6935
1549567098848,1001.6935
1549567098887,1001.69104
1549567098924,1001.69104
1549567098964,1001.69104
1549567099003,1001.69104
1549567099039,1001.6896
1549567099081,1001.6896
1549567099116,1001.6896
1549567099157,1001.6896
1549567099193,1001.6936
1549567099231,1001.6936
1549567099270,1001.6936
1549567099312,1001.6936
1549567099346,1001.6889
1549567099386,1001.6889
1549567099427,1001.6889
1549567099464,1001.6889
1549567099507,1001.68616
1549567099539,1001.68616
1549567099578,1001.68616
1549567099620,1001.68616
1549567099658,1001.6789
1549567099693,1001.6789
1549567099731,1001.6789
1549567099770,1001.6789
1549567099808,1001.6789
1549567099847,1001.6781
1549567099888,1001.6781
1549567099925,1001.6781
1549567099965,1001.6781
1549567100002,1001.6742
1549567100042,1001.6742
1549567100080,1001.6742
1549567100117,1001.6742
1549567100159,1001.67175
1549567100193,1001.67175
1549567100232,1001.67175
1549567100274,1001.67175
1549567100309,1001.6649
1549567100348,1001.6649
1549567100387,1001.6649
1549567100425,1001.6649
1549567100464,1001.6606
1549567100503,1001.6606
1549567100540,1001.6606
1549567100578,1001.6606
1549567100615,1001.6582
1549567100659,1001.6582
1549567100692,1001.6582
1549567100731,1001.6582
1549567100770,1001.6603
1549567100812,1001.6603
1549567100848,1001.6603
1549567100885,1001.6603
1549567100923,1001.6603
1549567100965,1001.6627
1549567101002,1001.6627
1549567101039,1001.6627
1549567101078,1001.6627
1549567101117,1001.6616
1549567101155,1001.6616
1549567101193,1001.6616
1549567101231,1001.6616
1549567101270,1001.658
1549567101307,1001.658
1549567101349,1001.658
1549567101386,1001.658
1549567101424,1001.65234
1549567101463,1001.65234
1549567101499,1001.65234
1549567101539,1001.65234
1549567101584,1001.64966
1549567101626,1001.64966
1549567101654,1001.64966
1549567101691,1001.64966
1549567101732,1001.6465
1549567101770,1001.6465
1549567101807,1001.6465
1549567101848,1001.6465
1549567101885,1001.64856
1549567101924,1001.64856
1549567101962,1001.64856
1549567102002,1001.64856
1549567102039,1001.64856
1549567102076,1001.6459
1549567102116,1001.6459
1549567102156,1001.6459
1549567102195,1001.6459
1549567102230,1001.64185
1549567102271,1001.64185
1549567102308,1001.64185
1549567102346,1001.64185
1549567102384,1001.64355
1549567102424,1001.64355
1549567102462,1001.64355
1549567102500,1001.64355
1549567102542,1001.6497
1549567102577,1001.6497
1549567102617,1001.6497
1549567102659,1001.6497
1549567102710,1001.6478
1549567102729,1001.6478
1549567102773,1001.6478
1549567102807,1001.6478
1549567102845,1001.6447
1549567102885,1001.6447
1549567102924,1001.6447
1549567102965,1001.6447
1549567103004,1001.6505
1549567103040,1001.6505
1549567103079,1001.6505
1549567103115,1001.6505
1549567103162,1001.6445
1549567103193,1001.6445
1549567103231,1001.6445
1549567103271,1001.6445
1549567103308,1001.6445
1549567103348,1001.64746
1549567103385,1001.64746
1549567103426,1001.64746
1549567103462,1001.64746
1549567103499,1001.6532
1549567103541,1001.6532
1549567103578,1001.6532
1549567103622,1001.6532
1549567103656,1001.65295
1549567103692,1001.65295
1549567103731,1001.65295
1549567103769,1001.65295
1549567103810,1001.65295
1549567103847,1001.65295
1549567103888,1001.65295
1549567103924,1001.65295
1549567103962,1001.6543
1549567103999,1001.6543
1549567104040,1001.6543
1549567104078,1001.6543
1549567104116,1001.65405
1549567104157,1001.65405
1549567104193,1001.65405
1549567104233,1001.65405
1549567104269,1001.65533
1549567104307,1001.65533
1549567104347,1001.65533
1549567104386,1001.65533
1549567104425,1001.65533
1549567104462,1001.666
1549567104499,1001.666
1549567104538,1001.666
1549567104578,1001.666
1549567104616,1001.66895
1549567104655,1001.66895
1549567104691,1001.66895
1549567104729,1001.66895
1549567104774,1001.66907
1549567104808,1001.66907
1549567104849,1001.66907
1549567104884,1001.66907
1549567104922,1001.6708
1549567104961,1001.6708
1549567105001,1001.6708
1549567105038,1001.6708
1549567105077,1001.67694
1549567105115,1001.67694
1549567105156,1001.67694
1549567105192,1001.67694
1549567105230,1001.6794
1549567105270,1001.6794
1549567105307,1001.6794
1549567105346,1001.6794
1549567105387,1001.6843
1549567105424,1001.6843
1549567105461,1001.6843
1549567105501,1001.6843
1549567105542,1001.6843
1549567105577,1001.6852
1549567105614,1001.6852
1549567105655,1001.6852
1549567105692,1001.6852
1549567105731,1001.6897
1549567105770,1001.6897
1549567105807,1001.6897
1549567105848,1001.6897
1549567105885,1001.68823
1549567105926,1001.68823
1549567105963,1001.68823
1549567106001,1001.68823
1549567106042,1001.6858
1549567106076,1001.6858
1549567106119,1001.6858
1549567106154,1001.6858
1549567106191,1001.68915
1549567106230,1001.68915
1549567106268,1001.68915
1549567106309,1001.68915
1549567106347,1001.6819
1549567106384,1001.6819
1549567106423,1001.6819
1549567106460,1001.6819
1549567106499,1001.6868
1549567106538,1001.6868
1549567106576,1001.6868
1549567106615,1001.6868
1549567106653,1001.6816
1549567106693,1001.6816
1549567106731,1001.6816
1549567106773,1001.6816
1549567106810,1001.6816
1549567106845,1001.6865
1549567106885,1001.6865
1549567106924,1001.6865
1549567106963,1001.6865
1549567107002,1001.687
1549567107043,1001.687
1549567107076,1001.687
1549567107114,1001.687
1549567107153,1001.6911
1549567107191,1001.6911
1549567107230,1001.6911
1549567107269,1001.6911
1549567107308,1001.69196
1549567107347,1001.69196
1549567107385,1001.69196
1549567107422,1001.69196
1549567107460,1001.6908
1549567107499,1001.6908
1549567107538,1001.6908
1549567107580,1001.6908
1549567107616,1001.69165
1549567107658,1001.69165
1549567107693,1001.69165
1549567107730,1001.69165
1549567107768,1001.67957
1549567107806,1001.67957
1549567107844,1001.67957
1549567107885,1001.67957
1549567107926,1001.67957
1549567107960,1001.67596
1549567107998,1001.67596
1549567108039,1001.67596
1549567108076,1001.67596
1549567108117,1001.67236
1549567108153,1001.67236
1549567108190,1001.67236
1549567108230,1001.67236
1549567108271,1001.67444
1549567108308,1001.67444
1549567108345,1001.67444
1549567108383,1001.67444
1549567108423,1001.6769
1549567108461,1001.6769
1549567108500,1001.6769
1549567108536,1001.6769
1549567108577,1001.67163
1549567108618,1001.67163
1549567108654,1001.67163
1549567108691,1001.67163
1549567108730,1001.66284
1549567108769,1001.66284
1549567108808,1001.66284
1549567108848,1001.66284
1549567108887,1001.65594
1549567108922,1001.65594
1549567108960,1001.65594
1549567109000,1001.65594
1549567109038,1001.65594
1549567109080,1001.6556
1549567109118,1001.6556
1549567109155,1001.6556
1549567109192,1001.6556
1549567109229,1001.6568
1549567109273,1001.6568
1549567109307,1001.6568
1549567109345,1001.6568
1549567109387,1001.6605
1549567109422,1001.6605
1549567109460,1001.6605
1549567109502,1001.6605
1549567109538,1001.6476
1549567109575,1001.6476
1549567109615,1001.6476
1549567109651,1001.6476
1549567109696,1001.6391
1549567109729,1001.6391
1549567109766,1001.6391
1549567109807,1001.6391
1549567109848,1001.63226
1549567109886,1001.63226
1549567109922,1001.63226
1549567109961,1001.63226
1549567109998,1001.6177
1549567110038,1001.6177
1549567110076,1001.6177
1549567110113,1001.6177
1549567110155,1001.60925
1549567110190,1001.60925
1549567110229,1001.60925
1549567110270,1001.60925
1549567110308,1001.60925
1549567110345,1001.5907
1549567110386,1001.5907
1549567110422,1001.5907
1549567110462,1001.5907
1549567110499,1001.56604
1549567110537,1001.56604
1549567110580,1001.56604
1549567110615,1001.56604
1549567110652,1001.54175
1549567110690,1001.54175
1549567110728,1001.54175
1549567110768,1001.54175
1549567110805,1001.51715
1549567110845,1001.51715
1549567110882,1001.51715
1549567110920,1001.51715
1549567110959,1001.4844
1549567111000,1001.4844
1549567111036,1001.4844
1549567111077,1001.4844
1549567111113,1001.4537
1549567111152,1001.4537
1549567111191,1001.4537
1549567111230,1001.4537
1549567111270,1001.42224
1549567111324,1001.42224
1549567111344,1001.42224
1549567111382,1001.42224
1549567111421,1001.42224
1549567111461,1001.3818
1549567111501,1001.3818
1549567111536,1001.3818
1549567111580,1001.3818
1549567111613,1001.3425
1549567111653,1001.3425
1549567111693,1001.3425
1549567111728,1001.3425
1549567111767,1001.3082
1549567111808,1001.3082
1549567111844,1001.3082
1549567111883,1001.3082
1549567111922,1001.2743
1549567111960,1001.2743
1549567112000,1001.2743
1549567112038,1001.2743
1549567112077,1001.2322
1549567112115,1001.2322
1549567112153,1001.2322
1549567112192,1001.2322
1549567112230,1001.20435
1549567112269,1001.20435
1549567112306,1001.20435
1549567112344,1001.20435
1549567112384,1001.1623
1549567112423,1001.1623
1549567112460,1001.1623
1549567112497,1001.1623
1549567112539,1001.1218
1549567112575,1001.1263
1549567112618,1001.1263
1549567112652,1001.1263
1549567112693,1001.1263
1549567112729,1001.08746
1549567112768,1001.08746
1549567112808,1001.08746
1549567112845,1001.08746
1549567112884,1001.0519
1549567112921,1001.0519
1549567112963,1001.0519
1549567112997,1001.0519
1549567113038,1001.01306
1549567113075,1001.01306
1549567113112,1001.01306
1549567113153,1001.01306
1549567113192,1000.98645
1549567113228,1000.98645
1549567113266,1000.98645
1549567113305,1000.98645
1549567113345,1000.9525
1549567113382,1000.9525
1549567113427,1000.9525
1549567113467,1000.9525
1549567113498,1000.9186
1549567113537,1000.9186
1549567113573,1000.9186
1549567113614,1000.9186
1549567113653,1000.88135
1549567113692,1000.88135
1549567113730,1000.88135
1549567113768,1000.88135
1549567113805,1000.88135
1549567113850,1000.8502
1549567113882,1000.8502
1549567113920,1000.8502
1549567113960,1000.8502
1549567113998,1000.8195
1549567114040,1000.8195
1549567114078,1000.8195
1549567114115,1000.8195
1549567114150,1000.7997
1549567114190,1000.7997
1549567114228,1000.7997
1549567114266,1000.7997
1549567114307,1000.7767
1549567114347,1000.7767
1549567114382,1000.7767
1549567114421,1000.7767
1549567114461,1000.7589
1549567114498,1000.7589
1549567114537,1000.7589
1549567114576,1000.7589
1549567114615,1000.7314
1549567114656,1000.7314
1549567114699,1000.7314
1549567114727,1000.7314
1549567114771,1000.7055
1549567114807,1000.7055
1549567114844,1000.7055
1549567114880,1000.7055
1549567114920,1000.7055
1549567114960,1000.68054
1549567114998,1000.68054
1549567115036,1000.68054
1549567115074,1000.68054
1549567115116,1000.6595
1549567115151,1000.6595
1549567115189,1000.6595
1549567115230,1000.6595
1549567115271,1000.63806
1549567115305,1000.63806
1549567115345,1000.63806
1549567115392,1000.63806
1549567115421,1000.62354
1549567115457,1000.62354
1549567115499,1000.62354
1549567115538,1000.62354
1549567115572,1000.61017
1549567115611,1000.61017
1549567115652,1000.61017
1549567115691,1000.61017
1549567115727,1000.594
1549567115767,1000.594
1549567115806,1000.594
1549567115846,1000.594
1549567115883,1000.5823
1549567115921,1000.5823
1549567115958,1000.5823
1549567116000,1000.5823
1549567116036,1000.56775
1549567116075,1000.57184
1549567116113,1000.57184
1549567116150,1000.57184
1549567116191,1000.57184
1549567116229,1000.56177
1549567116267,1000.56177
1549567116306,1000.56177
1549567116342,1000.56177
1549567116381,1000.5504
1549567116422,1000.5504
1549567116460,1000.5504
1549567116496,1000.5504
1549567116540,1000.5484
1549567116578,1000.5484
1549567116613,1000.5484
1549567116651,1000.5484
1549567116697,1000.5496
1549567116727,1000.5496
1549567116766,1000.5496
1549567116805,1000.5496
1549567116845,1000.55176
1549567116886,1000.55176
1549567116919,1000.55176
1549567116959,1000.55176
1549567116998,1000.54364
1549567117036,1000.54364
1549567117075,1000.54364
1549567117114,1000.54364
1549567117150,1000.5416
1549567117189,1000.5416
1549567117227,1000.5416
1549567117266,1000.5416
1549567117305,1000.5416
1549567117344,1000.5368
1549567117382,1000.5368
1549567117420,1000.5368
1549567117467,1000.5368
1549567117499,1000.5425
1549567117545,1000.5425
1549567117575,1000.5425
1549567117611,1000.5425
1549567117652,1000.54175
1549567117695,1000.54175
1549567117726,1000.54175
1549567117768,1000.54175
1549567117808,1000.5413
1549567117845,1000.5413
1549567117883,1000.5413
1549567117921,1000.5413
1549567117960,1000.5409
1549567117997,1000.5409
1549567118035,1000.5409
1549567118077,1000.5409
1549567118114,1000.5398
1549567118153,1000.5398
1549567118188,1000.5398
1549567118227,1000.5398
1549567118267,1000.54706
1549567118304,1000.54706
1549567118343,1000.54706
1549567118381,1000.54706
1549567118419,1000.54706
1549567118460,1000.55237
1549567118499,1000.55237
1549567118537,1000.55237
1549567118575,1000.55237
1549567118613,1000.56415
1549567118653,1000.56415
1549567118689,1000.56415
1549567118727,1000.56415
1549567118765,1000.5662
1549567118804,1000.5662
1549567118844,1000.5662
1549567118882,1000.5662
1549567118920,1000.5703
1549567118958,1000.5703
1549567118999,1000.5703
1549567119040,1000.5703
1549567119072,1000.58777
1549567119112,1000.58777
1549567119153,1000.58777
1549567119194,1000.58777
1549567119225,1000.602
1549567119264,1000.602
1549567119306,1000.602
1549567119343,1000.602
1549567119381,1000.60535
1549567119418,1000.60535
1549567119458,1000.60535
1549567119497,1000.60535
1549567119537,1000.6203
1549567119574,1000.6203
1549567119612,1000.6203
1549567119651,1000.6203
1549567119690,1000.6203
1549567119728,1000.63293
1549567119765,1000.63293
1549567119802,1000.63293
1549567119844,1000.63293
1549567119881,1000.6378
1549567119924,1000.6378
1549567119959,1000.6378
1549567119997,1000.6378
1549567120035,1000.6456
1549567120074,1000.6456
1549567120111,1000.6456
1549567120150,1000.6456
1549567120189,1000.6615
1549567120227,1000.6615
1549567120269,1000.6615
1549567120303,1000.6615
1549567120342,1000.6648
1549567120382,1000.6648
1549567120422,1000.6648
1549567120457,1000.6648
1549567120497,1000.6652
1549567120535,1000.6652
1549567120572,1000.6652
1549567120612,1000.6652
1549567120649,1000.6649
1549567120693,1000.6649
1549567120726,1000.6649
1549567120767,1000.6649
1549567120807,1000.6649
1549567120844,1000.6662
1549567120881,1000.6662
1549567120919,1000.6662
1549567120961,1000.6662
1549567120997,1000.6582
1549567121034,1000.6582
1549567121073,1000.6582
1549567121113,1000.6582
1549567121150,1000.6509
1549567121197,1000.6509
1549567121229,1000.6509
1549567121266,1000.6509
1549567121302,1000.64935
1549567121342,1000.64935
1549567121381,1000.64935
1549567121419,1000.64935
1549567121459,1000.63727
1549567121498,1000.63727
1549567121535,1000.63727
1549567121574,1000.63727
1549567121610,1000.63367
1549567121648,1000.63367
1549567121687,1000.63367
1549567121725,1000.63367
1549567121764,1000.63055
1549567121804,1000.63055
1549567121842,1000.63055
1549567121882,1000.63055
1549567121920,1000.63055
1549567121957,1000.629
1549567121998,1000.629
1549567122035,1000.629
1549567122073,1000.629
1549567122112,1000.6201
1549567122149,1000.6201
1549567122189,1000.6201
1549567122231,1000.6201
1549567122265,1000.6157
1549567122305,1000.6157
1549567122341,1000.6157
1549567122381,1000.6157
1549567122418,1000.6149
1549567122459,1000.6149
1549567122498,1000.6149
1549567122535,1000.6149
1549567122575,1000.6122
1549567122612,1000.6122
1549567122650,1000.6122
1549567122689,1000.6122
1549567122732,1000.6053
1549567122766,1000.6053
1549567122806,1000.6053
1549567122840,1000.6053
1549567122879,1000.6017
1549567122924,1000.6017
1549567122958,1000.6017
1549567122996,1000.6017
1549567123034,1000.5989
1549567123072,1000.5989
1549567123112,1000.5989
1549567123148,1000.5989
1549567123190,1000.5989
1549567123227,1000.6062
1549567123265,1000.6062
1549567123304,1000.6062
1549567123342,1000.6062
1549567123379,1000.6111
1549567123420,1000.6111
1549567123458,1000.6111
1549567123496,1000.6111
1549567123538,1000.6075
1549567123571,1000.6075
1549567123613,1000.6075
1549567123652,1000.6075
1549567123689,1000.60223
1549567123728,1000.60223
1549567123763,1000.60223
1549567123802,1000.60223
1549567123844,1000.6092
1549567123881,1000.6092
1549567123919,1000.6092
1549567123959,1000.6092
1549567123995,1000.6023
1549567124035,1000.6023
1549567124073,1000.6023
1549567124110,1000.6023
1549567124149,1000.60315
1549567124187,1000.60315
1549567124226,1000.60315
1549567124266,1000.60315
1549567124302,1000.60315
1549567124342,1000.6056
1549567124379,1000.6056
1549567124418,1000.6056
1549567124456,1000.6056
1549567124496,1000.5971
1549567124532,1000.5971
1549567124572,1000.5971
1549567124610,1000.5971
1549567124651,1000.60156
1549567124689,1000.60156
1549567124729,1000.60156
1549567124764,1000.60156
1549567124802,1000.60925
1549567124841,1000.60925
1549567124881,1000.60925
1549567124919,1000.60925
1549567124959,1000.61176
1549567124994,1000.61176
1549567125033,1000.61176
1549567125073,1000.61176
1549567125110,1000.6065
1549567125151,1000.6065
1549567125186,1000.6065
1549567125227,1000.6065
1549567125265,1000.6077
1549567125304,1000.6077
1549567125341,1000.6077
1549567125380,1000.6077
1549567125418,1000.6077
1549567125457,1000.6061
1549567125496,1000.6061
1549567125534,1000.6061
1549567125572,1000.6061
1549567125610,1000.60406
1549567125649,1000.60406
1549567125689,1000.60406
1549567125724,1000.60406
1549567125764,1000.605
1549567125802,1000.605
1549567125842,1000.605
1549567125878,1000.605
1549567125919,1000.6062
1549567125956,1000.6062
1549567125998,1000.6062
1549567126032,1000.6062
1549567126072,1000.6013
1549567126117,1000.6013
1549567126149,1000.6013
1549567126188,1000.6013
1549567126228,1000.60095
1549567126266,1000.60095
1549567126303,1000.60095
1549567126346,1000.60095
1549567126380,1000.5993
1549567126418,1000.5993
1549567126455,1000.5993
1549567126496,1000.5993
1549567126532,1000.607
1549567126582,1000.607
1549567126611,1000.607
1549567126647,1000.607
1549567126686,1000.607
1549567126725,1000.60986
1549567126763,1000.60986
1549567126801,1000.60986
1549567126841,1000.60986
1549567126877,1000.6103
1549567126922,1000.6103
1549567126955,1000.6103
1549567127042,1000.6103
1549567127043,1000.62085
1549567127069,1000.62085
1549567127109,1000.62085
1549567127168,1000.62085
1549567127185,1000.6314
1549567127223,1000.6314
1549567127262,1000.6314
1549567127301,1000.6314
1549567127339,1000.63306
1549567127378,1000.63306
1549567127427,1000.63306
1549567127458,1000.63306
1549567127492,1000.63745
1549567127992,1000.6359
1549567127992,1000.6359
1549567127992,1000.6359
1549567127992,1000.6359
1549567127993,1000.6339
1549567127993,1000.6339
1549567127993,1000.6339
1549567127994,1000.6339
1549567127994,1000.64
1549567127994,1000.64
1549567127994,1000.64
1549567128033,1000.64
1549567128072,1000.6432
1549567128108,1000.6432
1549567128149,1000.6432
1549567128193,1000.6432
1549567128230,1000.63513
1549567128270,1000.63513
1549567128303,1000.63513
1549567128340,1000.63513
1549567128379,1000.63513
1549567128418,1000.63513
1549567128461,1000.63513
1549567128507,1000.63513
1549567128540,1000.6319
1549567128573,1000.6319
1549567128608,1000.6319
1549567128648,1000.6319
1549567128687,1000.6416
1549567128726,1000.6416
1549567128765,1000.6416
1549567128809,1000.6416
1549567128844,1000.6416
1549567128878,1000.64124
1549567128917,1000.64124
1549567128956,1000.64124
1549567128997,1000.64124
1549567129052,1000.6396
1549567129071,1000.6396
1549567129110,1000.6396
1549567129149,1000.6396
1549567129186,1000.6444
1549567129223,1000.6444
1549567129270,1000.6444
1549567129302,1000.6444
1549567129345,1000.64124
1549567129380,1000.64124
1549567129418,1000.64124
1549567129454,1000.64124
1549567129494,1000.6505
1549567129544,1000.6505
1549567129574,1000.6505
1549567129610,1000.6505
1549567129647,1000.657
1549567129687,1000.657
1549567129724,1000.657
1549567129768,1000.657
1549567129804,1000.64166
1549567129839,1000.64166
1549567129878,1000.64166
1549567129929,1000.64166
1549567129975,1000.63965
1549567129993,1000.63965
1549567130034,1000.63965
1549567130073,1000.63965
1549567130111,1000.63965
1549567130149,1000.6316
1549567130187,1000.6316
1549567130231,1000.6316
1549567130268,1000.6316
1549567130403,1000.6344
1549567130410,1000.6344
1549567130411,1000.6344
1549567130458,1000.6344
1549567130459,1000.6247
1549567130524,1000.6247
1549567130569,1000.6247
1549567130582,1000.6247
1549567130619,1000.62146
1549567130646,1000.62146
1549567130685,1000.62146
1549567130722,1000.62146
1549567130761,1000.6227
1549567130807,1000.6227
1549567130839,1000.6227
1549567130877,1000.6227
1549567130915,1000.61224
1549567130954,1000.61224
1549567130995,1000.61224
1549567131030,1000.61224
1549567131068,1000.59766
1549567131108,1000.59766
1549567131147,1000.59766
1549567131184,1000.59766
1549567131224,1000.59766
1549567131261,1000.57983
1549567131300,1000.57983
1549567131339,1000.57983
1549567131380,1000.57983
1549567131417,1000.5649
1549567131453,1000.5649
1549567131497,1000.5649
1549567131534,1000.5649
1549567131569,1000.54065
1549567131612,1000.54065
1549567131649,1000.54065
1549567131684,1000.54065
1549567131723,1000.5159
1549567131763,1000.5159
1549567131799,1000.5159
1549567131839,1000.5159
1549567131877,1000.4929
1549567131916,1000.4929
1549567131954,1000.4929
1549567131996,1000.4929
1549567132034,1000.46704
1549567132069,1000.46704
1549567132109,1000.46704
1549567132149,1000.46704
1549567132185,1000.44806
1549567132222,1000.44806
1549567132261,1000.44806
1549567132302,1000.44806
1549567132339,1000.41693
1549567132377,1000.41693
1549567132416,1000.41693
1549567132459,1000.41693
1549567132493,1000.41693
1549567132532,1000.38574
1549567132573,1000.38574
1549567132607,1000.38574
1549567132645,1000.38574
1549567132685,1000.36194
1549567132724,1000.36194
1549567132761,1000.36194
1549567132801,1000.36194
1549567132838,1000.3324
1549567132878,1000.3324
1549567132916,1000.3324
1549567132954,1000.3324
1549567132992,1000.30896
1549567133031,1000.30896
1549567133072,1000.30896
1549567133110,1000.30896
1549567133146,1000.2791
1549567133185,1000.2791
1549567133228,1000.2791
1549567133263,1000.2791
1549567133302,1000.24915
1549567133339,1000.24915
1549567133377,1000.24915
1549567133417,1000.24915
1549567133457,1000.2282
1549567133494,1000.2282
1549567133532,1000.2282
1549567133571,1000.2282
1549567133609,1000.2282
1549567133648,1000.2101
1549567133685,1000.2101
1549567133723,1000.2101
1549567133761,1000.2101
1549567133805,1000.18945
1549567133839,1000.18945
1549567133877,1000.18945
1549567133915,1000.18945
1549567133956,1000.1794
1549567133992,1000.1794
1549567134032,1000.1794
1549567134069,1000.1794
1549567134107,1000.1681
1549567134146,1000.1681
1549567134185,1000.1681
1549567134224,1000.1681
1549567134262,1000.1581
1549567134302,1000.1581
1549567134339,1000.1581
1549567134377,1000.1581
1549567134418,1000.13873
1549567134456,1000.13873
1549567134491,1000.13873
1549567134532,1000.13873
1549567134569,1000.1319
1549567134610,1000.1319
1549567134649,1000.1319
1549567134684,1000.1319
1549567134726,1000.1319
1549567134761,1000.1141
1549567134799,1000.1141
1549567134841,1000.1141
1549567134877,1000.1141
1549567134917,1000.10803
1549567134954,1000.10803
1549567134992,1000.10803
1549567135032,1000.10803
1549567135070,1000.11743
1549567135107,1000.11743
1549567135144,1000.11743
1549567135184,1000.11743
1549567135224,1000.0847
1549567135262,1000.0847
1549567135299,1000.0847
1549567135337,1000.0847
1549567135376,1000.0876
1549567135414,1000.0876
1549567135455,1000.0876
1549567135496,1000.0876
1549567135530,1000.1115
1549567135569,1000.1115
1549567135651,1000.1115
1549567135652,1000.1115
1549567135718,1000.1067
1549567135729,1000.1067
1549567135770,1000.1067
1549567135799,1000.1067
1549567135838,1000.12415
1549567135877,1000.12415
1549567135913,1000.12415
1549567135952,1000.12415
1549567135994,1000.12415
1549567136040,1000.1262
1549567136069,1000.1262
1549567136109,1000.1262
1549567136147,1000.1262
1549567136185,1000.1262
1549567136227,1000.1262
1549567136261,1000.1262
1549567136300,1000.1262
1549567136339,1000.1247
1549567136378,1000.1247
1549567136414,1000.1247
1549567136453,1000.1247
1549567136493,1000.1235
1549567136529,1000.1235
1549567136570,1000.1235
1549567136607,1000.1235
1549567136649,1000.1203
1549567136685,1000.1203
1549567136723,1000.1203
1549567136762,1000.1203
1549567136809,1000.1111
1549567136837,1000.1111
1549567136877,1000.1111
1549567136917,1000.1111
1549567136954,1000.1082
1549567136996,1000.1082
1549567137031,1000.1082
1549567137069,1000.1082
1549567137110,1000.1082
1549567137145,1000.10504
1549567137185,1000.10504
1549567137222,1000.10504
1549567137264,1000.10504
1549567137300,1000.10187
1549567137337,1000.10187
1549567137378,1000.10187
1549567137482,1000.10187
1549567137482,1000.1011
1549567137491,1000.1011
1549567137528,1000.1011
1549567137569,1000.1011
1549567137606,1000.0995
1549567137645,1000.0995
1549567137685,1000.0995
1549567137722,1000.0995
1549567137759,1000.089
1549567137799,1000.089
1549567137837,1000.089
1549567137877,1000.089
1549567137914,1000.0939
1549567137952,1000.0939
1549567137993,1000.0939
1549567138029,1000.0939
1549567138072,1000.0882
1549567138107,1000.0882
1549567138146,1000.0882
1549567138185,1000.0882
1549567138221,1000.0964
1549567138260,1000.0964
1549567138298,1000.0964
1549567138338,1000.0964
1549567138378,1000.0964
1549567138415,1000.1049
1549567138456,1000.1049
1549567138495,1000.1049
1549567138529,1000.1049
1549567138567,1000.1041
1549567138606,1000.1041
1549567138645,1000.1041
1549567138685,1000.1041
1549567138722,1000.10944
1549567138762,1000.10944
1549567138811,1000.10944
1549567138840,1000.10944
1549567138876,1000.09766
1549567138915,1000.09766
1549567138953,1000.09766
1549567138997,1000.09766
1549567139029,1000.1102
1549567139069,1000.1102
1549567139109,1000.1102
1549567139145,1000.1102
1549567139185,1000.10095
1549567139224,1000.10095
1549567139262,1000.10095
1549567139298,1000.10095
1549567139340,1000.08923
1549567139378,1000.08923
1549567139416,1000.08923
1549567139452,1000.08923
1549567139493,1000.08923
1549567139529,1000.0852
1549567139572,1000.0852
1549567139608,1000.0852
1549567139646,1000.0852
1549567139683,1000.06696
1549567139721,1000.06696
1549567139762,1000.06696
1549567139802,1000.06696
1549567139837,1000.0614
1549567139876,1000.0614
1549567139920,1000.0614
1549567139952,1000.0614
1549567139992,1000.0638
1549567140032,1000.0638
1549567140069,1000.0638
1549567140105,1000.0638
1549567140146,1000.0691
1549567140184,1000.0691
1549567140221,1000.0691
1549567140260,1000.0691
1549567140300,1000.07477
1549567140338,1000.07477
1549567140377,1000.07477
1549567140415,1000.07477
1549567140455,1000.0785
1549567140492,1000.0785
1549567140529,1000.0785
1549567140567,1000.0785
1549567140605,1000.0785
1549567140645,1000.08093
1549567140684,1000.08093
1549567140724,1000.08093
1549567140765,1000.08093
1549567140800,1000.07886
1549567140837,1000.07886
1549567140875,1000.07886
1549567140914,1000.07886
1549567140952,1000.0854
1549567140996,1000.0854
1549567141031,1000.0854
1549567141071,1000.0854
1549567141107,1000.08136
1549567141144,1000.08136
