1549564333223,1013.6831
1549564333279,1013.6748
1549564333303,1013.68384
1549564333344,1013.6841
1549564333383,1013.6743
1549564333423,1013.67505
1549564333463,1013.66406
1549564333503,1013.6699
1549564333543,1013.667
1549564333583,1013.66943
1549564333623,1013.66895
1549564333665,1013.6697
1549564333702,1013.6792
1549564333745,1013.6726
1549564333782,1013.6819
1549564333824,1013.6721
1549564333864,1013.67847
1549564333904,1013.67114
1549564333943,1013.6843
1549564333984,1013.69775
1549564334023,1013.6929
1549564334064,1013.69434
1549564334104,1013.6946
1549564334143,1013.6792
1549564334183,1013.678
1549564334223,1013.6826
1549564334264,1013.68604
1549564334303,1013.687
1549564334346,1013.6714
1549564334382,1013.65894
1549564334423,1013.6533
1549564334463,1013.6411
1549564334502,1013.65405
1549564334543,1013.66284
1549564334584,1013.66284
1549564334624,1013.65454
1549564334667,1013.6553
1549564334702,1013.6565
1549564334744,1013.66113
1549564334784,1013.6658
1549564334825,1013.6638
1549564334864,1013.65454
1549564334905,1013.6509
1549564334944,1013.65137
1549564334984,1013.65137
1549564335025,1013.6538
1549564335063,1013.6587
1549564335108,1013.6633
1549564335145,1013.66943
1549564335183,1013.6599
1549564335222,1013.6553
1549564335262,1013.65015
1549564335303,1013.65063
1549564335343,1013.6487
1549564335383,1013.65063
1549564335423,1013.6521
1549564335463,1013.6582
1549564335503,1013.6636
1549564335546,1013.6621
1549564335583,1013.66504
1549564335624,1013.6592
1549564335664,1013.6655
1549564335703,1013.6814
1549564335743,1013.6914
1549564335783,1013.6765
1549564335823,1013.6758
1549564335864,1013.67017
1549564335904,1013.66064
1549564335945,1013.64844
1549564335985,1013.63184
1549564336024,1013.66675
1549564336064,1013.70044
1549564336103,1013.69434
1549564336144,1013.6765
1549564336183,1013.69116
1549564336223,1013.72
1549564336264,1013.7622
1549564336304,1013.82983
1549564336344,1013.83276
1549564336383,1013.80176
1549564336425,1013.79126
1549564336464,1013.82153
1549564336502,1013.802
1549564336544,1013.8613
1549564336584,1013.6721
1549564336624,1013.55396
1549564336664,1013.5034
1549564336703,1013.49365
1549564336744,1013.50195
1549564336784,1013.54785
1549564336824,1013.60986
1549564336863,1013.6743
1549564336903,1013.7068
1549564336945,1013.69604
1549564336983,1013.6699
1549564337025,1013.6179
1549564337063,1013.56616
1549564337103,1013.55615
1549564337144,1013.57764
1549564337184,1013.5742
1549564337224,1013.5935
1549564337263,1013.66406
1549564337303,1013.7058
1549564337345,1013.70874
1549564337384,1013.71484
1549564337426,1013.71484
1549564337463,1013.7407
1549564337503,1013.699
1549564337543,1013.697
1549564337584,1013.6636
1549564337623,1013.5991
1549564337663,1013.489
1549564337702,1013.4529
1549564337744,1013.4292
1549564337783,1013.4783
1549564337823,1013.5542
1549564337865,1013.5991
1549564337903,1013.647
1549564337943,1013.66504
1549564337983,1013.64526
1549564338023,1013.66187
1549564338063,1013.6665
1549564338102,1013.646
1549564338143,1013.60474
1549564338183,1013.5325
1549564338223,1013.5093
1549564338263,1013.4446
1549564338303,1013.4038
1549564338343,1013.4221
1549564338383,1013.50903
1549564338423,1013.5718
1549564338463,1013.61865
1549564338502,1013.64624
1549564338544,1013.6797
1549564338583,1013.7356
1549564338623,1013.7283
1549564338664,1013.70264
1549564338703,1013.66895
1549564338743,1013.6245
1549564338783,1013.6465
1549564338823,1013.6499
1549564338862,1013.6282
1549564338903,1013.521
1549564338944,1013.4031
1549564338983,1013.2981
1549564339023,1013.2671
1549564339062,1013.2976
1549564339103,1013.3484
1549564339143,1013.4075
1549564339185,1013.46606
1549564339223,1013.51636
1549564339263,1013.55176
1549564339303,1013.56104
1549564339343,1013.57007
1549564339383,1013.5808
1549564339423,1013.56616
1549564339463,1013.5227
1549564339502,1013.468
1549564339543,1013.4536
1549564339583,1013.46704
1549564339623,1013.49365
1549564339663,1013.50366
1549564339703,1013.5647
1549564339743,1013.6035
1549564339783,1013.63477
1549564339824,1013.6565
1549564339863,1013.6638
1549564339903,1013.6638
1549564339943,1013.67163
1549564339983,1013.6467
1549564340024,1013.6865
1549564340063,1013.656
1549564340103,1013.5657
1549564340143,1013.39404
1549564340183,1013.3181
1549564340223,1013.31226
1549564340262,1013.3186
1549564340303,1013.333
1549564340343,1013.37427
1549564340382,1013.4343
1549564340424,1013.4817
1549564340463,1013.53784
1549564340502,1013.56836
1549564340543,1013.5681
1549564340582,1013.5574
1549564340623,1013.522
1549564340664,1013.45483
1549564340703,1013.42236
1549564340744,1013.41284
1549564340783,1013.41943
1549564340823,1013.4282
1549564340862,1013.4607
1549564340904,1013.51685
1549564340943,1013.54517
1549564340982,1013.57007
1549564341024,1013.58887
1549564341063,1013.6162
1549564341104,1013.6196
1549564341143,1013.5867
1549564341183,1013.6008
1549564341224,1013.59546
1549564341263,1013.50977
1549564341304,1013.3784
1549564341343,1013.3081
1549564341383,1013.28613
1549564341423,1013.303
1549564341464,1013.31616
1549564341505,1013.3535
1549564341545,1013.40283
1549564341583,1013.4468
1549564341623,1013.49805
1549564341664,1013.5244
1549564341704,1013.5271
1549564341743,1013.49
1549564341783,1013.4531
1549564341823,1013.4138
1549564341863,1013.3779
1549564341903,1013.4009
1549564341944,1013.4287
1549564341983,1013.4485
1549564342023,1013.4668
1549564342063,1013.50415
1549564342104,1013.5281
1549564342143,1013.55396
1549564342183,1013.5569
1549564342223,1013.54297
1549564342264,1013.54443
1549564342304,1013.5857
1549564342343,1013.5537
1549564342382,1013.5537
1549564342423,1013.5625
1549564342462,1013.3784
1549564342503,1013.27515
1549564342543,1013.25195
1549564342583,1013.27783
1549564342623,1013.31104
1549564342663,1013.3606
1549564342704,1013.41406
1549564342743,1013.4324
1549564342783,1013.44946
1549564342824,1013.4453
1549564342863,1013.4402
1549564342904,1013.417
1549564342943,1013.38135
1549564342983,1013.3474
1549564343024,1013.3259
1549564343064,1013.3323
1549564343104,1013.3601
1549564343143,1013.3828
1549564343183,1013.41797
1549564343223,1013.48755
1549564343265,1013.52563
1549564343303,1013.5486
1549564343344,1013.5718
1549564343383,1013.59375
1549564343424,1013.56714
1549564343466,1013.54956
1549564343503,1013.5491
1549564343543,1013.4956
1549564343582,1013.34766
1549564343624,1013.25415
1549564343663,1013.2063
1549564343704,1013.20874
1549564343743,1013.2312
1549564343784,1013.2661
1549564343823,1013.31226
1549564343866,1013.364
1549564343904,1013.4048
1549564343945,1013.42114
1549564343983,1013.4236
1549564344024,1013.4238
1549564344062,1013.3816
1549564344104,1013.33203
1549564344143,1013.2844
1549564344183,1013.28613
1549564344223,1013.2949
1549564344265,1013.3098
1549564344304,1013.32764
1549564344344,1013.39844
1549564344383,1013.4585
1549564344424,1013.49316
1549564344463,1013.54175
1549564344504,1013.5857
1549564344544,1013.5752
1549564344583,1013.5486
1549564344623,1013.5359
1549564344664,1013.51294
1549564344704,1013.4448
1549564344742,1013.2676
1549564344783,1013.1726
1549564344825,1013.1223
1549564344863,1013.1223
1549564344904,1013.1301
1549564344945,1013.1592
1549564344983,1013.20703
1549564345024,1013.2512
1549564345065,1013.2903
1549564345104,1013.3479
1549564345143,1013.3613
1549564345183,1013.37134
1549564345223,1013.37134
1549564345262,1013.35034
1549564345304,1013.32153
1549564345345,1013.2632
1549564345384,1013.2268
1549564345424,1013.2278
1549564345466,1013.2478
1549564345505,1013.27246
1549564345543,1013.32666
1549564345583,1013.39355
1549564345624,1013.4436
1549564345663,1013.46484
1549564345707,1013.4983
1549564345744,1013.5115
1549564345783,1013.47485
1549564345824,1013.4155
1549564345863,1013.4253
1549564345903,1013.37256
1549564345942,1013.29346
1549564345985,1013.1316
1549564346024,1013.0791
1549564346073,1013.07104
1549564346106,1013.09717
1549564346144,1013.1648
1549564346184,1013.25
1549564346223,1013.31714
1549564346262,1013.39966
1549564346304,1013.42944
1549564346343,1013.4192
1549564346384,1013.40674
1549564346424,1013.3989
1549564346463,1013.3887
1549564346503,1013.35986
1549564346544,1013.2998
1549564346584,1013.22534
1549564346624,1013.16455
1549564346666,1013.1116
1549564346703,1013.0979
1549564346745,1013.1279
1549564346784,1013.20605
1549564346824,1013.3135
1549564346863,1013.3711
1549564346906,1013.427
1549564346943,1013.49414
1549564346984,1013.54834
1549564347024,1013.5376
1549564347063,1013.45483
1549564347106,1013.3718
1549564347142,1013.345
1549564347183,1013.36646
1549564347223,1013.4326
1549564347263,1013.35034
1549564347304,1013.21216
1549564347345,1013.21216
1549564347390,1013.0957
1549564347424,1013.01587
1549564347464,1012.949
1549564347505,1012.95654
1549564347543,1013.0022
1549564347585,1013.07495
1549564347624,1013.1516
1549564347663,1013.2031
1549564347704,1013.26855
1549564347743,1013.2883
1549564347784,1013.2888
1549564347823,1013.26025
1549564347865,1013.1963
1549564347904,1013.1594
1549564347945,1013.1492
1549564347986,1013.1731
1549564348023,1013.21216
1549564348063,1013.2322
1549564348104,1013.2949
1549564348142,1013.3562
1549564348183,1013.4099
1549564348226,1013.4485
1549564348262,1013.4707
1549564348304,1013.4524
1549564348344,1013.3948
1549564348384,1013.3889
1549564348423,1013.2988
1549564348462,1013.25464
1549564348503,1013.0659
1549564348542,1012.98267
1549564348584,1012.9961
1549564348625,1013.0083
1549564348665,1013.02637
1549564348704,1013.0652
1549564348744,1013.1223
1549564348784,1013.18335
1549564348827,1013.23413
1549564348870,1013.25977
1549564348903,1013.2676
1549564348943,1013.25024
1549564348983,1013.2119
1549564349023,1013.17163
1549564349064,1013.1135
1549564349104,1013.1096
1549564349145,1013.1189
1549564349184,1013.1575
1549564349223,1013.1748
1549564349262,1013.24634
1549564349304,1013.28784
1549564349343,1013.34204
1549564349383,1013.3623
1549564349423,1013.3799
1549564349463,1013.37305
1549564349504,1013.3198
1549564349542,1013.31836
1549564349583,1013.2837
1549564349622,1013.2739
1549564349663,1013.11084
1549564349705,1012.99097
1549564349743,1012.9431
1549564349783,1012.9475
1549564349823,1012.9475
1549564349863,1012.95874
1549564349904,1013.00415
1549564349945,1013.0608
1549564349984,1013.1101
1549564350024,1013.1726
1549564350062,1013.21094
1549564350103,1013.2151
1549564350143,1013.209
1549564350184,1013.18164
1549564350223,1013.1482
1549564350264,1013.09766
1549564350304,1013.08325
1549564350342,1013.084
1549564350383,1013.1089
1549564350424,1013.1194
1549564350466,1013.16284
1549564350504,1013.22046
1549564350544,1013.2632
1549564350584,1013.2969
1549564350623,1013.30786
1549564350664,1013.3447
1549564350704,1013.3296
1549564350744,1013.24243
1549564350783,1013.15454
1549564350822,1013.0718
1549564350864,1013.0884
1549564350903,1013.1028
1549564350946,1013.2019
1549564350985,1013.09595
1549564351024,1013.0559
1549564351064,1012.98804
1549564351104,1012.9463
1549564351143,1012.9448
1549564351183,1012.9612
1549564351224,1012.9856
1549564351264,1013.0342
1549564351304,1013.095
1549564351343,1013.1365
1549564351384,1013.1438
1549564351424,1013.15015
1549564351463,1013.157
1549564351503,1013.1763
1549564351545,1013.20605
1549564351583,1013.2461
1549564351623,1013.25903
1549564351663,1013.2307
1549564351703,1013.2141
1549564351743,1013.13696
1549564351784,1012.9724
1549564351823,1012.93774
1549564351864,1012.9685
1549564351903,1013.01953
1549564351947,1013.08496
1549564351984,1013.1553
1549564352023,1013.2136
1549564352064,1013.25415
1549564352103,1013.3047
1549564352144,1013.3611
1549564352183,1013.4116
1549564352222,1013.4441
1549564352264,1013.45264
1549564352303,1013.45264
1549564352343,1013.3811
1549564352384,1013.1167
1549564352424,1013.1074
1549564352464,1012.9541
1549564352504,1012.91235
1549564352542,1012.9658
1549564352583,1013.0303
1549564352623,1013.083
1549564352665,1013.13696
1549564352704,1013.17725
1549564352743,1013.1763
1549564352784,1013.1321
1549564352823,1013.14526
1549564352863,1013.136
1549564352904,1013.0449
1549564352943,1012.9624
1549564352984,1012.98193
1549564353025,1013.04224
1549564353066,1013.1045
1549564353104,1013.2009
1549564353145,1013.28564
1549564353184,1013.3269
1549564353223,1013.3386
1549564353263,1013.3616
1549564353303,1013.40063
1549564353342,1013.4243
1549564353383,1013.4219
1549564353423,1013.30273
1549564353464,1013.17773
1549564353504,1013.02246
1549564353544,1012.9385
1549564353587,1012.9397
1549564353625,1013.00854
1549564353663,1013.06616
1549564353704,1013.1184
1549564353743,1013.1482
1549564353784,1013.18066
1549564353825,1013.1738
1549564353864,1013.1443
1549564353904,1013.1448
1549564353944,1013.1233
1549564353983,1013.0923
1549564354023,1012.98706
1549564354066,1012.9729
1549564354104,1012.99097
1549564354145,1013.0371
1549564354186,1013.10815
1549564354224,1013.1594
1549564354263,1013.1968
1549564354303,1013.1997
1549564354344,1013.2009
1549564354386,1013.25757
1549564354422,1013.36035
1549564354463,1013.4016
1549564354504,1013.3252
1549564354543,1013.17896
1549564354584,1013.01074
1549564354622,1013.0266
1549564354664,1013.0271
1549564354704,1012.9773
1549564354746,1013.0591
1549564354785,1013.0591
1549564354825,1013.1199
1549564354866,1013.15283
1549564354905,1013.1824
1549564354943,1013.2014
1549564354984,1013.20215
1549564355023,1013.2085
1549564355064,1013.21387
1549564355104,1013.21094
1549564355144,1013.21265
1549564355183,1013.18555
1549564355222,1013.11206
1549564355264,1013.01636
1549564355304,1012.9614
1549564355345,1012.97314
1549564355386,1013.00195
1549564355423,1013.05884
1549564355464,1013.14526
1549564355504,1013.19214
1549564355543,1013.21826
1549564355584,1013.2295
1549564355623,1013.23926
1549564355666,1013.2307
1549564355704,1013.2251
1549564355742,1013.20483
1549564355783,1013.2185
1549564355823,1013.2261
1549564355863,1013.1887
1549564355903,1013.0432
1549564355942,1012.9497
1549564355984,1012.8545
1549564356024,1012.83984
1549564356063,1012.86304
1549564356105,1012.89233
1549564356145,1012.94116
1549564356189,1012.9971
1549564356224,1013.0398
1549564356263,1013.1089
1549564356305,1013.12036
1549564356344,1013.1304
1549564356383,1013.1277
1549564356423,1013.1179
1549564356463,1013.07764
1549564356503,1013.03467
1549564356544,1013.00464
1549564356584,1012.9971
1549564356623,1012.9968
1549564356664,1013.0403
1549564356705,1013.07324
1549564356744,1013.12866
1549564356783,1013.1787
1549564356825,1013.1907
1549564356864,1013.1948
1549564356905,1013.208
1549564356945,1013.21094
1549564356984,1013.1665
1549564357026,1013.1221
1549564357064,1013.12524
1549564357103,1013.11914
1549564357142,1013.0261
1549564357183,1012.8999
1549564357223,1012.8999
1549564357263,1012.8567
1549564357303,1012.855
1549564357344,1012.8533
1549564357384,1012.85986
1549564357423,1012.88916
1549564357464,1012.94165
1549564357504,1012.9946
1549564357544,1013.04956
1549564357587,1013.08276
1549564357623,1013.0813
1549564357664,1013.0862
1549564357703,1013.0867
1549564357743,1013.0654
1549564357783,1013.0459
1549564357823,1013.0166
1549564357864,1012.9673
1549564357904,1012.9431
1549564357944,1012.92065
1549564357985,1012.9033
1549564358025,1012.91504
1549564358068,1012.95337
1549564358104,1013.0344
1549564358145,1013.07275
1549564358183,1013.0779
1549564358223,1013.08325
1549564358263,1013.07495
1549564358304,1013.0471
1549564358343,1013.03296
1549564358384,1013.0642
1549564358422,1013.10547
1549564358463,1013.00464
1549564358502,1012.8689
1549564358543,1012.91455
1549564358585,1012.90283
1549564358623,1012.9597
1549564358665,1013.02686
1549564358705,1013.0652
1549564358743,1013.0857
1549564358783,1013.095
1549564358823,1013.0896
1549564358863,1013.08496
1549564358906,1013.0647
1549564358944,1013.04004
1549564358983,1013.0122
1549564359023,1013.00635
1549564359066,1012.9409
1549564359104,1012.8911
1549564359144,1012.89014
1549564359185,1012.9121
1549564359223,1012.94995
1549564359263,1013.0405
1549564359303,1013.1199
1549564359344,1013.16064
1549564359384,1013.1758
1549564359423,1013.1907
1549564359464,1013.1709
1549564359504,1013.1118
1549564359544,1013.1177
1549564359583,1013.10767
1549564359622,1013.06885
1549564359664,1012.9253
1549564359705,1012.9253
1549564359743,1012.8552
1549564359782,1012.7871
1549564359823,1012.7512
1549564359864,1012.7615
1549564359906,1012.7949
1549564359945,1012.85913
1549564359992,1012.90356
1549564360025,1012.95215
1549564360064,1013.0051
1549564360103,1013.0227
1549564360144,1013.0222
1549564360183,1013.0122
1549564360222,1012.97266
1549564360263,1012.91895
1549564360303,1012.89233
1549564360344,1012.8872
1549564360382,1012.8926
1549564360422,1012.91284
1549564360463,1012.9719
1549564360502,1013.08374
1549564360543,1013.1135
1549564360583,1013.13525
1549564360622,1013.1428
1549564360662,1013.1387
1549564360702,1013.0945
1549564360743,1013.095
1549564360782,1013.1062
1549564360823,1013.09424
1549564360863,1012.94165
1549564360908,1012.80005
1549564360946,1012.7317
1549564360984,1012.698
1549564361024,1012.718
1549564361063,1012.7561
1549564361105,1012.8003
1549564361146,1012.86206
1549564361184,1012.90796
1549564361224,1012.9619
1549564361263,1012.9795
1549564361303,1012.95703
1549564361343,1012.95776
1549564361383,1012.9011
1549564361423,1012.84766
1549564361464,1012.8242
1549564361503,1012.8484
1549564361543,1012.88354
1549564361582,1012.8921
1549564361623,1012.9358
1549564361666,1013.0298
1549564361703,1013.0747
1549564361744,1013.0737
1549564361783,1013.0874
1549564361825,1013.09155
1549564361863,1013.0679
1549564361904,1013.0657
1549564361943,1013.0696
1549564361986,1013.01
1549564362022,1012.8667
1549564362063,1012.72974
1549564362104,1012.68896
1549564362145,1012.6819
1549564362185,1012.6819
1549564362225,1012.69336
1549564362264,1012.73047
1549564362303,1012.7759
1549564362345,1012.8186
1549564362384,1012.8596
1549564362423,1012.8992
1549564362462,1012.9243
1549564362504,1012.9304
1549564362543,1012.91675
1549564362582,1012.8801
1549564362623,1012.83203
1549564362664,1012.7942
1549564362704,1012.78564
1549564362743,1012.7844
1549564362783,1012.843
1549564362823,1012.89355
1549564362864,1012.99805
1549564362905,1013.03687
1549564362945,1013.0691
1549564362987,1013.0637
1549564363024,1013.08716
1549564363065,1013.0857
1549564363103,1013.05493
1549564363143,1013.0813
1549564363184,1013.0088
1549564363223,1012.907
1549564363263,1012.7405
1549564363303,1012.6548
1549564363344,1012.6311
1549564363385,1012.6426
1549564363422,1012.68506
1549564363464,1012.71265
1549564363504,1012.7512
1549564363543,1012.78735
1549564363584,1012.82764
1549564363625,1012.85254
1549564363664,1012.85254
1549564363703,1012.83325
1549564363743,1012.79663
1549564363783,1012.7385
1549564363823,1012.7283
1549564363863,1012.75854
1549564363904,1012.791
1549564363945,1012.84424
1549564363983,1012.8645
1549564364024,1012.9529
1549564364064,1012.99146
1549564364104,1013.02026
1549564364144,1013.0149
1549564364186,1013.00903
1549564364224,1012.9768
1549564364263,1012.93994
1549564364305,1012.9243
1549564364343,1012.9143
1549564364384,1012.8801
1549564364423,1012.751
1549564364463,1012.65576
1549564364503,1012.5928
1549564364544,1012.584
1549564364583,1012.61426
1549564364624,1012.6553
1549564364663,1012.6553
1549564364704,1012.68677
1549564364744,1012.7217
1549564364782,1012.76025
1549564364824,1012.78516
1549564364863,1012.7749
1549564364903,1012.7627
1549564364943,1012.75244
1549564364984,1012.7219
1549564365023,1012.6992
1549564365066,1012.68164
1549564365103,1012.6948
1549564365144,1012.7141
1549564365185,1012.73145
1549564365224,1012.77856
1549564365263,1012.8506
1549564365303,1012.865
1549564365345,1012.8867
1549564365384,1012.9192
1549564365424,1012.93896
1549564365465,1012.9487
1549564365503,1012.9258
1549564365543,1012.94385
1549564365583,1012.8804
1549564365622,1012.729
1549564365664,1012.6001
1549564365705,1012.5405
1549564365745,1012.55054
1549564365783,1012.5674
1549564365824,1012.6062
1549564365864,1012.64746
1549564365905,1012.6843
1549564365945,1012.7234
1549564365987,1012.76514
1549564366024,1012.7727
1549564366064,1012.76025
1549564366103,1012.73193
1549564366143,1012.7163
1549564366185,1012.6658
1549564366224,1012.63916
1549564366263,1012.63086
1549564366303,1012.64014
1549564366344,1012.6492
1549564366383,1012.6892
1549564366424,1012.7632
1549564366463,1012.7959
1549564366502,1012.85254
1549564366543,1012.9075
1549564366582,1012.96436
1549564366625,1012.95264
1549564366664,1012.87915
1549564366706,1012.78906
1549564366745,1012.71265
1549564366783,1012.657
1549564366823,1012.64233
1549564366864,1012.68677
1549564366904,1012.6987
1549564366949,1012.64355
1549564366984,1012.5952
1549564367024,1012.5322
1549564367065,1012.448
1549564367104,1012.45264
1549564367144,1012.45264
1549564367188,1012.50366
1549564367224,1012.55347
1549564367264,1012.6238
1549564367303,1012.699
1549564367344,1012.7302
1549564367385,1012.71484
1549564367424,1012.7051
1549564367462,1012.66895
1549564367504,1012.6526
1549564367544,1012.6638
1549564367583,1012.6848
1549564367624,1012.69995
1549564367662,1012.70215
1549564367707,1012.6736
1549564367743,1012.5996
1549564367783,1012.531
1549564367824,1012.5232
1549564367864,1012.56616
1549564367908,1012.61865
1549564367944,1012.6941
1549564367983,1012.7373
1549564368023,1012.781
1549564368065,1012.8313
1549564368108,1012.8635
1549564368145,1012.8535
1549564368187,1012.8164
1549564368223,1012.79956
1549564368264,1012.79956
1549564368302,1012.8176
1549564368343,1012.65894
1549564368385,1012.5454
1549564368424,1012.49634
1549564368464,1012.4734
1549564368503,1012.4707
1549564368543,1012.49756
1549564368583,1012.57544
1549564368624,1012.6455
1549564368665,1012.7053
1549564368703,1012.7529
1549564368743,1012.74365
1549564368783,1012.7312
1549564368823,1012.7068
1549564368863,1012.687
1549564368905,1012.6333
1549564368944,1012.6045
1549564368984,1012.5774
1549564369024,1012.6028
1549564369064,1012.66016
1549564369105,1012.6946
1549564369144,1012.7512
1549564369183,1012.78467
1549564369224,1012.8169
1549564369263,1012.83716
1549564369304,1012.8474
1549564369344,1012.8391
1549564369383,1012.7976
1549564369424,1012.8174
1549564369462,1012.7793
1549564369504,1012.7329
1549564369543,1012.5725
1549564369583,1012.50903
1549564369624,1012.50903
1549564369664,1012.4668
1549564369704,1012.44824
1549564369744,1012.47
1549564369782,1012.53296
1549564369824,1012.6123
1549564369865,1012.6577
1549564369904,1012.6987
1549564369948,1012.7285
1549564369983,1012.7373
1549564370026,1012.73706
1549564370064,1012.7351
1549564370103,1012.71826
1549564370143,1012.70264
1549564370183,1012.6809
1549564370226,1012.66284
1549564370263,1012.645
1549564370304,1012.5813
1549564370343,1012.50415
1549564370383,1012.45483
1549564370427,1012.45654
1549564370463,1012.48315
1549564370504,1012.5271
1549564370543,1012.5598
1549564370585,1012.5759
1549564370626,1012.5791
1549564370664,1012.603
1549564370708,1012.64136
1549564370749,1012.63965
1549564370784,1012.62036
1549564370824,1012.6072
1549564370864,1012.603
1549564370904,1012.61035
1549564370944,1012.605
1549564370983,1012.5913
1549564371024,1012.59766
1549564371064,1012.6062
1549564371103,1012.6089
1549564371142,1012.5945
1549564371183,1012.647
1549564371224,1012.66943
1549564371263,1012.6709
1549564371303,1012.6399
1549564371343,1012.58545
1549564371383,1012.58105
1549564371426,1012.59106
1549564371463,1012.58594
1549564371504,1012.59766
1549564371543,1012.6011
1549564371585,1012.5957
1549564371624,1012.594
1549564371665,1012.5852
1549564371703,1012.58496
1549564371743,1012.5891
1549564371794,1012.5923
1549564371824,1012.6006
1549564371863,1012.6028
1549564371904,1012.61035
1549564371943,1012.61694
1549564371983,1012.61694
1549564372025,1012.61646
1549564372064,1012.6101
1549564372105,1012.6101
1549564372144,1012.6101
1549564372183,1012.61035
1549564372224,1012.60864
1549564372263,1012.60596
1549564372303,1012.6045
1549564372344,1012.60767
1549564372387,1012.6028
1549564372424,1012.59766
1549564372464,1012.59814
1549564372503,1012.6013
1549564372542,1012.59644
1549564372583,1012.593
1549564372623,1012.5913
1549564372662,1012.6011
