1549563991730,1013.7285
1549563991778,1013.72974
1549563991798,1013.72217
1549563991838,1013.71045
1549563991877,1013.7117
1549563991919,1013.7173
1549563991958,1013.71875
1549563991998,1013.72876
1549563992040,1013.72754
1549563992077,1013.7285
1549563992120,1013.72437
1549563992158,1013.718
1549563992200,1013.72046
1549563992238,1013.72266
1549563992278,1013.72876
1549563992319,1013.7324
1549563992357,1013.72974
1549563992398,1013.7329
1549563992443,1013.72656
1549563992478,1013.7268
1549563992518,1013.72437
1549563992557,1013.72974
1549563992597,1013.7258
1549563992639,1013.7224
1549563992677,1013.7207
1549563992718,1013.72437
1549563992763,1013.72876
1549563992798,1013.73145
1549563992838,1013.72266
1549563992878,1013.71313
1549563992921,1013.709
1549563992959,1013.71216
1549563993001,1013.72314
1549563993038,1013.72705
1549563993076,1013.7268
1549563993121,1013.729
1549563993160,1013.72974
1549563993199,1013.73047
1549563993239,1013.73096
1549563993282,1013.73267
1549563993323,1013.7256
1549563993359,1013.72
1549563993400,1013.7163
1549563993441,1013.7212
1549563993478,1013.7212
1549563993518,1013.7175
1549563993557,1013.71265
1549563993599,1013.7102
1549563993639,1013.71606
1549563993676,1013.7141
1549563993725,1013.7107
1549563993757,1013.718
1549563993799,1013.7219
1549563993839,1013.72705
1549563993877,1013.73267
1549563993919,1013.7322
1549563993957,1013.7363
1549563993999,1013.72754
1549563994039,1013.7363
1549563994077,1013.74194
1549563994124,1013.7373
1549563994158,1013.7346
1549563994199,1013.7283
1549563994237,1013.72705
1549563994277,1013.7322
1549563994319,1013.7302
1549563994358,1013.7361
1549563994399,1013.73413
1549563994438,1013.73975
1549563994476,1013.7317
1549563994518,1013.72314
1549563994558,1013.7356
1549563994599,1013.7407
1549563994638,1013.73926
1549563994676,1013.73706
1549563994718,1013.7307
1549563994757,1013.728
1549563994798,1013.73145
1549563994837,1013.73315
1549563994877,1013.72705
1549563994918,1013.73584
1549563994960,1013.739
1549563994997,1013.7334
1549563995037,1013.7346
1549563995077,1013.73267
1549563995118,1013.73047
1549563995157,1013.73413
1549563995198,1013.7329
1549563995238,1013.7339
1549563995278,1013.7417
1549563995320,1013.74585
1549563995357,1013.7551
1549563995399,1013.7385
1549563995437,1013.74414
1549563995478,1013.73193
1549563995517,1013.72705
1549563995557,1013.7134
1549563995598,1013.7156
1549563995637,1013.7556
1549563995677,1013.75464
1549563995721,1013.7373
1549563995759,1013.7195
1549563995799,1013.7097
1549563995837,1013.7092
1549563995877,1013.7112
1549563995918,1013.7229
1549563995957,1013.7229
1549563996000,1013.73
1549563996037,1013.7449
1549563996080,1013.7544
1549563996118,1013.7632
1549563996157,1013.77075
1549563996198,1013.77344
1549563996237,1013.77026
1549563996277,1013.77
1549563996318,1013.7634
1549563996360,1013.7551
1549563996400,1013.7334
1549563996437,1013.719
1549563996480,1013.7395
1549563996524,1013.75024
1549563996558,1013.7571
1549563996600,1013.7561
1549563996638,1013.7549
1549563996679,1013.7573
1549563996719,1013.7588
1549563996758,1013.75635
1549563996800,1013.7595
1549563996843,1013.7649
1549563996879,1013.77515
1549563996919,1013.79004
1549563996962,1013.7737
1549563997003,1013.7888
1549563997037,1013.7871
1549563997078,1013.7871
1549563997120,1013.7815
1549563997157,1013.77954
1549563997199,1013.7903
1549563997238,1013.8064
1549563997281,1013.7915
1549563997317,1013.79517
1549563997357,1013.8003
1549563997399,1013.8052
1549563997437,1013.8076
1549563997478,1013.8081
1549563997517,1013.8093
1549563997556,1013.7991
1549563997598,1013.802
1549563997638,1013.80566
1549563997677,1013.8152
1549563997718,1013.8115
1549563997756,1013.78613
1549563997799,1013.7666
1549563997838,1013.76587
1549563997878,1013.76733
1549563997918,1013.7632
1549563997957,1013.75977
1549563997998,1013.77026
1549563998037,1013.7881
1549563998078,1013.82324
1549563998118,1013.8523
1549563998157,1013.87744
1549563998197,1013.88135
1549563998237,1013.876
1549563998278,1013.8711
1549563998317,1013.8657
1549563998356,1013.8745
1549563998399,1013.8992
1549563998437,1013.8992
1549563998478,1013.90894
1549563998517,1013.89575
1549563998556,1013.8589
1549563998598,1013.82446
1549563998637,1013.7849
1549563998678,1013.72974
1549563998717,1013.69165
1549563998757,1013.68726
1549563998798,1013.68604
1549563998838,1013.70166
1549563998879,1013.72144
1549563998918,1013.7527
1549563998959,1013.7737
1549563998999,1013.79224
1549563999036,1013.8176
1549563999078,1013.83105
1549563999118,1013.8252
1549563999158,1013.82324
1549563999198,1013.8198
1549563999237,1013.81445
1549563999278,1013.8147
1549563999317,1013.8142
1549563999357,1013.8164
1549563999397,1013.802
1549563999437,1013.78784
1549563999479,1013.7637
1549563999524,1013.74194
1549563999558,1013.7141
1549563999597,1013.69604
1549563999638,1013.7024
1549563999679,1013.73047
1549563999717,1013.7639
1549563999757,1013.81665
1549563999797,1013.85864
1549563999837,1013.88403
1549563999878,1013.88745
1549563999917,1013.8777
1549563999958,1013.87305
1549563999997,1013.8633
1549564000036,1013.8784
1549564000079,1013.8862
1549564000118,1013.8987
1549564000158,1013.9009
1549564000197,1013.8882
1549564000236,1013.85376
1549564000278,1013.83594
1549564000317,1013.8125
1549564000358,1013.7595
1549564000398,1013.71655
1549564000436,1013.6824
1549564000478,1013.66455
1549564000517,1013.6726
1549564000557,1013.67896
1549564000597,1013.699
1549564000639,1013.71924
1549564000679,1013.74194
1549564000718,1013.7561
1549564000757,1013.76587
1549564000798,1013.7715
1549564000837,1013.7759
1549564000878,1013.7759
1549564000918,1013.7822
1549564000957,1013.7903
1549564000997,1013.79443
1549564001037,1013.8025
1549564001078,1013.80493
1549564001118,1013.8174
1549564001157,1013.8081
1549564001198,1013.7776
1549564001237,1013.7444
1549564001278,1013.72925
1549564001317,1013.72534
1549564001358,1013.73584
1549564001398,1013.7505
1549564001436,1013.7698
1549564001479,1013.8074
1549564001517,1013.8474
1549564001559,1013.87085
1549564001598,1013.8716
1549564001637,1013.86426
1549564001678,1013.8552
1549564001720,1013.8574
1549564001760,1013.86694
1549564001797,1013.8838
1549564001837,1013.90063
1549564001878,1013.9155
1549564001917,1013.9104
1549564001958,1013.8889
1549564001998,1013.84766
1549564002036,1013.7959
1549564002078,1013.72534
1549564002117,1013.6858
1549564002159,1013.66016
1549564002197,1013.65576
1549564002238,1013.66724
1549564002278,1013.6824
1549564002319,1013.7134
1549564002358,1013.7334
1549564002398,1013.7573
1549564002438,1013.76416
1549564002478,1013.77344
1549564002517,1013.7798
1549564002558,1013.78906
1549564002597,1013.80005
1549564002637,1013.8081
1549564002677,1013.8115
1549564002717,1013.8147
1549564002757,1013.81323
1549564002797,1013.802
1549564002837,1013.7854
1549564002878,1013.76196
1549564002917,1013.7422
1549564002958,1013.73926
1549564002997,1013.7383
1549564003037,1013.73535
1549564003077,1013.72363
1549564003120,1013.7207
1549564003158,1013.73315
1549564003197,1013.75903
1549564003238,1013.79736
1549564003279,1013.8218
1549564003319,1013.8269
1549564003359,1013.8269
1549564003398,1013.83057
1549564003441,1013.8428
1549564003478,1013.8474
1549564003527,1013.84985
1549564003558,1013.85547
1549564003598,1013.87305
1549564003641,1013.886
1549564003678,1013.88135
1549564003717,1013.8672
1549564003759,1013.8535
1549564003798,1013.8203
1549564003841,1013.76245
1549564003878,1013.7207
1549564003918,1013.6992
1549564003959,1013.69556
1549564004005,1013.68896
1549564004045,1013.69434
1549564004079,1013.7009
1549564004117,1013.7117
1549564004159,1013.71875
1549564004199,1013.7307
1549564004239,1013.74536
1549564004278,1013.7488
1549564004318,1013.7595
1549564004359,1013.7676
1549564004397,1013.782
1549564004438,1013.7959
1549564004481,1013.8086
1549564004518,1013.81226
1549564004558,1013.8108
1549564004598,1013.81934
1549564004639,1013.82056
1549564004681,1013.81494
1549564004720,1013.8059
1549564004760,1013.80786
1549564004801,1013.8093
1549564004839,1013.8054
1549564004879,1013.7971
1549564004922,1013.7859
1549564004961,1013.7805
1549564004997,1013.771
1549564005038,1013.75146
1549564005078,1013.73413
1549564005119,1013.7302
1549564005158,1013.74634
1549564005198,1013.7793
1549564005238,1013.8096
1549564005281,1013.8364
1549564005318,1013.8452
1549564005361,1013.85254
1549564005399,1013.853
1549564005440,1013.85425
1549564005480,1013.8457
1549564005518,1013.83374
1549564005558,1013.8159
1549564005597,1013.8208
1549564005639,1013.83154
1549564005679,1013.82446
1549564005717,1013.80615
1549564005759,1013.7864
1549564005801,1013.7444
1549564005840,1013.7444
1549564005889,1013.7102
1549564005918,1013.68286
1549564005960,1013.68335
1549564005998,1013.69214
1549564006043,1013.70557
1549564006078,1013.7251
1549564006117,1013.75
1549564006159,1013.77344
1549564006201,1013.79004
1549564006239,1013.8086
1549564006277,1013.81055
1549564006320,1013.8135
1549564006361,1013.8208
1549564006399,1013.82666
1549564006445,1013.8259
1549564006479,1013.82104
1549564006518,1013.8303
1549564006559,1013.82275
1549564006597,1013.8257
1549564006638,1013.8208
1549564006682,1013.8042
1549564006721,1013.7615
1549564006758,1013.7234
1549564006798,1013.69727
1549564006839,1013.6892
1549564006880,1013.69995
1549564006917,1013.74146
1549564006958,1013.7683
1549564007000,1013.7949
1549564007039,1013.81836
1549564007077,1013.83105
1549564007118,1013.82666
1549564007159,1013.8113
1549564007198,1013.8081
1549564007244,1013.82764
1549564007278,1013.8491
1549564007318,1013.8884
1549564007358,1013.90894
1549564007400,1013.91187
1549564007439,1013.8977
1549564007481,1013.8616
1549564007523,1013.7864
1549564007559,1013.708
1549564007597,1013.6753
1549564007638,1013.65405
1549564007679,1013.65845
1549564007720,1013.6826
1549564007759,1013.7019
1549564007799,1013.7344
1549564007839,1013.7488
1549564007879,1013.7634
1549564007921,1013.782
1549564007959,1013.78174
1549564007998,1013.79614
1549564008042,1013.8208
1549564008077,1013.8203
1549564008118,1013.83325
1549564008159,1013.8296
1549564008198,1013.812
1549564008239,1013.78076
1549564008280,1013.78076
1549564008335,1013.7344
1549564008358,1013.71704
1549564008399,1013.697
1549564008439,1013.6948
1549564008478,1013.7163
1549564008519,1013.7451
1549564008557,1013.78516
1549564008597,1013.82056
1549564008639,1013.8611
1549564008681,1013.87354
1549564008719,1013.87305
1549564008758,1013.864
1549564008798,1013.8696
1549564008841,1013.8921
1549564008878,1013.9314
1549564008918,1013.95215
1549564008964,1013.9219
1549564009017,1013.8843
1549564009039,1013.8196
1549564009077,1013.74927
1549564009118,1013.6914
1549564009158,1013.6614
1549564009199,1013.66455
1549564009243,1013.6763
1549564009278,1013.69653
1549564009320,1013.72314
1549564009360,1013.75244
1549564009399,1013.77954
1549564009440,1013.79663
1549564009479,1013.8142
1549564009522,1013.81836
1549564009561,1013.8342
1549564009596,1013.8379
1549564009639,1013.83887
1549564009678,1013.83594
1549564009720,1013.8218
1549564009759,1013.78564
1549564009798,1013.7427
1549564009839,1013.72095
1549564009878,1013.7095
1549564009920,1013.7024
1549564009959,1013.7129
1549564009999,1013.7307
1549564010043,1013.7742
1549564010079,1013.81934
1549564010119,1013.86304
1549564010157,1013.8779
1549564010198,1013.8777
1549564010240,1013.8677
1549564010278,1013.8699
1549564010318,1013.8926
1549564010361,1013.93604
1549564010398,1013.9568
1549564010438,1013.9275
1549564010478,1013.8933
1549564010520,1013.844
1549564010558,1013.7693
1549564010598,1013.7046
1549564010637,1013.67114
1549564010677,1013.6692
1549564010718,1013.67017
1549564010759,1013.67017
1549564010803,1013.67944
1549564010838,1013.7019
1549564010878,1013.73
1549564010922,1013.7532
1549564010958,1013.77905
1549564011001,1013.79834
1549564011038,1013.8152
1549564011079,1013.8252
1549564011118,1013.8281
1549564011158,1013.82056
1549564011198,1013.82666
1549564011239,1013.8252
1549564011279,1013.8013
1549564011320,1013.7627
1549564011358,1013.7351
1549564011400,1013.7258
1549564011439,1013.7261
1549564011482,1013.7219
1549564011521,1013.72656
1549564011559,1013.7551
1549564011596,1013.80444
1549564011638,1013.8508
1549564011678,1013.8928
1549564011720,1013.90967
1549564011758,1013.8982
1549564011798,1013.87915
1549564011837,1013.8662
1549564011878,1013.8738
1549564011918,1013.91724
1549564011958,1013.93945
1549564011999,1013.91235
1549564012040,1013.87695
1549564012079,1013.8054
1549564012118,1013.7417
1549564012157,1013.68726
1549564012198,1013.6443
1549564012237,1013.6499
1549564012277,1013.6665
1549564012319,1013.6909
1549564012360,1013.7268
1549564012399,1013.7544
1549564012446,1013.7783
1549564012478,1013.79834
1549564012519,1013.80493
1549564012562,1013.81665
1549564012598,1013.834
1549564012638,1013.84546
1549564012679,1013.84644
1549564012718,1013.82764
1549564012757,1013.8098
1549564012801,1013.7754
1549564012838,1013.74097
1549564012880,1013.73047
1549564012918,1013.72437
1549564012962,1013.73145
1549564012999,1013.73486
1549564013041,1013.7495
1549564013077,1013.801
1549564013118,1013.8506
1549564013158,1013.895
1549564013201,1013.9131
1549564013239,1013.9131
1549564013283,1013.9031
1549564013321,1013.885
1549564013359,1013.8694
1549564013400,1013.8552
1549564013438,1013.8623
1549564013477,1013.8789
1549564013519,1013.8784
1549564013558,1013.84204
1549564013599,1013.7937
1549564013638,1013.7283
1549564013677,1013.6819
1549564013718,1013.65967
1549564013759,1013.66797
1549564013798,1013.68994
1549564013838,1013.7063
1549564013878,1013.7368
1549564013919,1013.75
1549564013958,1013.77466
1549564014004,1013.782
1549564014039,1013.7849
1549564014079,1013.7908
1549564014119,1013.7927
1549564014156,1013.79736
1549564014198,1013.7993
1549564014239,1013.8147
1549564014280,1013.8137
1549564014318,1013.79224
1549564014358,1013.76294
1549564014398,1013.7417
1549564014439,1013.72314
1549564014483,1013.7173
1549564014521,1013.71924
1549564014560,1013.73755
1549564014601,1013.7612
1549564014638,1013.7988
1549564014678,1013.8396
1549564014720,1013.87427
1549564014758,1013.8965
1549564014799,1013.8982
1549564014838,1013.8862
1549564014877,1013.8738
1549564014919,1013.86914
1549564014959,1013.87524
1549564015000,1013.8833
1549564015039,1013.8994
1549564015078,1013.89014
1549564015117,1013.86743
1549564015157,1013.8362
1549564015199,1013.7759
1549564015239,1013.71606
1549564015278,1013.69165
1549564015318,1013.68384
1549564015358,1013.7041
1549564015415,1013.72876
1549564015438,1013.75146
1549564015479,1013.7722
1549564015518,1013.78735
1549564015564,1013.81104
1549564015598,1013.82886
1549564015638,1013.82886
1549564015679,1013.84033
1549564015718,1013.84326
1549564015758,1013.8533
1549564015799,1013.8518
1549564015838,1013.85254
1549564015878,1013.8484
1549564015918,1013.84546
1549564015960,1013.8325
1549564015998,1013.8125
1549564016043,1013.76636
1549564016080,1013.7373
1549564016117,1013.719
1549564016158,1013.6909
1549564016200,1013.68945
1549564016240,1013.7095
1549564016285,1013.73486
1549564016318,1013.7727
1549564016358,1013.80005
1549564016400,1013.81104
1549564016439,1013.82104
1549564016483,1013.8176
1549564016519,1013.83496
1549564016558,1013.85376
1549564016599,1013.89453
1549564016637,1013.9241
1549564016679,1013.92065
1549564016721,1013.8882
1549564016761,1013.8303
1549564016800,1013.7612
1549564016838,1013.6968
1549564016879,1013.66675
1549564016919,1013.6565
1549564016957,1013.66675
1549564016998,1013.6892
1549564017037,1013.7239
1549564017079,1013.75635
1549564017118,1013.77734
1549564017157,1013.79346
1549564017200,1013.81104
1549564017238,1013.82275
1549564017278,1013.81934
1549564017319,1013.82764
1549564017360,1013.82935
1549564017398,1013.8186
1549564017438,1013.8113
1549564017478,1013.7803
1549564017518,1013.7427
1549564017557,1013.7085
1549564017599,1013.7024
1549564017638,1013.69116
1549564017678,1013.69775
1549564017721,1013.7212
1549564017758,1013.74756
1549564017798,1013.77734
1549564017845,1013.8069
1549564017879,1013.843
1549564017919,1013.8616
1549564017958,1013.8767
1549564017999,1013.87646
1549564018038,1013.89185
1549564018079,1013.9253
1549564018118,1013.9253
1549564018158,1013.94946
1549564018199,1013.9424
1549564018238,1013.9043
1549564018280,1013.8552
1549564018320,1013.7717
1549564018359,1013.7024
1549564018400,1013.6731
1549564018441,1013.65894
1549564018478,1013.66846
1549564018520,1013.6763
1549564018559,1013.6968
1549564018598,1013.72705
1549564018637,1013.76
1549564018679,1013.7717
1549564018723,1013.7781
1549564018758,1013.791
1549564018799,1013.8135
1549564018839,1013.81396
1549564018879,1013.81494
1549564018917,1013.8125
1549564018958,1013.7998
1549564018999,1013.76636
1549564019041,1013.72266
1549564019080,1013.69824
1549564019117,1013.6931
1549564019159,1013.6926
1549564019198,1013.6863
1549564019240,1013.7053
1549564019279,1013.72314
1549564019317,1013.76294
1549564019359,1013.80664
1549564019398,1013.8303
1549564019439,1013.824
1549564019481,1013.8103
1549564019524,1013.8147
1549564019557,1013.8347
1549564019597,1013.87134
1549564019637,1013.90845
1549564019678,1013.8989
1549564019718,1013.8533
1549564019759,1013.7732
1549564019800,1013.71313
1549564019838,1013.667
1549564019879,1013.64355
1549564019918,1013.6489
1549564019960,1013.68335
1549564020001,1013.7114
1549564020037,1013.7439
1549564020079,1013.7693
1549564020117,1013.7954
1549564020158,1013.8152
1549564020199,1013.83887
1549564020237,1013.8513
1549564020279,1013.8479
1549564020317,1013.83887
1549564020359,1013.83936
1549564020398,1013.82715
1549564020437,1013.7859
1549564020478,1013.7366
1549564020520,1013.7073
1549564020558,1013.7073
1549564020598,1013.6821
1549564020638,1013.68066
1549564020679,1013.7009
1549564020721,1013.73706
1549564020759,1013.7727
1549564020798,1013.8159
1549564020837,1013.8508
1549564020879,1013.8662
1549564020918,1013.85596
1549564020958,1013.83276
1549564020997,1013.8323
1549564021037,1013.8408
1549564021078,1013.87695
1549564021118,1013.8933
1549564021158,1013.85864
1549564021199,1013.7954
1549564021237,1013.7361
1549564021278,1013.71045
1549564021322,1013.6848
1549564021359,1013.68896
1549564021407,1013.6919
1549564021439,1013.699
1549564021477,1013.72534
1549564021518,1013.74976
1549564021559,1013.7678
1549564021598,1013.7905
1549564021637,1013.79517
1549564021679,1013.7988
1549564021719,1013.7876
1549564021767,1013.771
1549564021800,1013.76733
1549564021838,1013.78125
1549564021878,1013.79175
1549564021917,1013.7932
1549564021959,1013.78
1549564022006,1013.76416
1549564022037,1013.749
1549564022089,1013.7434
1549564022118,1013.7405
1549564022159,1013.76
1549564022198,1013.79565
1549564022240,1013.853
1549564022281,1013.88794
1549564022320,1013.9004
1549564022360,1013.897
1549564022413,1013.8838
1549564022439,1013.8567
1549564022489,1013.8435
1549564022517,1013.84204
1549564022559,1013.8594
1549564022598,1013.8723
1549564022639,1013.8445
1549564022677,1013.8164
1549564022718,1013.7627
1549564022759,1013.69604
1549564022799,1013.65454
1549564022837,1013.6365
1549564022877,1013.647
1549564022917,1013.67944
1549564022959,1013.6931
1549564022997,1013.72144
1549564023038,1013.72144
1549564023082,1013.7368
1549564023117,1013.74927
1549564023159,1013.7588
1549564023197,1013.7654
1549564023238,1013.772
1549564023278,1013.79224
1549564023320,1013.81445
1549564023361,1013.8281
1549564023398,1013.8335
1549564023438,1013.8003
1549564023478,1013.7854
1549564023517,1013.7766
1549564023558,1013.7466
1549564023599,1013.73047
1549564023639,1013.72046
1549564023678,1013.7246
1549564023719,1013.7395
1549564023759,1013.76855
1549564023798,1013.7993
1549564023840,1013.8323
1549564023879,1013.8618
1549564023919,1013.87964
1549564023960,1013.87256
1549564023998,1013.8496
1549564024040,1013.8274
1549564024081,1013.82446
1549564024118,1013.8291
1549564024158,1013.845
1549564024198,1013.86255
1549564024239,1013.8467
1549564024280,1013.8169
1549564024318,1013.7549
1549564024364,1013.69824
1549564024398,1013.6719
1549564024440,1013.66455
1549564024478,1013.6885
1549564024526,1013.72534
1549564024567,1013.74634
1549564024599,1013.76636
1549564024638,1013.7964
1549564024677,1013.81885
1549564024718,1013.82324
1549564024761,1013.82324
1549564024797,1013.8325
1549564024839,1013.83276
1549564024878,1013.8384
1549564024917,1013.8357
1549564024958,1013.8262
1549564024998,1013.81616
1549564025039,1013.79175
1549564025078,1013.75073
1549564025119,1013.7378
1549564025158,1013.728
1549564025198,1013.7146
1549564025239,1013.7175
1549564025280,1013.73267
1549564025318,1013.76074
1549564025361,1013.803
1549564025397,1013.84155
1549564025440,1013.8662
1549564025478,1013.8662
1549564025517,1013.8618
1549564025559,1013.8496
1549564025598,1013.8352
1549564025638,1013.8418
1549564025677,1013.8596
1549564025717,1013.8745
1549564025759,1013.89307
1549564025798,1013.8855
1549564025841,1013.8679
1549564025888,1013.8345
1549564025919,1013.7837
1549564025959,1013.7263
1549564026003,1013.698
1549564026039,1013.6907
1549564026081,1013.6992
1549564026118,1013.7285
1549564026159,1013.7566
1549564026197,1013.77905
1549564026239,1013.78174
1549564026290,1013.7959
1549564026320,1013.79614
1549564026359,1013.7942
1549564026398,1013.7888
1549564026440,1013.7883
1549564026488,1013.7949
1549564026518,1013.7991
1549564026559,1013.78687
1549564026597,1013.7676
1549564026639,1013.7466
1549564026677,1013.7339
1549564026718,1013.71875
1549564026760,1013.7073
1549564026797,1013.72314
1549564026839,1013.751
1549564026878,1013.7615
1549564026919,1013.7788
1549564026958,1013.79565
1549564026998,1013.8154
1549564027038,1013.81494
1549564027077,1013.8281
1549564027119,1013.8511
1549564027157,1013.8899
1549564027197,1013.93506
1549564027238,1013.95483
1549564027277,1013.95215
1549564027320,1013.9133
1549564027360,1013.8779
1549564027409,1013.82275
1549564027440,1013.7566
1549564027478,1013.70776
1549564027524,1013.68677
1549564027564,1013.68604
1549564027608,1013.6929
1549564027638,1013.7117
1549564027677,1013.73364
1549564027719,1013.76514
1549564027758,1013.78
1549564027799,1013.77954
1549564027839,1013.79297
1549564027879,1013.79346
1549564027919,1013.79956
1549564027958,1013.79956
1549564027998,1013.80225
1549564028040,1013.813
1549564028078,1013.8191
1549564028123,1013.824
1549564028157,1013.79346
1549564028197,1013.7627
1549564028239,1013.7361
1549564028277,1013.728
1549564028319,1013.71606
1549564028359,1013.71484
1549564028400,1013.7385
1549564028440,1013.7632
1549564028481,1013.80347
1549564028519,1013.84204
1549564028561,1013.86694
1549564028597,1013.87964
1549564028638,1013.87305
1549564028678,1013.8689
1549564028717,1013.8701
1549564028758,1013.8801
1549564028796,1013.91675
1549564028838,1013.9221
1549564028879,1013.89136
1549564028918,1013.8513
1549564028960,1013.78613
1549564029005,1013.7195
1549564029039,1013.68335
1549564029077,1013.6587
1549564029119,1013.6665
1549564029160,1013.6858
1549564029197,1013.7178
1549564029238,1013.73975
1549564029278,1013.77075
1549564029320,1013.7866
1549564029360,1013.7954
1549564029397,1013.8081
1549564029439,1013.81006
1549564029477,1013.8186
1549564029519,1013.82275
1549564029557,1013.8408
1549564029597,1013.84717
1549564029638,1013.81616
1549564029677,1013.77563
1549564029718,1013.7446
1549564029757,1013.7212
1549564029797,1013.70557
1549564029840,1013.7031
1549564029877,1013.7073
1549564029918,1013.7278
1549564029959,1013.75757
1549564029997,1013.79834
1549564030038,1013.8257
1549564030077,1013.84717
1549564030121,1013.8589
1549564030158,1013.8567
1549564030197,1013.8469
1549564030241,1013.8418
1549564030279,1013.84814
1549564030318,1013.8711
1549564030358,1013.8894
1549564030397,1013.8699
1549564030437,1013.8699
1549564030477,1013.8259
1549564030531,1013.7698
1549564030557,1013.6985
1549564030598,1013.6582
1549564030639,1013.6428
1549564030677,1013.66943
1549564030718,1013.7012
1549564030758,1013.73535
1549564030796,1013.74854
1549564030837,1013.77075
1549564030878,1013.7871
1549564030933,1013.79346
1549564030957,1013.8152
1549564031000,1013.8342
1549564031037,1013.845
1549564031076,1013.8574
1549564031117,1013.8616
1549564031156,1013.85205
1549564031197,1013.8174
1549564031237,1013.78
1549564031277,1013.75854
1549564031319,1013.74243
1549564031358,1013.7234
1549564031399,1013.7212
1549564031443,1013.7427
1549564031477,1013.7783
1549564031518,1013.8081
1549564031558,1013.84375
1549564031597,1013.85864
1549564031637,1013.84424
1549564031679,1013.81836
1549564031719,1013.8008
1549564031757,1013.801
1549564031798,1013.8391
1549564031837,1013.885
1549564031877,1013.8906
1549564031917,1013.8523
1549564031958,1013.8196
1549564031998,1013.75854
1549564032037,1013.7058
1549564032077,1013.6819
1549564032118,1013.667
1549564032157,1013.69116
1549564032197,1013.7175
1549564032238,1013.74927
1549564032277,1013.77686
1549564032321,1013.79517
1549564032357,1013.80225
1549564032398,1013.8108
1549564032438,1013.82886
1549564032477,1013.8479
1549564032518,1013.8611
1549564032558,1013.86206
1549564032597,1013.8638
1549564032640,1013.8357
1549564032676,1013.7837
1549564032718,1013.7446
1549564032757,1013.7212
1549564032800,1013.7124
1549564032838,1013.7124
1549564032877,1013.697
1549564032919,1013.69116
1549564032958,1013.70044
1549564032999,1013.7307
1549564033038,1013.77075
1549564033077,1013.8154
1549564033119,1013.8496
1549564033157,1013.8662
1549564033198,1013.86206
1549564033237,1013.8616
1549564033279,1013.87964
1549564033318,1013.9031
1549564033357,1013.91895
1549564033399,1013.9243
1549564033441,1013.9075
1549564033477,1013.8474
1549564033518,1013.76196
1549564033558,1013.70874
1549564033598,1013.67017
1549564033638,1013.6648
1549564033677,1013.6797
1549564033717,1013.71655
1549564033758,1013.74536
1549564033798,1013.7737
1549564033838,1013.79956
1549564033877,1013.80566
1549564033920,1013.8081
1549564033957,1013.8096
1549564033998,1013.8174
1549564034037,1013.824
1549564034080,1013.8235
1549564034117,1013.82153
1549564034158,1013.8218
1549564034197,1013.7991
1549564034237,1013.7573
1549564034277,1013.729
1549564034320,1013.7168
1549564034358,1013.71484
1549564034398,1013.72534
1549564034439,1013.749
1549564034479,1013.78784
1549564034519,1013.8301
1549564034557,1013.86523
1549564034599,1013.8745
1549564034638,1013.8584
1549564034677,1013.8469
1549564034718,1013.86475
1549564034757,1013.89844
1549564034797,1013.93726
1549564034837,1013.95264
1549564034878,1013.9436
1549564034918,1013.9243
1549564034957,1013.8894
1549564035000,1013.82275
1549564035039,1013.7634
1549564035078,1013.7302
1549564035119,1013.7234
1549564035157,1013.7346
1549564035197,1013.75635
1549564035238,1013.78125
1549564035277,1013.8137
1549564035319,1013.8137
1549564035357,1013.8247
1549564035399,1013.8401
1549564035437,1013.84546
1549564035478,1013.8489
1549564035527,1013.85815
1549564035557,1013.8606
1549564035599,1013.8696
1549564035637,1013.86255
1549564035677,1013.8574
1549564035717,1013.86816
1549564035756,1013.85767
1549564035799,1013.8303
1549564035837,1013.7954
1549564035878,1013.7759
1549564035918,1013.7698
1549564035957,1013.76074
1549564035997,1013.77515
1549564036040,1013.8069
1549564036082,1013.8469
1549564036118,1013.8906
1549564036157,1013.9126
1549564036198,1013.9241
1549564036237,1013.91016
1549564036278,1013.8804
1549564036318,1013.85376
1549564036357,1013.8535
1549564036398,1013.88184
1549564036437,1013.89014
1549564036478,1013.88403
1549564036518,1013.8635
1549564036557,1013.8425
1549564036600,1013.8054
1549564036638,1013.77124
1549564036678,1013.7637
1549564036718,1013.7656
1549564036757,1013.7737
1549564036799,1013.78687
1549564036839,1013.80493
1549564036878,1013.8174
1549564036920,1013.8208
1549564036958,1013.82544
1549564036997,1013.8181
1549564037040,1013.8196
1549564037078,1013.8357
1549564037119,1013.8384
1549564037158,1013.8323
1549564037197,1013.8242
1549564037237,1013.822
1549564037278,1013.8318
1549564037317,1013.82715
1549564037357,1013.8262
1549564037397,1013.8047
1549564037437,1013.7749
1549564037478,1013.75635
1549564037518,1013.7488
1549564037557,1013.7368
1549564037598,1013.7363
1549564037636,1013.7634
1549564037683,1013.8064
1549564037716,1013.8396
1549564037759,1013.8396
1549564037797,1013.87695
1549564037838,1013.88403
1549564037878,1013.86084
1549564037919,1013.84546
1549564037957,1013.8242
1549564037999,1013.8159
1549564038037,1013.81934
1549564038078,1013.83813
1549564038117,1013.86304
1549564038156,1013.8889
1549564038199,1013.8882
1549564038237,1013.8721
1549564038278,1013.8235
1549564038320,1013.7566
1549564038357,1013.7219
1549564038407,1013.7141
1549564038437,1013.72095
1549564038478,1013.73193
1549564038518,1013.76025
1549564038558,1013.782
1549564038598,1013.8059
1549564038637,1013.8247
1549564038678,1013.8286
1549564038717,1013.8301
1549564038760,1013.82275
1549564038798,1013.8235
1549564038837,1013.82275
1549564038879,1013.8208
1549564038920,1013.83887
1549564038956,1013.83057
1549564038997,1013.802
1549564039037,1013.76904
1549564039078,1013.74927
1549564039118,1013.7483
1549564039158,1013.7427
1549564039202,1013.74243
1549564039237,1013.7444
1549564039278,1013.7505
1549564039318,1013.7666
1549564039359,1013.79614
1549564039399,1013.8147
1549564039437,1013.8291
1549564039478,1013.8342
1549564039520,1013.8174
1549564039560,1013.8096
1549564039598,1013.8154
1549564039637,1013.8179
1549564039683,1013.8096
1549564039717,1013.781
1549564039760,1013.7561
1549564039797,1013.74805
1549564039837,1013.7544
1549564039877,1013.7649
1549564039922,1013.7715
1549564039958,1013.77686
1549564039999,1013.78687
1549564040037,1013.791
1549564040077,1013.7991
1549564040117,1013.8091
1549564040159,1013.813
1549564040197,1013.7998
1549564040237,1013.7998
1549564040278,1013.79956
1549564040317,1013.8091
1549564040363,1013.8157
1549564040398,1013.82104
1549564040437,1013.823
1549564040478,1013.8176
1549564040520,1013.8303
1549564040558,1013.82983
1549564040598,1013.8281
1549564040638,1013.8181
1549564040683,1013.8157
1549564040717,1013.8074
1549564040761,1013.7976
1549564040797,1013.78394
1549564040841,1013.78296
1549564040878,1013.7656
1549564040919,1013.76807
1549564040957,1013.7556
1549564040998,1013.7617
1549564041037,1013.7947
1549564041078,1013.82324
1549564041117,1013.84985
1549564041159,1013.86523
1549564041201,1013.86597
1549564041237,1013.8533
1549564041279,1013.83496
1549564041318,1013.8286
1549564041358,1013.84546
1549564041398,1013.8721
1549564041437,1013.8865
1549564041490,1013.8638
1549564041522,1013.8313
1549564041558,1013.78345
1549564041599,1013.7273
1549564041637,1013.68994
1549564041677,1013.67236
1549564041719,1013.688
1549564041763,1013.709
1549564041797,1013.72046
1549564041840,1013.74
1549564041878,1013.7571
1549564041918,1013.7739
1549564041958,1013.79956
1549564042000,1013.8054
1549564042037,1013.7886
1549564042079,1013.772
1549564042118,1013.75903
1549564042160,1013.75415
1549564042199,1013.7434
1549564042237,1013.74316
1549564042277,1013.7261
1549564042319,1013.7322
1549564042359,1013.76025
1549564042398,1013.7993
1549564042438,1013.8186
1549564042478,1013.8391
1549564042517,1013.83765
1549564042559,1013.8157
1549564042598,1013.79614
1549564042638,1013.7742
1549564042683,1013.77344
1549564042719,1013.77344
1549564042758,1013.7761
1549564042799,1013.782
1549564042837,1013.791
1549564042880,1013.7932
1549564042920,1013.79224
1549564042961,1013.7905
1549564042998,1013.77954
1549564043039,1013.7556
1549564043078,1013.7449
1549564043120,1013.7422
1549564043158,1013.7395
1549564043197,1013.7339
1549564043237,1013.7593
1549564043278,1013.79663
1549564043318,1013.8157
1549564043360,1013.8225
1549564043399,1013.8103
1549564043438,1013.80444
1549564043478,1013.80396
1549564043517,1013.7849
1549564043559,1013.78345
1549564043602,1013.79224
1549564043637,1013.8015
1549564043680,1013.79663
1549564043717,1013.7903
1549564043757,1013.7627
1549564043798,1013.7434
1549564043837,1013.73
1549564043878,1013.72217
1549564043917,1013.7285
1549564043959,1013.7268
1549564043997,1013.73584
1549564044038,1013.75757
1549564044079,1013.7888
1549564044117,1013.8208
1549564044160,1013.8528
1549564044204,1013.87866
1549564044238,1013.87305
1549564044277,1013.87036
1549564044318,1013.864
1549564044358,1013.8667
1549564044412,1013.87695
1549564044439,1013.90405
1549564044478,1013.92065
1549564044520,1013.8911
1549564044566,1013.84985
1549564044597,1013.8042
1549564044640,1013.74
1549564044679,1013.6846
1549564044716,1013.6638
1549564044759,1013.656
1549564044797,1013.6753
1549564044837,1013.69507
1549564044878,1013.73413
1549564044918,1013.7693
1549564044958,1013.7976
1549564044997,1013.8103
1549564045042,1013.82324
1549564045077,1013.8401
1549564045116,1013.84204
1549564045157,1013.8423
1549564045201,1013.8423
1549564045237,1013.84375
1549564045277,1013.8401
1549564045320,1013.8252
1549564045359,1013.7844
1549564045398,1013.7527
1549564045437,1013.728
1549564045478,1013.71436
1549564045523,1013.7007
1549564045558,1013.68994
1549564045600,1013.7085
1549564045638,1013.7344
1549564045679,1013.76685
1549564045717,1013.8059
1549564045757,1013.8445
1549564045797,1013.8557
1549564045838,1013.8552
1549564045879,1013.8557
1549564045917,1013.8545
1549564045957,1013.8723
1549564045996,1013.91797
1549564046038,1013.948
1549564046078,1013.9426
1549564046118,1013.896
1549564046158,1013.81665
1549564046199,1013.7285
1549564046238,1013.68384
1549564046277,1013.66675
1549564046319,1013.66626
1549564046358,1013.6843
1549564046397,1013.7129
1549564046441,1013.7405
1549564046479,1013.7715
1549564046518,1013.7908
1549564046558,1013.80884
1549564046597,1013.81396
1549564046639,1013.8096
1549564046678,1013.8076
1549564046717,1013.81177
1549564046757,1013.81396
1549564046797,1013.81445
1549564046837,1013.8037
1549564046877,1013.7766
1549564046919,1013.7444
1549564046959,1013.72266
1549564046999,1013.7173
1549564047038,1013.71265
1549564047078,1013.72925
1549564047119,1013.74365
1549564047159,1013.76514
1549564047197,1013.7888
1549564047238,1013.81934
1549564047278,1013.83936
1549564047319,1013.84375
1549564047358,1013.83594
1549564047397,1013.82666
1549564047441,1013.845
1549564047477,1013.87573
1549564047517,1013.90186
1549564047558,1013.9209
1549564047597,1013.9011
1549564047638,1013.9011
1549564047676,1013.87134
1549564047719,1013.834
1549564047757,1013.77637
1549564047797,1013.7212
1549564047839,1013.6958
1549564047883,1013.6941
1549564047919,1013.6985
1549564047958,1013.7112
1549564047998,1013.74756
1549564048039,1013.76953
1549564048080,1013.7815
1549564048119,1013.7837
1549564048158,1013.792
1549564048202,1013.7954
1549564048238,1013.8003
1549564048278,1013.7991
1549564048318,1013.7947
1549564048368,1013.7883
1549564048397,1013.78394
1549564048439,1013.7842
1549564048477,1013.77124
1549564048518,1013.74194
1549564048559,1013.7251
1549564048597,1013.7141
1549564048638,1013.7102
1549564048678,1013.7195
1549564048718,1013.7302
1549564048757,1013.75146
1549564048798,1013.77
1549564048839,1013.7893
1549564048878,1013.80396
1549564048918,1013.8179
1549564048958,1013.82446
1549564048997,1013.8296
1549564049038,1013.83154
1549564049076,1013.8469
1549564049117,1013.87744
1549564049157,1013.89624
1549564049197,1013.89404
1549564049240,1013.87646
1549564049277,1013.84644
1549564049318,1013.8064
1549564049365,1013.74194
1549564049396,1013.71704
1549564049438,1013.70996
1549564049477,1013.7129
1549564049521,1013.71533
1549564049558,1013.7412
1549564049599,1013.7627
1549564049638,1013.78174
1549564049678,1013.7842
1549564049719,1013.78613
1549564049757,1013.7803
1549564049797,1013.7656
1549564049839,1013.76196
1549564049877,1013.7632
1549564049917,1013.77026
1549564049957,1013.77
1549564049998,1013.7783
1549564050038,1013.78906
1549564050077,1013.7771
1549564050119,1013.7771
1549564050158,1013.7522
1549564050198,1013.7258
1549564050238,1013.7117
1549564050277,1013.68945
1549564050318,1013.71094
1549564050358,1013.73047
1549564050398,1013.7593
1549564050439,1013.79297
1549564050478,1013.8174
1549564050519,1013.8462
1549564050559,1013.84717
1549564050600,1013.8491
1549564050638,1013.8406
1549564050677,1013.8428
1549564050717,1013.87036
1549564050756,1013.9055
1549564050797,1013.92847
1549564050837,1013.91504
1549564050878,1013.90137
1549564050918,1013.8777
1549564050958,1013.8584
1549564050999,1013.8025
1549564051039,1013.7307
1549564051077,1013.6885
1549564051129,1013.6677
1549564051157,1013.6658
1549564051201,1013.6792
1549564051238,1013.6975
1549564051276,1013.7202
1549564051317,1013.7637
1549564051357,1013.7827
1549564051398,1013.80444
1549564051438,1013.8086
1549564051478,1013.8098
1549564051520,1013.8059
1549564051557,1013.8115
1549564051598,1013.81006
1549564051639,1013.79834
1549564051677,1013.80493
1549564051718,1013.8098
1549564051758,1013.80566
1549564051797,1013.7864
1549564051838,1013.74927
1549564051877,1013.74927
1549564051918,1013.74
1549564051962,1013.73145
1549564051999,1013.7427
1549564052037,1013.7551
1549564052085,1013.78735
1549564052117,1013.8213
1549564052156,1013.855
1549564052198,1013.8716
1549564052240,1013.8882
1549564052277,1013.8989
1549564052318,1013.9038
1549564052358,1013.92236
1549564052398,1013.94116
1549564052438,1013.9656
1549564052476,1013.9883
1549564052518,1013.96875
1549564052558,1013.96875
1549564052598,1013.93335
1549564052639,1013.85864
1549564052680,1013.78076
1549564052718,1013.7217
1549564052757,1013.68677
1549564052799,1013.6697
1549564052837,1013.676
1549564052877,1013.6819
1549564052919,1013.7014
1549564052957,1013.73755
1549564052999,1013.7754
1549564053040,1013.7942
1549564053077,1013.79834
1549564053118,1013.803
1549564053157,1013.81494
1549564053198,1013.8247
1549564053237,1013.83765
1549564053277,1013.84717
1549564053318,1013.8425
1549564053357,1013.8213
1549564053398,1013.79956
1549564053438,1013.7634
1549564053477,1013.75146
1549564053519,1013.7395
1549564053557,1013.7361
1549564053600,1013.74585
1549564053639,1013.7678
1549564053681,1013.7991
1549564053719,1013.8479
1549564053757,1013.8867
1549564053798,1013.88086
1549564053837,1013.8728
1549564053877,1013.8623
1549564053918,1013.85205
1549564053957,1013.8457
1549564053999,1013.8606
1549564054037,1013.8843
1549564054077,1013.8977
1549564054118,1013.8862
1549564054157,1013.8645
1549564054197,1013.82227
1549564054237,1013.7529
1549564054277,1013.7168
1549564054318,1013.70337
1549564054360,1013.70776
1549564054397,1013.7229
1549564054438,1013.7449
1549564054477,1013.7637
1549564054518,1013.79517
1549564054557,1013.8098
1549564054598,1013.81836
1549564054640,1013.8259
1549564054677,1013.8347
1549564054719,1013.8408
1549564054757,1013.83374
1549564054797,1013.8342
1549564054837,1013.8401
1549564054878,1013.8386
1549564054917,1013.83057
1549564054957,1013.8103
1549564054997,1013.7888
1549564055039,1013.7888
1549564055080,1013.77
1549564055117,1013.7471
1549564055157,1013.72876
1549564055198,1013.7295
1549564055238,1013.7339
1549564055278,1013.7527
1549564055317,1013.7942
1549564055357,1013.83936
1549564055401,1013.87305
1549564055438,1013.8906
1549564055479,1013.89526
1549564055521,1013.8882
1549564055557,1013.86816
1549564055599,1013.84814
1549564055637,1013.83716
1549564055678,1013.8523
1549564055718,1013.85986
1549564055757,1013.84985
1549564055798,1013.81836
1549564055837,1013.76514
1549564055878,1013.7085
1549564055918,1013.6831
1549564055957,1013.6846
1549564055997,1013.70825
1549564056037,1013.7378
1549564056077,1013.76733
1549564056117,1013.7937
1549564056156,1013.8098
1549564056197,1013.82666
1549564056236,1013.82983
1549564056277,1013.8191
1549564056317,1013.82275
1549564056356,1013.82275
1549564056398,1013.8137
1549564056437,1013.81714
1549564056479,1013.82227
1549564056518,1013.8264
1549564056557,1013.8098
1549564056598,1013.79004
1549564056636,1013.7571
1549564056677,1013.7258
1549564056719,1013.7241
1549564056757,1013.71484
1549564056797,1013.72095
1549564056843,1013.74194
1549564056877,1013.7554
1549564056917,1013.781
1549564056960,1013.80786
1549564057012,1013.8406
1549564057039,1013.8535
1549564057081,1013.853
1549564057121,1013.8408
1549564057166,1013.84326
1549564057197,1013.86084
1549564057237,1013.89136
1549564057279,1013.9087
1549564057317,1013.91797
1549564057357,1013.897
1549564057398,1013.85034
1549564057440,1013.77075
1549564057479,1013.77075
1549564057519,1013.7241
1549564057557,1013.6887
1549564057601,1013.67676
1549564057637,1013.68604
1549564057679,1013.699
1549564057720,1013.7246
1549564057757,1013.7532
1549564057798,1013.7754
1549564057838,1013.7888
1549564057878,1013.7988
1549564057918,1013.8103
1549564057959,1013.80884
1549564057999,1013.801
1549564058037,1013.81274
1549564058078,1013.8159
1549564058117,1013.81055
1549564058157,1013.7883
1549564058198,1013.7617
1549564058241,1013.74097
1549564058279,1013.7273
1549564058318,1013.7173
1549564058359,1013.71265
1549564058401,1013.73145
1549564058438,1013.7522
1549564058479,1013.78467
1549564058518,1013.82495
1549564058559,1013.84863
1549564058600,1013.85645
1549564058640,1013.85474
1549564058678,1013.8552
1549564058718,1013.8738
1549564058757,1013.89404
1549564058796,1013.90674
1549564058837,1013.9077
1549564058877,1013.8789
1549564058917,1013.84937
1549564058957,1013.7893
1549564058998,1013.7197
1549564059037,1013.6797
1549564059078,1013.6692
1549564059118,1013.6687
1549564059161,1013.68774
1549564059198,1013.69995
1549564059238,1013.74023
1549564059278,1013.7622
1549564059318,1013.7827
1549564059358,1013.7822
1549564059400,1013.79224
1549564059437,1013.8064
1549564059478,1013.8142
1549564059520,1013.8147
1549564059557,1013.8093
1549564059598,1013.8054
1549564059638,1013.7722
1549564059678,1013.74
1549564059718,1013.7195
1549564059757,1013.7031
1549564059797,1013.697
1549564059837,1013.6963
1549564059879,1013.7117
1549564059918,1013.7461
1549564059958,1013.7461
1549564060000,1013.77856
1549564060038,1013.8164
1549564060078,1013.8374
1549564060120,1013.8308
1549564060158,1013.82544
1549564060197,1013.81665
1549564060236,1013.83105
1549564060277,1013.85596
1549564060317,1013.88086
1549564060359,1013.89307
1549564060401,1013.8843
1549564060437,1013.8701
1549564060479,1013.8552
1549564060519,1013.79565
1549564060558,1013.7363
1549564060597,1013.69165
1549564060650,1013.6714
1549564060677,1013.6758
1549564060719,1013.6863
1549564060759,1013.70557
1549564060798,1013.7383
1549564060838,1013.7744
1549564060878,1013.78906
1549564060921,1013.80347
1549564060971,1013.8013
1549564060997,1013.7998
1549564061038,1013.79565
1549564061080,1013.7893
1549564061116,1013.77954
1549564061159,1013.7749
1549564061197,1013.7573
1549564061237,1013.7449
1549564061278,1013.7217
1549564061317,1013.70874
1549564061357,1013.7097
1549564061399,1013.7229
1549564061437,1013.739
1549564061477,1013.75586
1549564061517,1013.7737
1549564061557,1013.7832
1549564061598,1013.7881
1549564061638,1013.79663
1549564061678,1013.7866
1549564061722,1013.7698
1549564061757,1013.7615
1549564061797,1013.7361
1549564061837,1013.7417
1549564061877,1013.74634
1549564061917,1013.75073
1549564061962,1013.7427
1549564061997,1013.7461
1549564062039,1013.75684
1549564062079,1013.75415
1549564062118,1013.7534
1549564062157,1013.7532
1549564062199,1013.73706
1549564062239,1013.70996
1549564062279,1013.69385
1549564062317,1013.6848
1549564062357,1013.7009
1549564062397,1013.7009
1549564062438,1013.71606
1549564062479,1013.7158
1549564062518,1013.73
1549564062558,1013.75024
1549564062599,1013.7605
1549564062639,1013.74097
1549564062677,1013.7246
1549564062726,1013.72534
1549564062757,1013.7195
1549564062797,1013.7185
1549564062838,1013.72
1549564062878,1013.7173
1549564062941,1013.718
1549564062958,1013.7117
1549564062997,1013.6968
1549564063037,1013.7085
1549564063078,1013.7102
1549564063117,1013.7224
1549564063158,1013.74585
1549564063197,1013.77856
1549564063238,1013.8098
1549564063277,1013.8098
1549564063317,1013.78687
1549564063358,1013.7905
1549564063398,1013.79663
1549564063437,1013.781
1549564063477,1013.7688
1549564063517,1013.76807
1549564063559,1013.76025
1549564063598,1013.7363
1549564063636,1013.71606
1549564063678,1013.70337
1549564063717,1013.69336
1549564063758,1013.7007
1549564063796,1013.7219
1549564063838,1013.73706
1549564063877,1013.7488
1549564063917,1013.7405
1549564063958,1013.7366
1549564063997,1013.74316
1549564064038,1013.7468
1549564064078,1013.75586
1549564064117,1013.7637
1549564064157,1013.76636
1549564064199,1013.75757
1549564064238,1013.7578
1549564064278,1013.75
1549564064317,1013.74585
1549564064357,1013.75146
1549564064397,1013.7466
1549564064438,1013.73926
1549564064477,1013.73315
1549564064516,1013.74365
1549564064558,1013.75073
1549564064597,1013.7554
1549564064638,1013.761
1549564064677,1013.77075
1549564064717,1013.7837
1549564064758,1013.7969
1549564064797,1013.8174
1549564064838,1013.8323
1549564064877,1013.8323
1549564064917,1013.83325
1549564064958,1013.8154
1549564064997,1013.79004
1549564065038,1013.7761
1549564065077,1013.7727
1549564065116,1013.77246
1549564065157,1013.75854
1549564065197,1013.7461
1549564065238,1013.73267
1549564065277,1013.7395
1549564065318,1013.7417
1549564065357,1013.7422
1549564065397,1013.7302
1549564065437,1013.73145
1549564065477,1013.71387
1549564065517,1013.7158
1549564065558,1013.70874
1549564065597,1013.68555
1549564065637,1013.6731
1549564065677,1013.66626
1549564065717,1013.67456
1549564065758,1013.69165
1549564065797,1013.70264
1549564065837,1013.7097
1549564065877,1013.7195
1549564065917,1013.71606
1549564065958,1013.7163
1549564065997,1013.7134
1549564066037,1013.7168
1549564066077,1013.7158
1549564066117,1013.7124
1549564066158,1013.72437
1549564066197,1013.7302
1549564066238,1013.729
1549564066277,1013.7312
1549564066317,1013.7261
1549564066356,1013.7212
1549564066397,1013.7114
1549564066437,1013.70825
1549564066478,1013.70874
1549564066518,1013.69946
1549564066558,1013.69995
1549564066597,1013.7058
1549564066638,1013.69946
1549564066678,1013.7024
1549564066718,1013.7095
1549564066757,1013.71436
1549564066796,1013.72437
1549564066837,1013.72363
1549564066877,1013.7258
1549564066918,1013.7312
1549564066957,1013.73096
1549564066997,1013.73267
1549564067038,1013.7395
1549564067077,1013.7322
1549564067118,1013.7302
1549564067158,1013.7373
1549564067196,1013.73486
1549564067238,1013.72656
1549564067277,1013.7329
1549564067317,1013.7136
1549564067357,1013.7136
1549564067397,1013.7156
1549564067438,1013.73486
1549564067477,1013.7395
1549564067518,1013.7317
1549564067558,1013.7324
1549564067597,1013.73
1549564067638,1013.7268
1549564067677,1013.7283
1549564067717,1013.72314
1549564067759,1013.7258
1549564067796,1013.7344
1549564067840,1013.7434
1549564067877,1013.75464
1549564067918,1013.7444
1549564067958,1013.7388
1549564067997,1013.751
1549564068038,1013.74854
1549564068077,1013.7346
1549564068118,1013.7256
1549564068158,1013.7014
1549564068197,1013.6958
1549564068238,1013.69946
1549564068277,1013.71484
1549564068320,1013.72144
1549564068357,1013.74976
1549564068397,1013.77295
1549564068438,1013.7947
1549564068478,1013.81226
1549564068518,1013.81494
1549564068558,1013.80493
1549564068597,1013.79834
1549564068641,1013.79175
1549564068677,1013.7754
1549564068719,1013.75977
1549564068758,1013.7522
1549564068797,1013.75757
1549564068838,1013.7512
1549564068877,1013.73145
1549564068919,1013.7012
1549564068957,1013.66846
1549564068999,1013.64014
1549564069037,1013.6301
1549564069077,1013.6328
1549564069120,1013.67017
1549564069163,1013.7041
1549564069200,1013.7212
1549564069237,1013.7388
1549564069277,1013.75903
1549564069317,1013.781
1549564069357,1013.79126
1549564069399,1013.7925
1549564069438,1013.79004
1549564069480,1013.78735
1549564069520,1013.782
1549564069559,1013.7837
1549564069599,1013.77783
1549564069638,1013.7737
1549564069677,1013.75366
1549564069720,1013.7158
1549564069758,1013.68774
1549564069797,1013.68774
1549564069837,1013.66626
1549564069878,1013.65137
1549564069919,1013.6482
1549564069958,1013.655
1549564069999,1013.6736
1549564070038,1013.70337
1549564070078,1013.7551
1549564070120,1013.7964
1549564070167,1013.8176
1549564070198,1013.8008
1549564070237,1013.7893
1549564070277,1013.7749
1549564070319,1013.77515
1549564070357,1013.78784
1549564070398,1013.80884
1549564070438,1013.82886
1549564070477,1013.8457
1549564070519,1013.8279
1549564070558,1013.802
1549564070598,1013.7556
1549564070638,1013.7007
1549564070677,1013.6648
1549564070733,1013.6394
1549564070760,1013.63965
1549564070798,1013.6333
1549564070837,1013.6443
1549564070877,1013.6692
1549564070918,1013.68726
1549564070959,1013.7063
1549564070999,1013.72314
1549564071037,1013.73145
1549564071077,1013.7378
1549564071121,1013.74316
1549564071159,1013.74243
1549564071199,1013.75244
1549564071240,1013.7549
1549564071280,1013.751
1549564071318,1013.749
1549564071357,1013.73975
1549564071398,1013.719
1549564071437,1013.7068
1549564071477,1013.6931
1549564071518,1013.6826
1549564071557,1013.6653
1549564071600,1013.678
1549564071637,1013.6892
1549564071677,1013.7258
1549564071719,1013.76733
1549564071757,1013.803
1549564071798,1013.8237
1549564071837,1013.8235
1549564071879,1013.81177
1549564071919,1013.80566
1549564071958,1013.801
1549564072002,1013.8091
1549564072037,1013.83984
1549564072077,1013.8557
1549564072119,1013.8413
1549564072160,1013.8179
1549564072198,1013.7688
1549564072241,1013.7195
1549564072277,1013.66797
1549564072318,1013.66797
1549564072357,1013.6426
1549564072399,1013.6404
1549564072437,1013.63696
1549564072477,1013.65405
1549564072519,1013.6748
1549564072559,1013.69653
1549564072598,1013.7217
1549564072638,1013.72656
1549564072678,1013.74243
1549564072718,1013.7378
1549564072758,1013.74854
1549564072798,1013.7434
1549564072837,1013.7361
1549564072877,1013.7283
1549564072917,1013.7202
1549564072957,1013.7063
1549564072998,1013.697
1549564073038,1013.69604
1549564073079,1013.7007
1549564073121,1013.6887
1549564073157,1013.6836
1549564073199,1013.68823
1549564073239,1013.69727
1549564073277,1013.70557
1549564073317,1013.71265
1549564073357,1013.72
1549564073398,1013.7295
1549564073446,1013.73193
1549564073477,1013.74414
1549564073520,1013.7529
1549564073558,1013.7539
1549564073598,1013.75684
1549564073638,1013.7573
1549564073680,1013.7583
1549564073717,1013.7732
1549564073757,1013.7893
1549564073798,1013.80664
1549564073837,1013.8279
1549564073877,1013.8152
1549564073918,1013.7803
1549564073957,1013.7639
1549564073999,1013.761
1549564074039,1013.75146
1549564074078,1013.749
1549564074121,1013.7412
1549564074157,1013.728
1549564074198,1013.698
1549564074239,1013.688
1549564074278,1013.6836
1549564074317,1013.6753
1549564074357,1013.67163
1549564074398,1013.6592
1549564074437,1013.6648
1549564074479,1013.6802
1549564074519,1013.7012
1549564074560,1013.7195
1549564074597,1013.73706
1549564074637,1013.7549
1549564074679,1013.7539
1549564074728,1013.7671
1549564074758,1013.7671
1549564074799,1013.7932
1549564074837,1013.7964
1549564074877,1013.7832
1549564074919,1013.7749
1549564074957,1013.76196
1549564074999,1013.7549
1549564075040,1013.7583
1549564075080,1013.7466
1549564075119,1013.7451
1549564075157,1013.7107
1549564075197,1013.6824
1549564075237,1013.655
1549564075279,1013.6367
1549564075317,1013.6343
1549564075357,1013.65796
1549564075398,1013.69116
1549564075437,1013.72314
1549564075478,1013.7666
1549564075519,1013.7927
1549564075558,1013.82837
1549564075599,1013.8325
1549564075637,1013.82495
1549564075679,1013.8269
1549564075719,1013.8164
1549564075759,1013.7905
1549564075799,1013.76245
1549564075837,1013.7444
1549564075879,1013.73804
1549564075918,1013.7451
1549564075958,1013.74365
1549564076001,1013.7351
1549564076037,1013.73364
1549564076078,1013.73
1549564076118,1013.72705
1549564076158,1013.72876
1549564076198,1013.7302
1549564076237,1013.73145
1549564076279,1013.7356
1549564076317,1013.7385
1549564076357,1013.73535
1549564076398,1013.7283
1549564076438,1013.7141
1549564076477,1013.7031
1549564076518,1013.6897
1549564076558,1013.6714
1549564076598,1013.6636
1549564076637,1013.6538
1549564076679,1013.6487
1549564076718,1013.6582
1549564076757,1013.67505
1549564076797,1013.7024
1549564076839,1013.73804
1549564076877,1013.76416
1549564076918,1013.7822
1549564076959,1013.7947
1549564076997,1013.7888
1549564077037,1013.78687
1549564077078,1013.78125
1549564077120,1013.7947
1549564077159,1013.8218
1549564077205,1013.84204
1549564077239,1013.84204
1549564077279,1013.844
1549564077324,1013.8489
1549564077357,1013.8269
1549564077398,1013.7715
1549564077437,1013.71704
1549564077480,1013.6819
1549564077518,1013.6609
1549564077558,1013.6489
1549564077599,1013.6411
1549564077644,1013.6521
1549564077679,1013.6802
1549564077719,1013.70776
1549564077758,1013.73145
1549564077798,1013.74365
1549564077837,1013.7344
1549564077877,1013.7344
1549564077918,1013.7451
1549564077959,1013.7534
1549564077998,1013.76587
1549564078056,1013.75806
1549564078079,1013.74854
1549564078118,1013.7468
1549564078158,1013.73804
1549564078198,1013.71094
1549564078237,1013.68774
1549564078283,1013.6763
1549564078318,1013.6658
1549564078357,1013.66016
1549564078397,1013.66455
1549564078437,1013.67725
1549564078477,1013.7046
1549564078518,1013.7373
1549564078559,1013.76855
1549564078599,1013.79614
1549564078637,1013.81104
1549564078678,1013.8125
1549564078719,1013.81104
1549564078758,1013.8086
1549564078798,1013.8269
1549564078843,1013.8601
1549564078881,1013.8899
1549564078918,1013.895
1549564078958,1013.87134
1549564078998,1013.82495
1549564079037,1013.75903
1549564079078,1013.6992
1549564079119,1013.66235
1549564079163,1013.63696
1549564079208,1013.6362
1549564079237,1013.6262
1549564079278,1013.6323
1549564079318,1013.65137
1549564079357,1013.6726
1549564079397,1013.6985
1549564079437,1013.70386
1549564079478,1013.7212
1549564079517,1013.7268
1549564079558,1013.73267
1549564079605,1013.7422
1549564079638,1013.761
1549564079678,1013.761
1549564079719,1013.75854
1549564079758,1013.7566
1549564079806,1013.7571
1549564079837,1013.73804
1549564079878,1013.70386
1549564079918,1013.66943
1549564079959,1013.657
1549564079997,1013.64453
1549564080037,1013.6455
1549564080077,1013.65845
1549564080116,1013.68066
1549564080157,1013.7129
1549564080197,1013.76074
1549564080236,1013.8003
1549564080278,1013.8259
1549564080316,1013.8152
1549564080357,1013.79956
1549564080396,1013.78296
1549564080436,1013.78784
1549564080477,1013.8054
1549564080517,1013.8384
1549564080558,1013.83887
1549564080597,1013.8142
1549564080638,1013.7754
1549564080680,1013.72046
1549564080718,1013.6763
1549564080759,1013.6343
1549564080797,1013.62646
1549564080838,1013.6389
1549564080877,1013.6521
1549564080916,1013.6831
1549564080957,1013.70264
1549564080997,1013.72485
1549564081037,1013.7566
1549564081079,1013.77344
1549564081117,1013.77954
1549564081157,1013.7744
1549564081196,1013.78613
1549564081237,1013.77466
1549564081277,1013.7737
1549564081316,1013.7793
1549564081363,1013.7788
1549564081397,1013.7634
1549564081439,1013.7346
1549564081479,1013.7007
1549564081517,1013.66846
1549564081561,1013.646
1549564081597,1013.6428
1549564081648,1013.6621
1549564081686,1013.7014
1549564081717,1013.73096
1549564081759,1013.76685
1549564081799,1013.79297
1549564081838,1013.8125
1549564081876,1013.81323
1549564081917,1013.7893
1549564081958,1013.76196
1549564081998,1013.7566
1549564082037,1013.77246
1549564082078,1013.7949
1549564082117,1013.81616
1549564082158,1013.81616
1549564082197,1013.82446
1549564082239,1013.81274
1549564082279,1013.7991
1549564082318,1013.7544
1549564082357,1013.71436
1549564082397,1013.67993
1549564082438,1013.655
1549564082480,1013.6516
1549564082518,1013.6521
1549564082559,1013.6763
1549564082597,1013.70044
1549564082639,1013.7224
1549564082680,1013.75244
1549564082717,1013.7639
1549564082758,1013.7632
1549564082800,1013.7661
1549564082839,1013.77563
1549564082877,1013.7854
1549564082917,1013.7864
1549564082958,1013.7815
1549564082997,1013.78735
1549564083038,1013.7722
1549564083079,1013.7495
1549564083117,1013.7246
1549564083158,1013.68823
1549564083200,1013.6797
1549564083238,1013.677
1549564083278,1013.6758
1549564083322,1013.6865
1549564083357,1013.69385
1549564083397,1013.719
1549564083439,1013.76245
1549564083479,1013.8052
1549564083517,1013.8181
1549564083567,1013.8196
1549564083598,1013.8064
1549564083640,1013.79663
1549564083683,1013.7937
1549564083717,1013.803
1549564083758,1013.8262
1549564083796,1013.8445
1549564083840,1013.83716
1549564083877,1013.81836
1549564083917,1013.7595
1549564083957,1013.71606
1549564083998,1013.6909
1549564084038,1013.66675
1549564084079,1013.65894
1549564084119,1013.6736
1549564084159,1013.697
1549564084197,1013.71924
1549564084238,1013.7422
1549564084279,1013.7561
1549564084322,1013.77466
1549564084357,1013.79126
1549564084397,1013.7988
1549564084439,1013.8098
1549564084477,1013.83203
1549564084519,1013.8408
1549564084558,1013.8457
1549564084597,1013.83276
1549564084638,1013.83276
1549564084677,1013.81934
1549564084717,1013.8013
1549564084757,1013.7876
1549564084796,1013.76074
1549564084841,1013.74023
1549564084877,1013.73096
1549564084917,1013.7258
1549564084960,1013.71484
1549564084997,1013.7195
1549564085038,1013.72314
1549564085080,1013.73047
1549564085118,1013.7566
1549564085159,1013.79565
1549564085201,1013.83545
1549564085238,1013.84717
1549564085284,1013.83813
1549564085321,1013.82104
1549564085357,1013.8003
1549564085397,1013.7903
1549564085439,1013.7854
1549564085478,1013.79395
1549564085518,1013.81714
1549564085558,1013.8325
1549564085596,1013.8279
1549564085639,1013.8081
1549564085678,1013.7727
1549564085718,1013.7488
1549564085757,1013.7246
1549564085805,1013.68555
1549564085843,1013.6748
1549564085876,1013.66797
1549564085918,1013.6714
1549564085957,1013.68726
1549564085997,1013.7068
1549564086040,1013.73
1549564086088,1013.7468
1549564086119,1013.7578
1549564086164,1013.7737
1549564086197,1013.7754
1549564086240,1013.78394
1549564086285,1013.7915
1549564086319,1013.7949
1549564086358,1013.79614
1549564086397,1013.8013
1549564086438,1013.8047
1549564086478,1013.8108
1549564086524,1013.81665
1549564086557,1013.81323
1549564086597,1013.80493
1549564086641,1013.7969
1549564086676,1013.7871
1549564086718,1013.76025
1549564086760,1013.74414
1549564086800,1013.74243
1549564086840,1013.729
1549564086877,1013.73364
1549564086918,1013.73706
1549564086958,1013.74316
1549564086997,1013.771
1549564087038,1013.8032
1549564087078,1013.84106
1549564087120,1013.84106
1549564087157,1013.8755
1549564087199,1013.8884
1549564087238,1013.88306
1549564087277,1013.8718
1549564087319,1013.8496
1549564087358,1013.8428
1549564087397,1013.8347
1549564087439,1013.8413
1549564087477,1013.8474
1549564087524,1013.8264
1549564087557,1013.8081
1549564087597,1013.8015
1549564087639,1013.76294
1549564087679,1013.7268
1549564087719,1013.699
1549564087760,1013.68506
1549564087797,1013.6821
1549564087844,1013.68823
1549564087877,1013.7009
1549564087919,1013.7229
1549564087957,1013.7229
1549564087997,1013.7329
1549564088037,1013.7471
1549564088083,1013.7488
1549564088122,1013.7583
1549564088161,1013.761
1549564088197,1013.7522
1549564088239,1013.7595
1549564088281,1013.76855
1549564088319,1013.77905
1549564088358,1013.7803
1549564088396,1013.7761
1549564088437,1013.7722
1549564088477,1013.77734
1549564088524,1013.7844
1549564088557,1013.78955
1549564088603,1013.7793
1549564088641,1013.7761
1549564088677,1013.7715
1549564088718,1013.76685
1549564088757,1013.7932
1549564088806,1013.82715
1549564088839,1013.86035
1549564088877,1013.8943
1549564088918,1013.9126
1549564088957,1013.93506
1549564088997,1013.93115
1549564089037,1013.92773
1549564089078,1013.91113
1549564089120,1013.88525
1549564089160,1013.8667
1549564089199,1013.84375
1549564089237,1013.80444
1549564089277,1013.76587
1549564089331,1013.71265
1549564089357,1013.6804
1549564089397,1013.6492
1549564089440,1013.6411
1549564089477,1013.6572
1549564089519,1013.6887
1549564089557,1013.71875
1549564089598,1013.71875
1549564089640,1013.7449
1549564089677,1013.78784
1549564089728,1013.8174
1549564089758,1013.84155
1549564089800,1013.8445
1549564089838,1013.83716
1549564089880,1013.8259
1549564089917,1013.823
1549564089957,1013.81665
1549564089998,1013.812
1549564090039,1013.80566
1549564090077,1013.7842
1549564090117,1013.7754
1549564090161,1013.7561
1549564090198,1013.739
1549564090239,1013.7373
1549564090280,1013.74927
1549564090319,1013.7566
1549564090358,1013.74756
1549564090397,1013.7532
1549564090438,1013.7825
1549564090478,1013.8257
1549564090519,1013.8613
1549564090559,1013.87134
1549564090600,1013.85425
1549564090638,1013.84326
1549564090678,1013.8628
1549564090718,1013.89185
1549564090759,1013.9175
1549564090799,1013.9231
1549564090841,1013.906
1549564090879,1013.8557
1549564090917,1013.8069
1549564090957,1013.7483
1549564090998,1013.71094
1549564091086,1013.69434
1549564091086,1013.6863
1549564091117,1013.6926
1549564091157,1013.71045
1549564091198,1013.74634
1549564091237,1013.7688
1549564091276,1013.79175
1549564091317,1013.7991
1549564091356,1013.8013
1549564091397,1013.79297
1549564091437,1013.7964
1549564091477,1013.7988
1549564091518,1013.79834
1549564091557,1013.80884
1549564091599,1013.8091
1549564091637,1013.801
1549564091678,1013.78784
1549564091718,1013.76807
1549564091758,1013.7422
1549564091799,1013.7224
1549564091839,1013.7129
1549564091877,1013.71924
1549564091917,1013.7334
1549564091956,1013.74194
1549564091997,1013.74316
1549564092037,1013.7566
1549564092076,1013.7566
1549564092118,1013.7854
1549564092157,1013.82104
1549564092198,1013.84766
1549564092237,1013.86646
1549564092279,1013.88696
1549564092321,1013.88525
1549564092357,1013.8862
1549564092398,1013.8894
1549564092438,1013.906
1549564092478,1013.927
1549564092521,1013.9231
1549564092558,1013.9077
1549564092598,1013.85815
1549564092637,1013.7998
1549564092678,1013.7534
1549564092720,1013.7175
1549564092757,1013.7063
1549564092799,1013.6885
1549564092839,1013.6865
1549564092878,1013.7002
1549564092917,1013.7173
1549564092957,1013.73584
1549564093001,1013.7583
1549564093036,1013.7715
1549564093080,1013.7805
1549564093119,1013.7827
1549564093157,1013.78076
1549564093199,1013.7991
1549564093241,1013.8096
1549564093286,1013.81177
1549564093318,1013.8069
1549564093357,1013.8071
1549564093397,1013.79004
1549564093436,1013.7698
1549564093478,1013.7527
1549564093520,1013.7451
1549564093557,1013.7456
1549564093598,1013.7522
1549564093638,1013.7551
1549564093678,1013.7556
1549564093718,1013.77515
1549564093757,1013.8093
1549564093798,1013.8469
1549564093845,1013.8884
1549564093878,1013.905
1549564093919,1013.895
1549564093957,1013.8806
1549564093998,1013.874
1549564094038,1013.854
1549564094078,1013.83154
1549564094128,1013.822
1549564094157,1013.82275
1549564094198,1013.8345
1549564094238,1013.823
1549564094277,1013.8054
1549564094317,1013.7761
1549564094357,1013.7207
1549564094399,1013.68677
1549564094437,1013.6604
1549564094477,1013.6592
1549564094518,1013.6726
1549564094557,1013.6726
1549564094597,1013.69336
1549564094638,1013.7097
1549564094677,1013.72754
1549564094717,1013.73755
1549564094757,1013.7529
1549564094798,1013.7737
1549564094838,1013.7881
1549564094879,1013.79785
1549564094917,1013.80444
1549564094957,1013.80615
1549564094998,1013.7898
1549564095036,1013.7666
1549564095081,1013.77905
1549564095121,1013.7998
1549564095157,1013.8174
1549564095200,1013.82886
1549564095239,1013.8157
1549564095278,1013.7969
1549564095320,1013.7864
1549564095358,1013.77905
1549564095401,1013.77563
1549564095436,1013.78125
1549564095478,1013.78613
1549564095517,1013.77954
1549564095557,1013.76807
1549564095598,1013.75586
1549564095637,1013.7388
1549564095680,1013.72876
1549564095728,1013.71094
1549564095758,1013.72046
1549564095811,1013.73804
1549564095840,1013.7649
1549564095878,1013.79565
1549564095918,1013.81323
1549564095957,1013.822
1549564095999,1013.8098
1549564096037,1013.7947
1549564096079,1013.7881
1549564096118,1013.7844
1549564096158,1013.7888
1549564096199,1013.8069
1549564096237,1013.823
1549564096277,1013.8352
1549564096318,1013.8379
1549564096359,1013.8257
1549564096400,1013.81836
1549564096437,1013.8003
1549564096477,1013.79395
1549564096518,1013.7864
1549564096557,1013.7888
1549564096599,1013.79126
1549564096637,1013.79663
1549564096678,1013.7964
1549564096725,1013.8037
1549564096759,1013.8054
1549564096797,1013.8059
1549564096842,1013.803
1549564096878,1013.8113
1549564096917,1013.81934
1549564096957,1013.8279
1549564096998,1013.81836
1549564097037,1013.81836
1549564097078,1013.8237
1549564097118,1013.822
1549564097158,1013.8047
1549564097198,1013.77344
1549564097238,1013.7466
1549564097279,1013.73047
1549564097317,1013.7295
1549564097359,1013.73486
1549564097398,1013.7446
1549564097437,1013.7766
1549564097478,1013.8237
1549564097520,1013.86255
1549564097557,1013.8916
1549564097599,1013.89355
1549564097637,1013.8921
1549564097679,1013.8701
1549564097717,1013.8518
1549564097758,1013.8428
1549564097800,1013.83057
1549564097837,1013.8369
1549564097877,1013.8198
1549564097919,1013.7595
1549564097958,1013.6963
1549564097999,1013.66943
1549564098038,1013.6631
1549564098078,1013.67896
1549564098119,1013.7019
1549564098157,1013.7302
1549564098197,1013.75903
1549564098237,1013.79004
1549564098279,1013.81177
1549564098326,1013.8179
1549564098358,1013.8203
1549564098398,1013.81104
1549564098437,1013.81006
1549564098479,1013.8257
1549564098518,1013.8279
1549564098558,1013.8362
1549564098598,1013.8425
1549564098637,1013.8379
1549564098678,1013.81177
1549564098717,1013.78
1549564098758,1013.749
1549564098797,1013.74316
1549564098836,1013.7256
1549564098877,1013.72656
1549564098917,1013.72437
1549564098957,1013.72217
1549564098997,1013.7241
1549564099040,1013.7473
1549564099078,1013.7693
1549564099118,1013.7864
1549564099157,1013.79297
1549564099200,1013.7732
1549564099239,1013.7676
1549564099278,1013.7715
1549564099316,1013.7915
1549564099361,1013.82275
1549564099398,1013.844
1549564099439,1013.84375
1549564099477,1013.84375
1549564099517,1013.8096
1549564099558,1013.7844
1549564099598,1013.7732
1549564099637,1013.74365
1549564099678,1013.73413
1549564099717,1013.7449
1549564099758,1013.7529
1549564099796,1013.7737
1549564099838,1013.7971
1549564099880,1013.8279
1549564099922,1013.84424
1549564099957,1013.85913
1549564099997,1013.86694
1549564100038,1013.86743
1549564100078,1013.8706
1549564100117,1013.86304
1549564100160,1013.85815
1549564100198,1013.8496
1549564100241,1013.8445
1549564100277,1013.84424
1549564100318,1013.82764
1549564100359,1013.7883
1549564100399,1013.7461
1549564100437,1013.7119
1549564100478,1013.70703
1549564100517,1013.7092
1549564100558,1013.72
1549564100597,1013.74927
1549564100637,1013.7612
1549564100679,1013.781
1549564100717,1013.81274
1549564100758,1013.8154
1549564100798,1013.8003
1549564100838,1013.7881
1549564100882,1013.8076
1549564100920,1013.8301
1549564100959,1013.86597
1549564100999,1013.8828
1549564101039,1013.8867
1549564101077,1013.87305
1549564101117,1013.8567
1549564101161,1013.81665
1549564101200,1013.7727
1549564101239,1013.7385
1549564101279,1013.70605
1549564101317,1013.69116
1549564101360,1013.7114
1549564101398,1013.72754
1549564101438,1013.76025
1549564101477,1013.7942
1549564101517,1013.8262
1549564101559,1013.8418
1549564101599,1013.84863
1549564101639,1013.8423
1549564101678,1013.82837
1549564101717,1013.8308
1549564101758,1013.82275
1549564101796,1013.81934
1549564101837,1013.824
1549564101880,1013.8259
1549564101917,1013.8176
1549564101957,1013.8176
1549564101997,1013.7976
1549564102037,1013.7529
1549564102080,1013.7175
1549564102116,1013.7051
1549564102158,1013.6953
1549564102196,1013.6958
1549564102237,1013.70557
1549564102277,1013.7285
1549564102317,1013.75464
1549564102359,1013.7859
1549564102399,1013.8152
1549564102440,1013.8176
1549564102477,1013.8169
1549564102517,1013.8154
1549564102559,1013.8147
1549564102597,1013.8352
1549564102638,1013.84985
1549564102677,1013.8655
1549564102716,1013.8806
1549564102757,1013.87085
1549564102802,1013.86865
1549564102838,1013.84106
1549564102877,1013.7949
1549564102918,1013.7422
1549564102957,1013.70337
1549564102998,1013.68164
1549564103038,1013.6782
1549564103079,1013.698
1549564103120,1013.7195
1549564103158,1013.7388
1549564103199,1013.76294
1549564103239,1013.7859
1549564103279,1013.8015
1549564103318,1013.8103
1549564103359,1013.82153
1549564103397,1013.84204
1549564103437,1013.85767
1549564103477,1013.85205
1549564103517,1013.843
1549564103557,1013.84326
1549564103597,1013.8196
1549564103637,1013.7898
1549564103677,1013.77295
1549564103717,1013.75073
1549564103759,1013.73804
1549564103797,1013.72656
1549564103841,1013.73315
1549564103876,1013.7385
1549564103917,1013.7495
1549564103957,1013.7554
1549564103997,1013.78687
1549564104039,1013.81714
1549564104078,1013.8386
1549564104118,1013.8484
1549564104158,1013.8635
1549564104197,1013.85815
1549564104240,1013.8513
1549564104277,1013.8508
1549564104319,1013.8374
1549564104360,1013.8396
1549564104399,1013.8462
1549564104438,1013.8462
1549564104476,1013.84595
1549564104518,1013.84814
1549564104557,1013.8323
1549564104597,1013.7898
1549564104639,1013.75024
1549564104678,1013.7092
1549564104723,1013.6797
1549564104759,1013.6741
1549564104797,1013.68164
1549564104839,1013.6992
1549564104878,1013.7241
1549564104917,1013.751
1549564104957,1013.7512
1549564104997,1013.76025
1549564105038,1013.7739
1549564105077,1013.7903
1549564105127,1013.7954
1549564105158,1013.7866
1549564105198,1013.78955
1549564105241,1013.7925
1549564105280,1013.7927
1549564105319,1013.7986
1549564105359,1013.81274
1549564105397,1013.8264
1549564105438,1013.8301
1549564105478,1013.8235
1549564105518,1013.8198
1549564105558,1013.8054
1549564105599,1013.7866
1549564105640,1013.77637
1549564105677,1013.7693
1549564105733,1013.76636
1549564105760,1013.7793
1549564105798,1013.7915
1549564105858,1013.81055
1549564105878,1013.8418
1549564105918,1013.8696
1549564105958,1013.8804
1549564105997,1013.8784
1549564106039,1013.87646
1549564106078,1013.8662
1549564106119,1013.86475
1549564106164,1013.87036
1549564106197,1013.87646
1549564106238,1013.8872
1549564106277,1013.8916
1549564106319,1013.8938
1549564106358,1013.89136
1549564106397,1013.8828
1549564106438,1013.85156
1549564106477,1013.79395
1549564106519,1013.7324
1549564106557,1013.68945
1549564106597,1013.66797
1549564106655,1013.6494
1549564106677,1013.65356
1549564106721,1013.67114
1549564106758,1013.7007
1549564106797,1013.739
1549564106842,1013.76733
1549564106879,1013.78174
1549564106918,1013.78174
1549564106957,1013.78394
1549564106997,1013.7981
1549564107038,1013.7969
1549564107079,1013.77783
1549564107120,1013.7676
1549564107158,1013.751
1549564107197,1013.7449
1549564107237,1013.73755
1549564107279,1013.728
1549564107320,1013.7197
1549564107362,1013.7339
1549564107403,1013.7678
1549564107437,1013.8108
1549564107477,1013.84985
1549564107519,1013.8806
1549564107558,1013.91235
1549564107597,1013.92065
1549564107639,1013.9136
1549564107677,1013.89526
1549564107718,1013.87964
1549564107763,1013.8755
1549564107800,1013.89355
1549564107838,1013.9094
1549564107880,1013.90625
1549564107921,1013.8823
1549564107959,1013.854
1549564107997,1013.801
1549564108038,1013.7556
1549564108078,1013.7092
1549564108120,1013.6929
1549564108160,1013.6846
1549564108198,1013.68286
1549564108238,1013.69434
1549564108277,1013.7158
1549564108323,1013.7368
1549564108359,1013.7666
1549564108397,1013.781
1549564108448,1013.7864
1549564108477,1013.79395
1549564108519,1013.8042
1549564108558,1013.8042
1549564108599,1013.80225
1549564108642,1013.80615
1549564108677,1013.8074
1549564108719,1013.7898
1549564108762,1013.7666
1549564108798,1013.75464
1549564108838,1013.7461
1549564108877,1013.73535
1549564108919,1013.7366
1549564108957,1013.75024
1549564108997,1013.7722
1549564109038,1013.80786
1549564109077,1013.8506
1549564109118,1013.87476
1549564109160,1013.8784
1549564109201,1013.8779
1549564109238,1013.87354
1549564109277,1013.875
1549564109333,1013.90063
1549564109359,1013.90063
1549564109397,1013.93677
1549564109437,1013.94165
1549564109476,1013.916
1549564109518,1013.8906
1549564109558,1013.84766
1549564109597,1013.79956
1549564109638,1013.7512
1549564109677,1013.70215
1549564109718,1013.6753
1549564109758,1013.66895
1549564109799,1013.67676
1549564109838,1013.6909
1549564109879,1013.7129
1549564109918,1013.74
1549564109957,1013.761
1549564109997,1013.771
1549564110040,1013.7805
1549564110079,1013.7927
1549564110118,1013.8052
1549564110158,1013.81006
1549564110199,1013.8103
1549564110237,1013.79736
1549564110277,1013.78955
1549564110318,1013.8008
1549564110361,1013.7893
1549564110398,1013.7617
1549564110438,1013.7446
1549564110477,1013.74097
1549564110519,1013.7383
1549564110557,1013.7302
1549564110598,1013.7588
1549564110639,1013.7932
1549564110677,1013.8259
1549564110719,1013.86206
1549564110761,1013.8921
1549564110802,1013.89844
1549564110844,1013.88525
1549564110877,1013.87573
1549564110919,1013.85913
1549564110957,1013.844
1549564110997,1013.83887
1549564111038,1013.8601
1549564111078,1013.8721
1549564111120,1013.85156
1549564111157,1013.79004
1549564111201,1013.73096
1549564111241,1013.6936
1549564111277,1013.6736
1549564111320,1013.66504
1549564111358,1013.67334
1549564111405,1013.69604
1549564111437,1013.71436
1549564111477,1013.749
1549564111518,1013.7837
1549564111557,1013.79614
1549564111598,1013.7976
1549564111637,1013.7971
1549564111677,1013.8003
1549564111719,1013.80566
1549564111757,1013.79614
1549564111798,1013.771
1549564111839,1013.771
1549564111880,1013.7451
1549564111919,1013.74146
1549564111960,1013.7422
1549564111998,1013.73926
1549564112037,1013.7385
1549564112077,1013.7241
1549564112118,1013.718
1549564112162,1013.72534
1549564112198,1013.71265
1549564112240,1013.69727
1549564112279,1013.72
1549564112318,1013.75757
1549564112357,1013.7378
1549564112397,1013.7427
1549564112437,1013.7551
1549564112477,1013.7715
1549564112518,1013.8069
1549564112556,1013.81055
1549564112598,1013.8274
1549564112637,1013.8174
1549564112678,1013.77783
1549564112718,1013.73926
1549564112757,1013.7742
1549564112797,1013.7932
1549564112838,1013.7881
1549564112877,1013.78906
1549564112918,1013.7837
1549564112959,1013.7749
1549564112997,1013.7986
1549564113038,1013.8213
1549564113078,1013.7654
1549564113118,1013.74414
1549564113159,1013.74976
1549564113198,1013.7449
1549564113237,1013.7615
1549564113278,1013.7742
1549564113318,1013.7737
1549564113362,1013.771
1549564113399,1013.7805
1549564113438,1013.77686
1549564113483,1013.7754
1549564113517,1013.7656
1549564113557,1013.76636
1549564113598,1013.76294
1549564113637,1013.76196
1549564113679,1013.7534
1549564113720,1013.75073
1549564113757,1013.7539
1549564113802,1013.7495
1549564113837,1013.7478
1549564113879,1013.7512
1549564113918,1013.7483
1549564113957,1013.74976
1549564113997,1013.75
1549564114037,1013.75366
1549564114080,1013.7512
1549564114118,1013.7478
1549564114156,1013.7495
1549564114197,1013.7407
