1549565710692,1010.2177
1549565710693,1010.2177
1549565710728,1010.2177
1549565710766,1010.2177
1549565710804,1010.2182
1549565710845,1010.2182
1549565710881,1010.2182
1549565710920,1010.2182
1549565710963,1010.21967
1549565710998,1010.21967
1549565711043,1010.21967
1549565711078,1010.21967
1549565711113,1010.2043
1549565711155,1010.2043
1549565711190,1010.2043
1549565711229,1010.2043
1549565711271,1010.2043
1549565711307,1010.2119
1549565711363,1010.2119
1549565711387,1010.2119
1549565711421,1010.2119
1549565711460,1010.21387
1549565711497,1010.21387
1549565711537,1010.21387
1549565711576,1010.21387
1549565711615,1010.22754
1549565711653,1010.22754
1549565711691,1010.22754
1549565711728,1010.22754
1549565711770,1010.2486
1549565711817,1010.2486
1549565711844,1010.2486
1549565711882,1010.2486
1549565711924,1010.2486
1549565711964,1010.2358
1549565711997,1010.2358
1549565712039,1010.2358
1549565712076,1010.2358
1549565712114,1010.2434
1549565712174,1010.2434
1549565712193,1010.2434
1549565712227,1010.2434
1549565712267,1010.24225
1549565712305,1010.24225
1549565712344,1010.24225
1549565712383,1010.24225
1549565712421,1010.24225
1549565712459,1010.29614
1549565712501,1010.29614
1549565712537,1010.29614
1549565712575,1010.29614
1549565712613,1010.2867
1549565712652,1010.2867
1549565712695,1010.2867
1549565712727,1010.2867
1549565712769,1010.2867
1549565712804,1010.2867
1549565712849,1010.2867
1549565712882,1010.2867
1549565712923,1010.3175
1549565712959,1010.3175
1549565712997,1010.3175
1549565713038,1010.3175
1549565713075,1010.3175
1549565713115,1010.31323
1549565713154,1010.31323
1549565713200,1010.31323
1549565713229,1010.31323
1549565713271,1010.289
1549565713305,1010.289
1549565713342,1010.289
1549565713380,1010.289
1549565713419,1010.2656
1549565713460,1010.2656
1549565713497,1010.2656
1549565713539,1010.2656
1549565713580,1010.3184
1549565713615,1010.3184
1549565713651,1010.3184
1549565713704,1010.3184
1549565713728,1010.3184
1549565713768,1010.3255
1549565713812,1010.3255
1549565713847,1010.3255
1549565713883,1010.3255
1549565713920,1010.2477
1549565713959,1010.2477
1549565713998,1010.2477
1549565714034,1010.2477
1549565714075,1010.2092
1549565714112,1010.2092
1549565714150,1010.2092
1549565714211,1010.2092
1549565714243,1010.24603
1549565714266,1010.24603
1549565714307,1010.24603
1549565714343,1010.24603
1549565714381,1010.24603
1549565714419,1010.2503
1549565714459,1010.2503
1549565714498,1010.2503
1549565714535,1010.2503
1549565714574,1010.1976
1549565714616,1010.1976
1549565714651,1010.1976
1549565714688,1010.1976
1549565714730,1010.2087
1549565714765,1010.2087
1549565714803,1010.2087
1549565714844,1010.2087
1549565714881,1010.2087
1549565714921,1010.2774
1549565714959,1010.2774
1549565715000,1010.2774
1549565715035,1010.2774
1549565715073,1010.27655
1549565715111,1010.27655
1549565715151,1010.27655
1549565715192,1010.27655
1549565715228,1010.1965
1549565715267,1010.1965
1549565715305,1010.1965
1549565715347,1010.1965
1549565715383,1010.20526
1549565715424,1010.20526
1549565715459,1010.20526
1549565715499,1010.20526
1549565715537,1010.20526
1549565715574,1010.2523
1549565715612,1010.2523
1549565715651,1010.2523
1549565715688,1010.2523
1549565715726,1010.2053
1549565715765,1010.2053
1549565715805,1010.2053
1549565715843,1010.2053
1549565715885,1010.18677
1549565715920,1010.18677
1549565715959,1010.18677
1549565715996,1010.18677
1549565716038,1010.2589
1549565716074,1010.2589
1549565716113,1010.2589
1549565716156,1010.2589
1549565716189,1010.2589
1549565716237,1010.2697
1549565716309,1010.2697
1549565716333,1010.2697
1549565716343,1010.2697
1549565716384,1010.16595
1549565716420,1010.16595
1549565716458,1010.16595
1549565716496,1010.16595
1549565716535,1010.1734
1549565716574,1010.1734
1549565716612,1010.1734
1549565716651,1010.1734
1549565716691,1010.20844
1549565716728,1010.20844
1549565716780,1010.20844
1549565716827,1010.20844
1549565716843,1010.20844
1549565716880,1010.2173
1549565716920,1010.2173
1549565716959,1010.2173
1549565716997,1010.2173
1549565717036,1010.14264
1549565717073,1010.14264
1549565717113,1010.14264
1549565717151,1010.14264
1549565717191,1010.1326
1549565717228,1010.1326
1549565717269,1010.1326
1549565717305,1010.1326
1549565717343,1010.1326
1549565717380,1010.18256
1549565717423,1010.18256
1549565717464,1010.18256
1549565717499,1010.18256
1549565717536,1010.23956
1549565717574,1010.23956
1549565717612,1010.23956
1549565717650,1010.23956
1549565717702,1010.19904
1549565717728,1010.19904
1549565717765,1010.19904
1549565717805,1010.19904
1549565717844,1010.11444
1549565717883,1010.11444
1549565717918,1010.11444
1549565717958,1010.11444
1549565717996,1010.11444
1549565718036,1010.16144
1549565718076,1010.16144
1549565718112,1010.16144
1549565718152,1010.16144
1549565718189,1010.12585
1549565718255,1010.12585
1549565718266,1010.12585
1549565718304,1010.12585
1549565718345,1010.0871
1549565718383,1010.0871
1549565718419,1010.0871
1549565718459,1010.0871
1549565718498,1010.1438
1549565718535,1010.1438
1549565718577,1010.1438
1549565718613,1010.1438
1549565718650,1010.1438
1549565718696,1010.1943
1549565718728,1010.1943
1549565718770,1010.1943
1549565718803,1010.1943
1549565718848,1010.12616
1549565718881,1010.12616
1549565718919,1010.12616
1549565718959,1010.12616
1549565718997,1010.0603
1549565719034,1010.0603
1549565719075,1010.0603
1549565719112,1010.0603
1549565719150,1010.10394
1549565719190,1010.10394
1549565719232,1010.10394
1549565719265,1010.10394
1549565719305,1010.10394
1549565719344,1010.09393
1549565719380,1010.09393
1549565719420,1010.09393
1549565719474,1010.09393
1549565719496,1010.0401
1549565719534,1010.0401
1549565719573,1010.0401
1549565719614,1010.0401
1549565719651,1010.1122
1549565719689,1010.1122
1549565719728,1010.1122
1549565719766,1010.1122
1549565719830,1010.1447
1549565719845,1010.137
1549565719882,1010.137
1549565719919,1010.137
1549565719959,1010.137
1549565719998,1010.0415
1549565720034,1010.0415
1549565720074,1010.0415
1549565720113,1010.0415
1549565720153,1010.0424
1549565720191,1010.0424
1549565720230,1010.0424
1549565720266,1010.0424
1549565720303,1010.07745
1549565720341,1010.07745
1549565720380,1010.07745
1549565720418,1010.07745
1549565720458,1010.07745
1549565720496,1010.0196
1549565720534,1010.0196
1549565720573,1010.0196
1549565720611,1010.0196
1549565720650,1010.0444
1549565720689,1010.0444
1549565720728,1010.0444
1549565720766,1010.0444
1549565720803,1010.11993
1549565720843,1010.11993
1549565720880,1010.11993
1549565720921,1010.11993
1549565720958,1010.0353
1549565720996,1010.0353
1549565721034,1010.0353
1549565721073,1010.0353
1549565721113,1010.0353
1549565721150,1009.99
1549565721188,1009.99
1549565721230,1009.99
1549565721266,1009.99
1549565721305,1010.04895
1549565721341,1010.04895
1549565721382,1010.04895
1549565721421,1010.04895
1549565721458,1010.05804
1549565721496,1010.05804
1549565721535,1010.05804
1549565721573,1010.05804
1549565721611,1009.988
1549565721650,1009.988
1549565721688,1009.988
1549565721727,1009.988
1549565721765,1009.988
1549565721804,1010.04016
1549565721842,1010.04016
1549565721880,1010.04016
1549565721919,1010.04016
1549565721958,1010.05756
1549565721996,1010.05756
1549565722036,1010.05756
1549565722073,1010.05756
1549565722113,1009.98315
1549565722151,1009.98315
1549565722191,1009.98315
1549565722226,1009.98315
1549565722266,1009.9407
1549565722305,1009.9407
1549565722341,1009.9407
1549565722382,1009.9407
1549565722419,1009.9407
1549565722460,1010.00366
1549565722497,1010.00366
1549565722535,1010.00366
1549565722574,1010.00366
1549565722612,1009.9766
1549565722650,1009.9766
1549565722689,1009.9766
1549565722728,1009.9766
1549565722764,1009.9273
1549565722805,1009.9273
1549565722841,1009.9273
1549565722880,1009.9273
1549565722920,1009.9273
1549565722958,1009.98517
1549565722997,1009.98517
1549565723036,1009.98517
1549565723072,1009.98517
1549565723110,1010.0048
1549565723150,1010.0048
1549565723187,1010.0048
1549565723225,1010.0048
1549565723267,1009.9216
1549565723304,1009.9216
1549565723341,1009.9216
1549565723380,1009.9216
1549565723421,1009.8848
1549565723464,1009.8848
1549565723496,1009.8848
1549565723536,1009.8848
1549565723572,1009.8848
1549565723612,1009.9336
1549565723651,1009.9336
1549565723688,1009.9336
1549565723727,1009.9336
1549565723765,1009.878
1549565723804,1009.878
1549565723841,1009.878
1549565723881,1009.878
1549565723919,1009.90137
1549565723958,1009.90137
1549565723998,1009.90137
1549565724036,1009.90137
1549565724075,1009.9604
1549565724110,1009.9604
1549565724150,1009.9604
1549565724189,1009.9604
1549565724225,1009.9604
1549565724264,1009.951
1549565724314,1009.951
1549565724340,1009.951
1549565724382,1009.951
1549565724418,1009.86633
1549565724463,1009.86633
1549565724497,1009.86633
1549565724535,1009.86633
1549565724573,1009.8735
1549565724609,1009.8735
1549565724650,1009.8735
1549565724688,1009.8735
1549565724726,1009.91364
1549565724764,1009.91364
1549565724804,1009.91364
1549565724841,1009.91364
1549565724879,1009.91364
1549565724918,1009.8923
1549565724956,1009.8923
1549565724996,1009.8923
1549565725036,1009.8923
1549565725071,1009.84186
1549565725110,1009.84186
1549565725150,1009.84186
1549565725185,1009.84186
1549565725224,1009.8749
1549565725267,1009.8749
1549565725303,1009.8749
1549565725339,1009.8749
1549565725390,1009.8749
1549565725416,1009.90656
1549565725456,1009.90656
1549565725495,1009.90656
1549565725534,1009.90656
1549565725571,1009.8584
1549565725611,1009.8584
1549565725650,1009.8584
1549565725688,1009.8584
1549565725725,1009.8319
1549565725765,1009.8319
1549565725813,1009.8319
1549565725840,1009.8319
1549565725880,1009.8735
1549565725919,1009.8735
1549565725956,1009.8735
1549565725995,1009.8735
1549565726036,1009.8735
1549565726072,1009.89996
1549565726112,1009.89996
1549565726150,1009.89996
1549565726187,1009.89996
1549565726226,1009.898
1549565726265,1009.898
1549565726315,1009.898
1549565726341,1009.898
1549565726379,1009.8438
1549565726419,1009.8438
1549565726457,1009.8438
1549565726495,1009.8438
1549565726533,1009.86066
1549565726573,1009.86066
1549565726616,1009.86066
1549565726650,1009.86066
1549565726686,1009.86066
1549565726725,1009.9111
1549565726765,1009.9111
1549565726806,1009.9111
1549565726840,1009.9111
1549565726879,1009.85236
1549565726917,1009.85236
1549565726956,1009.85236
1549565726996,1009.85236
1549565727033,1009.78546
1549565727075,1009.78546
1549565727116,1009.78546
1549565727149,1009.78546
1549565727189,1009.82587
1549565727225,1009.82587
1549565727266,1009.82587
1549565727307,1009.82587
1549565727340,1009.82587
1549565727377,1009.8131
1549565727419,1009.8131
1549565727457,1009.8131
1549565727497,1009.8131
1549565727535,1009.7715
1549565727572,1009.7715
1549565727611,1009.7715
1549565727648,1009.7715
1549565727688,1009.8356
1549565727726,1009.8356
1549565727766,1009.8356
1549565727803,1009.8356
1549565727841,1009.8356
1549565727879,1009.8319
1549565727919,1009.8319
1549565727956,1009.8319
1549565727995,1009.8319
1549565728033,1009.7487
1549565728071,1009.7487
1549565728109,1009.7487
1549565728151,1009.7487
1549565728187,1009.75867
1549565728225,1009.75867
1549565728264,1009.75867
1549565728309,1009.75867
1549565728341,1009.7818
1549565728379,1009.7818
1549565728420,1009.7818
1549565728458,1009.7818
1549565728493,1009.7818
1549565728534,1009.7402
1549565728571,1009.7402
1549565728611,1009.7402
1549565728649,1009.7402
1549565728687,1009.74615
1549565728726,1009.74615
1549565728771,1009.74615
1549565728806,1009.74615
1549565728841,1009.8173
1549565728879,1009.8173
1549565728919,1009.8173
1549565728958,1009.8173
1549565728995,1009.75214
1549565729036,1009.75214
1549565729070,1009.75214
1549565729110,1009.75214
1549565729148,1009.75214
1549565729187,1009.6678
1549565729226,1009.6678
1549565729264,1009.6678
1549565729303,1009.6678
1549565729339,1009.7
1549565729379,1009.7
1549565729421,1009.7
1549565729458,1009.7
1549565729494,1009.7296
1549565729535,1009.7296
1549565729575,1009.7296
1549565729609,1009.7296
1549565729649,1009.6934
1549565729687,1009.6934
1549565729726,1009.6934
1549565729763,1009.6934
1549565729804,1009.6934
1549565729841,1009.65015
1549565729879,1009.65015
1549565729916,1009.65015
1549565729955,1009.65015
1549565729996,1009.6943
1549565730036,1009.6943
1549565730099,1009.6943
1549565730110,1009.6943
1549565730149,1009.7353
1549565730186,1009.7353
1549565730224,1009.7353
1549565730268,1009.7353
1549565730303,1009.7353
1549565730339,1009.6949
1549565730379,1009.6949
1549565730417,1009.6949
1549565730459,1009.6949
1549565730495,1009.65186
1549565730536,1009.65186
1549565730570,1009.65186
1549565730608,1009.65186
1549565730648,1009.66327
1549565730684,1009.66327
1549565730727,1009.66327
1549565730763,1009.66327
1549565730808,1009.6835
1549565730838,1009.6835
1549565730877,1009.6835
1549565730919,1009.6835
1549565730955,1009.6835
1549565730994,1009.66925
1549565731033,1009.66925
1549565731072,1009.66925
1549565731114,1009.66925
1549565731147,1009.6655
1549565731187,1009.6655
1549565731225,1009.6655
1549565731264,1009.6655
1549565731302,1009.7054
1549565731341,1009.7054
1549565731378,1009.7054
1549565731418,1009.7054
1549565731458,1009.7387
1549565731493,1009.7387
1549565731532,1009.7387
1549565731570,1009.7387
1549565731609,1009.7387
1549565731649,1009.69916
1549565731685,1009.69916
1549565731726,1009.69916
1549565731763,1009.69916
1549565731808,1009.6746
1549565731838,1009.6746
1549565731879,1009.6746
1549565731918,1009.6746
1549565731955,1009.6932
1549565731995,1009.6932
1549565732031,1009.6932
1549565732069,1009.6932
1549565732108,1009.7421
1549565732146,1009.7421
1549565732189,1009.7421
1549565732225,1009.7421
1549565732262,1009.7421
1549565732301,1009.69885
1549565732340,1009.69885
1549565732381,1009.69885
1549565732416,1009.69885
1549565732454,1009.7225
1549565732491,1009.7225
1549565732533,1009.7225
1549565732571,1009.7225
1549565732611,1009.72876
1549565732649,1009.72876
1549565732687,1009.72876
1549565732726,1009.72876
1549565732771,1009.7698
1549565732803,1009.76605
1549565732843,1009.76605
1549565732877,1009.76605
1549565732918,1009.76605
1549565732955,1009.69885
1549565732998,1009.69885
1549565733034,1009.69885
1549565733072,1009.69885
1549565733109,1009.6949
1549565733148,1009.6949
1549565733188,1009.6949
1549565733227,1009.6949
1549565733262,1009.70654
1549565733300,1009.70654
1549565733343,1009.70654
1549565733378,1009.70654
1549565733417,1009.70654
1549565733456,1009.7373
1549565733492,1009.7373
1549565733532,1009.7373
1549565733571,1009.7373
1549565733612,1009.71967
1549565733648,1009.71967
1549565733687,1009.71967
1549565733725,1009.71967
1549565733763,1009.71936
1549565733802,1009.71936
1549565733839,1009.71936
1549565733878,1009.71936
1549565733917,1009.7325
1549565733955,1009.7325
1549565733994,1009.7325
1549565734033,1009.7325
1549565734070,1009.7325
1549565734110,1009.76636
1549565734147,1009.76636
1549565734187,1009.76636
1549565734224,1009.76636
1549565734263,1009.7265
1549565734301,1009.7265
1549565734339,1009.7265
1549565734377,1009.7265
1549565734418,1009.7128
1549565734456,1009.7128
1549565734492,1009.7128
1549565734538,1009.7128
1549565734569,1009.7034
1549565734610,1009.7034
1549565734648,1009.7034
1549565734686,1009.7034
1549565734725,1009.7034
1549565734764,1009.7216
1549565734803,1009.7216
1549565734838,1009.7216
1549565734878,1009.7216
1549565734916,1009.70087
1549565734955,1009.70087
1549565734995,1009.70087
1549565735031,1009.70087
1549565735069,1009.69684
1549565735108,1009.69684
1549565735149,1009.69684
1549565735185,1009.69684
1549565735224,1009.69684
1549565735262,1009.73615
1549565735306,1009.73615
1549565735338,1009.73615
1549565735378,1009.73615
1549565735416,1009.78204
1549565735454,1009.78204
1549565735494,1009.78204
1549565735532,1009.78204
1549565735570,1009.7325
1549565735608,1009.7325
1549565735647,1009.7325
1549565735691,1009.7325
1549565735727,1009.64813
1549565735765,1009.64813
1549565735800,1009.64813
1549565735845,1009.64813
1549565735876,1009.64813
1549565735917,1009.67145
1549565735953,1009.67145
1549565735993,1009.67145
1549565736034,1009.67145
1549565736071,1009.70056
1549565736108,1009.70056
1549565736145,1009.70056
1549565736185,1009.70056
1549565736223,1009.6467
1549565736265,1009.6467
1549565736302,1009.6467
1549565736341,1009.6467
1549565736377,1009.657
1549565736416,1009.657
1549565736453,1009.657
1549565736493,1009.657
1549565736533,1009.657
1549565736569,1009.7233
1549565736608,1009.7233
1549565736645,1009.7233
1549565736686,1009.7233
1549565736723,1009.6823
1549565736762,1009.6823
1549565736804,1009.6823
1549565736846,1009.6823
1549565736877,1009.6356
1549565736919,1009.6356
1549565736954,1009.6356
1549565736993,1009.6356
1549565737030,1009.65015
1549565737071,1009.65015
1549565737109,1009.65015
1549565737147,1009.65015
1549565737187,1009.65015
1549565737225,1009.68945
1549565737264,1009.68945
1549565737303,1009.68945
1549565737337,1009.68945
1549565737375,1009.6256
1549565737414,1009.6256
1549565737453,1009.6256
1549565737493,1009.6256
1549565737529,1009.64246
1549565737570,1009.64246
1549565737608,1009.64246
1549565737647,1009.64246
1549565737684,1009.64246
1549565737723,1009.6962
1549565737764,1009.6962
1549565737800,1009.6962
1549565737841,1009.6962
1549565737878,1009.6789
1549565737916,1009.6789
1549565737956,1009.6789
1549565737998,1009.6789
1549565738030,1009.57916
1549565738070,1009.57916
1549565738107,1009.57916
1549565738145,1009.57916
1549565738187,1009.5615
1549565738224,1009.5615
1549565738262,1009.5615
1549565738301,1009.5615
1549565738338,1009.5615
1549565738376,1009.5803
1549565738416,1009.5803
1549565738454,1009.5803
1549565738492,1009.5803
1549565738531,1009.60767
1549565738570,1009.60767
1549565738607,1009.60767
1549565738646,1009.60767
1549565738685,1009.592
1549565738724,1009.592
1549565738762,1009.592
1549565738821,1009.592
1549565738844,1009.6159
1549565738875,1009.6159
1549565738914,1009.6159
1549565738953,1009.6159
1549565738992,1009.6159
1549565739033,1009.6649
1549565739075,1009.6649
1549565739109,1009.6649
1549565739144,1009.6649
1549565739185,1009.6649
1549565739226,1009.6649
1549565739262,1009.6649
1549565739302,1009.6649
1549565739339,1009.5846
1549565739376,1009.5846
1549565739415,1009.5846
1549565739456,1009.5846
1549565739492,1009.53644
1549565739531,1009.53644
1549565739568,1009.53644
1549565739607,1009.53644
1549565739645,1009.53644
1549565739685,1009.5706
1549565739722,1009.5706
1549565739761,1009.5706
1549565739799,1009.5706
1549565739840,1009.5957
1549565739876,1009.5957
1549565739913,1009.5957
1549565739953,1009.5957
1549565739991,1009.541
1549565740032,1009.541
1549565740074,1009.541
1549565740105,1009.541
1549565740147,1009.541
1549565740183,1009.5456
1549565740222,1009.5456
1549565740260,1009.5456
1549565740299,1009.5456
1549565740339,1009.6156
1549565740374,1009.6156
1549565740415,1009.6156
1549565740454,1009.6156
1549565740491,1009.62415
1549565740529,1009.62415
1549565740568,1009.62415
1549565740608,1009.62415
1549565740644,1009.53705
1549565740684,1009.53705
1549565740721,1009.53705
1549565740762,1009.53705
1549565740801,1009.53705
1549565740840,1009.5436
1549565740875,1009.5436
1549565740917,1009.5436
1549565740953,1009.5436
1549565740994,1009.58234
1549565741033,1009.58234
1549565741069,1009.58234
1549565741106,1009.58234
1549565741145,1009.5174
1549565741185,1009.5174
1549565741221,1009.5174
1549565741263,1009.5174
1549565741300,1009.54645
1549565741340,1009.54645
1549565741380,1009.54645
1549565741414,1009.54645
1549565741452,1009.54645
1549565741492,1009.57007
1549565741529,1009.57007
1549565741569,1009.57007
1549565741609,1009.57007
1549565741646,1009.49603
1549565741684,1009.49603
1549565741723,1009.49603
1549565741762,1009.49603
1549565741799,1009.4738
1549565741837,1009.4738
1549565741877,1009.4738
1549565741915,1009.4738
1549565741955,1009.5251
1549565741991,1009.5251
1549565742031,1009.5251
1549565742071,1009.5251
1549565742106,1009.5251
1549565742144,1009.54016
1549565742186,1009.54016
1549565742223,1009.54016
1549565742261,1009.54016
1549565742299,1009.4752
1549565742338,1009.4752
1549565742383,1009.4752
1549565742414,1009.4752
1549565742452,1009.5077
1549565742511,1009.5077
1549565742533,1009.5077
1549565742568,1009.5077
1549565742607,1009.5077
1549565742645,1009.5419
1549565742682,1009.5419
1549565742721,1009.5419
1549565742763,1009.5419
1549565742800,1009.4644
1549565742836,1009.4644
1549565742876,1009.4644
1549565742912,1009.4644
1549565742953,1009.43646
1549565742991,1009.43646
1549565743034,1009.43646
1549565743069,1009.43646
1549565743107,1009.49286
1549565743145,1009.49286
1549565743183,1009.49286
1549565743221,1009.49286
1549565743260,1009.49286
1549565743298,1009.47406
1549565743337,1009.47406
1549565743377,1009.47406
1549565743414,1009.47406
1549565743465,1009.4191
1549565743494,1009.4191
1549565743535,1009.4191
1549565743567,1009.4191
1549565743606,1009.4875
1549565743642,1009.4875
1549565743682,1009.4875
1549565743721,1009.4875
1549565743758,1009.49884
1549565743799,1009.49884
1549565743837,1009.49884
1549565743877,1009.49884
1549565743913,1009.49884
1549565743951,1009.42365
1549565743991,1009.42365
1549565744031,1009.42365
1549565744070,1009.42365
1549565744107,1009.3963
1549565744145,1009.3963
1549565744184,1009.3963
1549565744220,1009.3963
1549565744259,1009.439
1549565744299,1009.439
1549565744338,1009.439
1549565744377,1009.439
1549565744413,1009.4003
1549565744451,1009.4003
1549565744495,1009.4003
1549565744528,1009.4003
1549565744566,1009.4003
1549565744607,1009.38837
1549565744644,1009.38837
1549565744683,1009.38837
1549565744721,1009.38837
1549565744760,1009.4484
1549565744799,1009.4484
1549565744836,1009.4484
1549565744878,1009.4484
1549565744912,1009.4285
1549565744952,1009.4285
1549565744992,1009.4285
1549565745029,1009.4285
1549565745067,1009.4285
1549565745106,1009.33966
1549565745144,1009.33966
1549565745182,1009.33966
1549565745220,1009.33966
1549565745262,1009.3422
1549565745299,1009.3422
1549565745337,1009.3422
1549565745377,1009.3422
1549565745414,1009.39233
1549565745453,1009.39233
1549565745504,1009.39233
1549565745530,1009.39233
1549565745567,1009.3402
1549565745606,1009.3402
1549565745644,1009.3402
1549565745682,1009.3402
1549565745722,1009.3402
1549565745758,1009.3069
1549565745799,1009.3069
1549565745840,1009.3069
1549565745880,1009.3069
1549565745914,1009.3664
1549565745951,1009.3664
1549565745990,1009.3664
1549565746031,1009.3664
1549565746075,1009.3918
1549565746106,1009.3918
1549565746142,1009.3918
1549565746182,1009.3918
1549565746222,1009.3095
1549565746260,1009.3095
1549565746299,1009.3095
1549565746337,1009.3095
1549565746375,1009.3095
1549565746413,1009.2841
1549565746452,1009.2841
1549565746492,1009.2841
1549565746530,1009.2841
1549565746574,1009.36615
1549565746617,1009.36615
1549565746647,1009.36615
1549565746681,1009.36615
1549565746721,1009.3781
1549565746759,1009.3781
1549565746798,1009.3781
1549565746837,1009.3781
1549565746875,1009.3613
1549565746913,1009.3613
1549565746951,1009.3613
1549565746991,1009.3613
1549565747031,1009.3613
1549565747067,1009.2881
1549565747107,1009.2881
1549565747143,1009.2881
1549565747181,1009.2881
1549565747223,1009.2784
1549565747259,1009.2784
1549565747299,1009.2784
1549565747336,1009.2784
1549565747383,1009.32996
1549565747411,1009.32996
1549565747451,1009.32996
1549565747490,1009.32996
1549565747528,1009.32996
1549565747566,1009.33734
1549565747609,1009.33734
1549565747646,1009.33734
1549565747684,1009.33734
1549565747722,1009.2624
1549565747762,1009.2624
1549565747797,1009.2624
1549565747835,1009.2624
1549565747879,1009.2254
1549565747912,1009.2254
1549565747951,1009.2254
1549565747992,1009.2254
1549565748031,1009.28577
1549565748068,1009.28577
1549565748105,1009.28577
1549565748147,1009.28577
1549565748184,1009.28577
1549565748220,1009.2707
1549565748260,1009.2707
1549565748298,1009.2707
1549565748336,1009.2707
1549565748380,1009.2185
1549565748415,1009.2185
1549565748452,1009.2185
1549565748493,1009.2185
1549565748530,1009.2812
1549565748570,1009.2812
1549565748605,1009.2812
1549565748644,1009.2812
1549565748683,1009.3145
1549565748720,1009.3145
1549565748759,1009.3145
1549565748797,1009.3145
1549565748839,1009.3145
1549565748886,1009.2387
1549565748912,1009.2387
1549565748950,1009.2387
1549565748990,1009.2387
1549565749029,1009.2139
1549565749067,1009.2139
1549565749103,1009.2139
1549565749144,1009.2139
1549565749186,1009.27515
1549565749222,1009.27515
1549565749258,1009.27515
1549565749298,1009.27515
1549565749340,1009.22955
1549565749379,1009.22955
1549565749412,1009.22955
1549565749450,1009.22955
1549565749491,1009.22955
1549565749526,1009.2252
1549565749567,1009.2252
1549565749607,1009.2252
1549565749645,1009.2252
1549565749681,1009.3056
1549565749720,1009.3056
1549565749762,1009.3056
1549565749800,1009.3056
1549565749836,1009.33435
1549565749874,1009.33435
1549565749913,1009.33435
1549565749950,1009.33435
1549565749991,1009.33435
1549565750026,1009.2366
1549565750066,1009.2366
1549565750107,1009.2366
1549565750143,1009.2366
1549565750184,1009.19464
1549565750220,1009.19464
1549565750258,1009.19464
1549565750296,1009.19464
1549565750336,1009.19745
1549565750379,1009.19745
1549565750412,1009.19745
1549565750452,1009.19745
1549565750488,1009.2348
1549565750527,1009.2348
1549565750576,1009.2348
1549565750604,1009.2348
1549565750644,1009.2348
1549565750682,1009.1917
1549565750720,1009.1917
1549565750760,1009.1917
1549565750798,1009.1917
1549565750836,1009.1657
1549565750875,1009.1657
1549565750912,1009.1657
1549565750950,1009.1657
1549565750995,1009.20245
1549565751029,1009.20245
1549565751067,1009.20245
1549565751106,1009.20245
1549565751142,1009.1611
1549565751181,1009.1611
1549565751219,1009.1611
1549565751258,1009.1611
1549565751298,1009.1611
1549565751337,1009.1519
1549565751376,1009.1519
1549565751410,1009.1519
1549565751451,1009.1519
1549565751488,1009.1716
1549565751526,1009.1716
1549565751568,1009.1716
1549565751609,1009.1716
1549565751642,1009.173
1549565751681,1009.173
1549565751718,1009.173
1549565751757,1009.173
1549565751797,1009.15015
1549565751836,1009.15015
1549565751877,1009.15015
1549565751913,1009.15015
1549565751953,1009.15015
1549565751993,1009.1567
1549565752027,1009.1567
1549565752066,1009.1567
1549565752104,1009.1567
1549565752142,1009.16315
1549565752182,1009.16315
1549565752219,1009.16315
1549565752258,1009.16315
1549565752296,1009.1386
1549565752339,1009.1386
