1549565878222,1009.4644
1549565878223,1009.4644
1549565878224,1009.4644
1549565878228,1009.4644
1549565878264,1009.60187
1549565878310,1009.60187
1549565878342,1009.60187
1549565878380,1009.60187
1549565878418,1009.7105
1549565878456,1009.7105
1549565878495,1009.7105
1549565878533,1009.7105
1549565878574,1009.7105
1549565878612,1009.79376
1549565878655,1009.79376
1549565878688,1009.79376
1549565878727,1009.79376
1549565878764,1009.8583
1549565878809,1009.8583
1549565878845,1009.8583
1549565878880,1009.8583
1549565878923,1009.9049
1549565878961,1009.9049
1549565878997,1009.9049
1549565879036,1009.9049
1549565879076,1009.92975
1549565879115,1009.92975
1549565879153,1009.92975
1549565879188,1009.92975
1549565879226,1009.92975
1549565879263,1009.9637
1549565879306,1009.9637
1549565879343,1009.9637
1549565879381,1009.9637
1549565879422,1009.9849
1549565879457,1009.9849
1549565879496,1009.9849
1549565879536,1009.9849
1549565879573,1009.9985
1549565879616,1009.9985
1549565879669,1009.9985
1549565879701,1009.9985
1549565879727,1010.0143
1549565879764,1010.0143
1549565879803,1010.0143
1549565879842,1010.0143
1549565879880,1010.0143
1549565879923,1010.0232
1549565880055,1010.0232
1549565880055,1010.0232
1549565880056,1010.0232
1549565880071,1010.0252
1549565880113,1010.0252
1549565880150,1010.0252
1549565880187,1010.0252
1549565880226,1010.03357
1549565880265,1010.03357
1549565880308,1010.03357
1549565880340,1010.03357
1549565880379,1010.03357
1549565880418,1010.0396
1549565880456,1010.0396
1549565880499,1010.0396
1549565880534,1010.0396
1549565880572,1010.0505
1549565880610,1010.0505
1549565880648,1010.0505
1549565880687,1010.0505
1549565880725,1010.05194
1549565880766,1010.05194
1549565880803,1010.05194
1549565880842,1010.05194
1549565880880,1010.0411
1549565880920,1010.0411
1549565880969,1010.0411
1549565880997,1010.0411
1549565881035,1010.0411
1549565881074,1010.1077
1549565881113,1010.1077
1549565881149,1010.1077
1549565881187,1010.1077
1549565881230,1010.06604
1549565881265,1010.06604
1549565881304,1010.06604
1549565881342,1010.06604
1549565881381,1010.0898
1549565881422,1010.0898
1549565881457,1010.0898
1549565881498,1010.0898
1549565881536,1010.06525
1549565881573,1010.06525
1549565881611,1010.06525
1549565881649,1010.06525
1549565881689,1010.06525
1549565881726,1010.06525
1549565881767,1010.06525
1549565881802,1010.06525
1549565881841,1010.06525
1549565881883,1010.0887
1549565881924,1010.0887
1549565881958,1010.0887
1549565882000,1010.0887
1549565882045,1010.08496
1549565882071,1010.08496
1549565882109,1010.08496
1549565882148,1010.08496
1549565882188,1010.08954
1549565882226,1010.08954
1549565882271,1010.08954
1549565882304,1010.08954
1549565882343,1010.08954
1549565882383,1010.08417
1549565882421,1010.08417
1549565882459,1010.08417
1549565882496,1010.08417
1549565882537,1010.08075
1549565882572,1010.08075
1549565882612,1010.08075
1549565882651,1010.08075
1549565882690,1010.0848
1549565882726,1010.0848
1549565882767,1010.0848
1549565882803,1010.0848
1549565882844,1010.0771
1549565882880,1010.0771
1549565882918,1010.0771
1549565882958,1010.0771
1549565882996,1010.0771
1549565883034,1010.0666
1549565883076,1010.0666
1549565883112,1010.0666
1549565883156,1010.0666
1549565883187,1010.0711
1549565883226,1010.0711
1549565883269,1010.0711
1549565883303,1010.0711
1549565883342,1010.0617
1549565883382,1010.0617
1549565883419,1010.0617
1549565883456,1010.0617
1549565883496,1010.0617
1549565883532,1010.07544
1549565883570,1010.07544
1549565883609,1010.07544
1549565883651,1010.07544
1549565883689,1010.06976
1549565883726,1010.06976
1549565883768,1010.06976
1549565883802,1010.06976
1549565883841,1010.0644
1549565883880,1010.0644
1549565883916,1010.0644
1549565883955,1010.0644
1549565883994,1010.0535
1549565884032,1010.0535
1549565884070,1010.0535
1549565884110,1010.0535
1549565884149,1010.0535
1549565884187,1010.0516
1549565884226,1010.0516
1549565884267,1010.0516
1549565884301,1010.0516
1549565884339,1010.0567
1549565884379,1010.0567
1549565884417,1010.0567
1549565884458,1010.0567
1549565884501,1010.04926
1549565884538,1010.04926
1549565884587,1010.04926
1549565884616,1010.04926
1549565884670,1010.0596
1549565884685,1010.0596
1549565884723,1010.0596
1549565884766,1010.0596
1549565884806,1010.0596
1549565884843,1010.06104
1549565884879,1010.06104
1549565884919,1010.06104
1549565884956,1010.06104
1549565884993,1010.0605
1549565885034,1010.0605
1549565885071,1010.0605
1549565885124,1010.0605
1549565885149,1010.0599
1549565885187,1010.0599
1549565885226,1010.0599
1549565885263,1010.0599
1549565885312,1010.06506
1549565885339,1010.06506
1549565885377,1010.06506
1549565885420,1010.06506
1549565885455,1010.06506
1549565885495,1010.0494
1549565885534,1010.0494
1549565885571,1010.0494
1549565885609,1010.0494
1549565885648,1010.05963
1549565885688,1010.05963
1549565885731,1010.05963
1549565885764,1010.05963
1549565885808,1010.04706
1549565885840,1010.04706
1549565885878,1010.04706
1549565885917,1010.04706
1549565885955,1010.04364
1549565885997,1010.04364
1549565886036,1010.04364
1549565886072,1010.04364
1549565886112,1010.04364
1549565886150,1010.0434
1549565886186,1010.0434
1549565886227,1010.0434
1549565886269,1010.0434
1549565886301,1010.03595
1549565886340,1010.03595
1549565886378,1010.03595
1549565886416,1010.03595
1549565886473,1010.03424
1549565886492,1010.03424
1549565886532,1010.03424
1549565886575,1010.03424
1549565886609,1010.03424
1549565886647,1010.0354
1549565886685,1010.0354
1549565886724,1010.0354
1549565886769,1010.0354
1549565886802,1010.054
1549565886840,1010.054
1549565886878,1010.054
1549565886916,1010.054
1549565886957,1010.0523
1549565887001,1010.0523
1549565887037,1010.0523
1549565887070,1010.0523
1549565887115,1010.05176
1549565887152,1010.05176
1549565887185,1010.05176
1549565887223,1010.05176
1549565887262,1010.05176
1549565887302,1010.0586
1549565887339,1010.0586
1549565887379,1010.0586
1549565887418,1010.0586
1549565887454,1010.05835
1549565887493,1010.05835
1549565887531,1010.05835
1549565887570,1010.05835
1549565887609,1010.04584
1549565887650,1010.04584
1549565887687,1010.04584
1549565887725,1010.04584
1549565887768,1010.04584
1549565887803,1010.04584
1549565887840,1010.04584
1549565887878,1010.04584
1549565887916,1010.04584
1549565887955,1010.0438
1549565887996,1010.0438
1549565888036,1010.0438
1549565888069,1010.0438
1549565888117,1010.04553
1549565888148,1010.04553
1549565888189,1010.04553
1549565888223,1010.04553
1549565888263,1010.0347
1549565888302,1010.0347
1549565888342,1010.0347
1549565888382,1010.0347
1549565888416,1010.033
1549565888456,1010.033
1549565888494,1010.033
1549565888532,1010.033
1549565888571,1010.033
1549565888608,1010.017
1549565888646,1010.017
1549565888689,1010.017
1549565888726,1010.017
1549565888771,1010.01013
1549565888801,1010.01013
1549565888867,1010.01013
1549565888879,1010.01013
1549565888918,1010.0013
1549565888955,1010.0013
1549565888994,1010.0013
1549565889036,1010.0013
1549565889071,1009.97675
1549565889111,1009.97675
1549565889148,1009.97675
1549565889188,1009.97675
1549565889223,1009.97675
1549565889263,1009.9662
1549565889303,1009.9662
1549565889342,1009.9662
1549565889376,1009.9662
1549565889418,1009.9759
1549565889454,1009.9759
1549565889493,1009.9759
1549565889530,1009.9759
1549565889570,1009.9016
1549565889608,1009.9016
1549565889653,1009.9016
1549565889687,1009.9016
1549565889724,1009.9016
1549565889763,1009.8894
1549565889800,1009.8894
1549565889838,1009.8894
1549565889877,1009.8894
1549565889916,1009.8842
1549565889954,1009.8842
1549565889992,1009.8842
1549565890030,1009.8842
1549565890072,1009.894
1549565890110,1009.894
1549565890147,1009.894
1549565890188,1009.894
1549565890222,1009.8114
1549565890263,1009.8114
1549565890300,1009.8114
1549565890338,1009.8114
1549565890378,1009.8114
1549565890415,1009.83484
1549565890455,1009.83484
1549565890492,1009.83484
1549565890531,1009.83484
1549565890573,1009.8388
1549565890608,1009.8388
1549565890646,1009.8388
1549565890684,1009.8388
1549565890725,1009.8474
1549565890761,1009.8474
1549565890799,1009.8474
1549565890844,1009.8474
1549565890878,1009.8006
1549565890916,1009.8006
1549565890954,1009.8006
1549565890994,1009.8006
1549565891031,1009.8006
1549565891075,1009.7986
1549565891107,1009.7986
1549565891145,1009.7986
1549565891190,1009.7986
1549565891222,1009.7969
1549565891260,1009.7969
1549565891299,1009.7969
1549565891340,1009.7969
1549565891377,1009.7826
1549565891427,1009.7826
1549565891453,1009.7826
1549565891494,1009.7826
1549565891529,1009.7666
1549565891568,1009.7666
1549565891607,1009.7666
1549565891646,1009.7666
1549565891688,1009.7666
1549565891722,1009.75287
1549565891763,1009.75287
1549565891804,1009.75287
1549565891840,1009.75287
1549565891876,1009.7441
1549565891916,1009.7441
1549565891954,1009.7441
1549565891994,1009.7441
1549565892030,1009.74005
1549565892070,1009.74005
1549565892110,1009.74005
1549565892145,1009.74005
1549565892184,1009.733
1549565892224,1009.733
1549565892261,1009.733
1549565892300,1009.733
1549565892340,1009.733
1549565892377,1009.7175
1549565892419,1009.7175
1549565892453,1009.7175
1549565892492,1009.7175
1549565892531,1009.69354
1549565892570,1009.69354
1549565892608,1009.69354
1549565892646,1009.69354
1549565892685,1009.6815
1549565892722,1009.6815
1549565892762,1009.6815
1549565892801,1009.6815
1549565892842,1009.6815
1549565892875,1009.6655
1549565892916,1009.6655
1549565892956,1009.6655
1549565892992,1009.6655
1549565893030,1009.64813
1549565893072,1009.64813
1549565893109,1009.64813
1549565893147,1009.64813
1549565893185,1009.6293
1549565893221,1009.6293
1549565893263,1009.6293
1549565893299,1009.6293
1549565893341,1009.6236
1549565893376,1009.6236
1549565893416,1009.6236
1549565893454,1009.6236
1549565893494,1009.6236
1549565893547,1009.60126
1549565893568,1009.60126
1549565893608,1009.60126
1549565893646,1009.60126
1549565893691,1009.58014
1549565893725,1009.58014
1549565893761,1009.58014
1549565893802,1009.58014
1549565893841,1009.55444
1549565893879,1009.55444
1549565893915,1009.55444
1549565893954,1009.55444
1549565893992,1009.55444
1549565894032,1009.55444
1549565894070,1009.55444
1549565894108,1009.55444
1549565894146,1009.55444
1549565894185,1009.5456
1549565894224,1009.5456
1549565894261,1009.5456
1549565894301,1009.5456
1549565894339,1009.5422
1549565894379,1009.5422
1549565894416,1009.5422
1549565894458,1009.5422
1549565894495,1009.52423
1549565894532,1009.52423
1549565894571,1009.52423
1549565894606,1009.52423
1549565894645,1009.5088
1549565894684,1009.5088
1549565894724,1009.5088
1549565894761,1009.5088
1549565894800,1009.5088
1549565894841,1009.50195
1549565894878,1009.50195
1549565894919,1009.50195
1549565894956,1009.50195
1549565894992,1009.48254
1549565895034,1009.48254
1549565895072,1009.48254
1549565895110,1009.48254
1549565895147,1009.4631
1549565895185,1009.4631
1549565895222,1009.4631
1549565895267,1009.4631
1549565895304,1009.45624
1549565895343,1009.45624
1549565895380,1009.45624
1549565895415,1009.45624
1549565895453,1009.45624
1549565895492,1009.47
1549565895532,1009.47
1549565895571,1009.47
1549565895606,1009.47
1549565895644,1009.4777
1549565895683,1009.4777
1549565895721,1009.4777
1549565895762,1009.4777
1549565895800,1009.4606
1549565895837,1009.4606
1549565895876,1009.4606
1549565895914,1009.4606
1549565895952,1009.4383
1549565895993,1009.4383
1549565896029,1009.4383
1549565896068,1009.4383
1549565896106,1009.4383
1549565896153,1009.4209
1549565896185,1009.4209
1549565896221,1009.4209
1549565896265,1009.4209
1549565896300,1009.4123
1549565896340,1009.4123
1549565896376,1009.4123
1549565896416,1009.4123
1549565896452,1009.3929
1549565896492,1009.3929
1549565896530,1009.3929
1549565896571,1009.3929
1549565896608,1009.3929
1549565896646,1009.3792
1549565896685,1009.3792
1549565896722,1009.3792
1549565896760,1009.3792
1549565896798,1009.32605
1549565896838,1009.32605
1549565896877,1009.32605
1549565896917,1009.32605
1549565896954,1009.3138
1549565896992,1009.3138
1549565897030,1009.3138
1549565897070,1009.3138
1549565897113,1009.3321
1549565897146,1009.3321
1549565897187,1009.3321
1549565897221,1009.3321
1549565897261,1009.3321
1549565897299,1009.32184
1549565897337,1009.32184
1549565897378,1009.32184
1549565897417,1009.32184
1549565897454,1009.29895
1549565897501,1009.29895
1549565897532,1009.29895
1549565897570,1009.29895
1549565897606,1009.2784
1549565897645,1009.2784
1549565897683,1009.2784
1549565897723,1009.2784
1549565897761,1009.2524
1549565897797,1009.2524
1549565897838,1009.2524
1549565897876,1009.2524
1549565897914,1009.2524
1549565897953,1009.2347
1549565897992,1009.2347
1549565898029,1009.2347
1549565898067,1009.2347
1549565898107,1009.209
1549565898145,1009.209
1549565898182,1009.209
1549565898232,1009.209
1549565898259,1009.1967
1549565898298,1009.1967
1549565898340,1009.1967
1549565898375,1009.1967
1549565898415,1009.18646
1549565898453,1009.18646
1549565898496,1009.18646
1549565898531,1009.18646
1549565898569,1009.18646
1549565898605,1009.17444
1549565898645,1009.17444
1549565898683,1009.17444
1549565898728,1009.17444
1549565898760,1009.1727
1549565898797,1009.1727
1549565898835,1009.1727
1549565898875,1009.1727
1549565898913,1009.1585
1549565898951,1009.1585
1549565898990,1009.1585
1549565899029,1009.1585
1549565899067,1009.1342
1549565899107,1009.1342
1549565899145,1009.1342
1549565899184,1009.1342
1549565899222,1009.1342
1549565899260,1009.1248
1549565899297,1009.1248
1549565899337,1009.1248
1549565899382,1009.1248
1549565899413,1009.1174
1549565899452,1009.1174
1549565899491,1009.1174
1549565899529,1009.1174
1549565899567,1009.09656
1549565899605,1009.09656
1549565899646,1009.09656
1549565899683,1009.09656
1549565899723,1009.09656
1549565899764,1009.0777
1549565899799,1009.0777
1549565899836,1009.0777
1549565899874,1009.0777
1549565899917,1009.04456
1549565899951,1009.04456
1549565899990,1009.04456
1549565900029,1009.04456
1549565900067,1009.0274
1549565900104,1009.0274
1549565900143,1009.0274
1549565900182,1009.0274
1549565900228,1009.0223
1549565900260,1009.0223
1549565900297,1009.0223
1549565900337,1009.0223
1549565900375,1009.0223
1549565900414,1009.0357
1549565900451,1009.0357
1549565900490,1009.0357
1549565900535,1009.0357
1549565900572,1009.0169
1549565900605,1009.0169
1549565900644,1009.0169
1549565900681,1009.0169
1549565900721,1008.99457
1549565900759,1008.99457
1549565900798,1008.99457
1549565900837,1008.99457
1549565900875,1008.9923
1549565900914,1008.9923
1549565900952,1008.9923
1549565900990,1008.9923
1549565901030,1008.9923
1549565901068,1008.98834
1549565901106,1008.98834
1549565901144,1008.98834
1549565901195,1008.98834
1549565901223,1008.9898
1549565901260,1008.9898
1549565901300,1008.9898
1549565901338,1008.9898
1549565901401,1008.9704
1549565901428,1008.9704
1549565901487,1008.9704
1549565901493,1008.9704
1549565901530,1008.9601
1549565901565,1008.9601
1549565901605,1008.9601
1549565901643,1008.9601
1549565901683,1008.9601
1549565901722,1008.9721
1549565901759,1008.9721
1549565901798,1008.9721
1549565901835,1008.9721
1549565901874,1009.0081
1549565901913,1009.0081
1549565901952,1009.0081
1549565901993,1009.0081
1549565902027,1009.0079
1549565902067,1009.0079
1549565902108,1009.0079
1549565902152,1009.0079
1549565902182,1009.0113
1549565902222,1009.0113
1549565902263,1009.0113
1549565902298,1009.0113
1549565902338,1009.0113
1549565902376,1009.013
1549565902416,1009.013
1549565902452,1009.013
1549565902495,1009.013
1549565902527,1009.01044
1549565902568,1009.01044
1549565902608,1009.01044
1549565902645,1009.01044
1549565902681,1009.02075
1549565902721,1009.02075
1549565902764,1009.02075
1549565902800,1009.02075
1549565902836,1009.02075
1549565902876,1009.0168
1549565902913,1009.0168
1549565902953,1009.0168
1549565902994,1009.0168
1549565903028,1009.0082
1549565903067,1009.0082
1549565903108,1009.0082
1549565903146,1009.0082
1549565903184,1008.98706
1549565903224,1008.98706
1549565903259,1008.98706
1549565903298,1008.98706
1549565903336,1008.99365
1549565903376,1008.99365
1549565903415,1008.99365
1549565903450,1008.99365
1549565903493,1008.99365
1549565903527,1008.99365
1549565903570,1008.99365
1549565903610,1008.99365
1549565903647,1008.99365
1549565903681,1009.00397
1549565903720,1009.00397
1549565903761,1009.00397
1549565903799,1009.00397
1549565903842,1009.0074
1549565903884,1009.0074
1549565903912,1009.0074
1549565903951,1009.0074
1549565903993,1009.0051
1549565904031,1009.0051
1549565904066,1009.0051
1549565904106,1009.0051
1549565904151,1009.0051
1549565904181,1008.9957
1549565904409,1008.9957
1549565904409,1008.9957
1549565904409,1008.9957
1549565904409,1009.00256
1549565904410,1009.00256
1549565904608,1009.00256
1549565904609,1009.00256
1549565904609,1009.00256
1549565904609,1009.00256
1549565904609,1009.00256
1549565904610,1009.00256
1549565904690,1008.994
1549565904690,1008.994
1549565904748,1008.994
1549565904765,1008.994
1549565904800,1008.994
1549565904834,1008.9957
1549565904881,1008.9957
1549565904912,1008.9957
1549565904951,1008.9957
1549565904989,1008.9952
1549565905028,1008.9952
1549565905067,1008.9952
1549565905106,1008.9952
1549565905144,1008.99347
1549565905182,1008.99347
1549565905220,1008.99347
1549565905260,1008.99347
1549565905296,1008.9969
1549565905343,1008.9969
1549565905375,1008.9969
1549565905415,1008.9969
1549565905452,1008.9969
1549565905490,1008.9898
1549565905535,1008.9898
1549565905566,1008.9898
1549565905606,1008.9898
1549565905643,1008.9898
1549565905684,1008.9898
1549565905720,1008.9898
1549565905760,1008.9898
1549565905797,1008.9804
1549565905835,1008.9804
1549565905880,1008.9804
1549565905918,1008.9804
1549565905957,1008.9804
1549565905993,1008.99066
1549565906034,1008.99066
1549565906065,1008.99066
1549565906157,1008.99066
1549565906157,1008.9838
1549565906218,1008.9838
1549565906225,1008.9838
1549565906257,1008.9838
1549565906296,1008.9884
1549565906334,1008.9884
1549565906373,1008.9884
1549565906411,1008.9884
1549565906450,1008.9884
1549565906488,1008.9884
1549565906529,1008.9884
1549565906570,1008.9884
1549565906617,1008.9884
1549565906643,1008.9833
1549565906682,1008.9833
1549565906719,1008.9833
1549565906759,1008.9833
1549565906800,1008.97296
1549565906837,1008.97296
1549565906874,1008.97296
1549565906912,1008.97296
1549565906949,1008.9781
1549565906990,1008.9781
1549565907026,1008.9781
1549565907067,1008.9781
1549565907122,1009.00214
1549565907150,1009.00214
1549565907204,1009.00214
1549565907224,1009.00214
1549565907268,1009.00214
1549565907299,1009.00555
1549565907335,1009.00555
1549565907373,1009.00555
1549565907415,1009.00555
1549565907449,1009.021
1549565907491,1009.021
1549565907529,1009.021
1549565907565,1009.021
1549565907604,1009.0193
1549565907644,1009.0193
1549565907683,1009.0193
1549565907719,1009.0193
1549565907759,1009.0087
1549565907796,1009.0087
1549565907833,1009.0087
1549565907875,1009.0087
1549565907912,1009.0087
1549565907949,1009.0065
1549565907993,1009.0065
1549565908029,1009.0065
1549565908070,1009.0065
1549565908124,1009.0065
1549565908147,1009.0065
1549565908181,1009.0065
1549565908220,1009.0065
1549565908261,1009.0025
1549565908296,1009.0025
1549565908335,1009.0025
1549565908374,1009.0025
1549565908413,1009.00226
1549565908450,1009.00226
1549565908489,1009.00226
1549565908528,1009.00226
1549565908567,1009.00226
1549565908609,1008.9988
1549565908642,1008.9988
1549565908685,1008.9988
1549565908723,1008.9988
1549565908761,1009.00226
1549565908796,1009.00226
1549565908838,1009.00226
1549565908873,1009.00226
1549565908911,1009.00226
1549565908952,1009.00226
1549565908991,1009.00226
1549565909026,1009.00226
1549565909068,1009.00226
1549565909105,1008.9931
1549565909193,1008.9931
1549565909194,1008.9931
1549565909218,1008.9931
1549565909261,1008.9931
1549565909295,1008.9931
1549565909338,1008.9931
1549565909373,1008.9931
1549565909411,1008.9965
1549565909451,1008.9965
1549565909489,1008.9965
1549565909525,1008.9965
1549565909565,1009.00336
1549565909605,1009.00336
1549565909642,1009.00336
1549565909686,1009.00336
1549565909718,1009.00336
1549565909762,1008.99115
1549565909799,1008.99115
1549565909839,1008.99115
1549565909873,1008.99115
1549565909912,1008.9757
1549565909952,1008.9757
1549565909992,1008.9757
1549565910031,1008.9757
1549565910069,1008.97687
1549565910105,1008.97687
1549565910146,1008.97687
1549565910180,1008.97687
1549565910225,1008.9854
1549565910261,1008.9854
1549565910296,1008.9854
1549565910335,1008.9854
1549565910372,1008.9854
1549565910412,1008.99225
1549565910452,1008.99225
1549565910490,1008.99225
1549565910527,1008.99225
1549565910565,1008.9937
1549565910607,1008.9937
1549565910647,1008.9937
1549565910680,1008.9937
1549565910722,1008.9886
1549565910763,1008.9886
1549565910795,1008.9886
1549565910834,1008.9886
1549565910874,1008.9886
1549565910913,1008.9886
1549565910959,1008.9886
1549565910987,1008.9886
1549565911027,1008.9886
1549565911071,1008.9955
1549565911105,1008.9955
1549565911145,1008.9955
1549565911183,1008.9955
1549565911221,1008.9903
1549565911264,1008.9903
1549565911297,1008.9903
1549565911334,1008.9903
1549565911371,1009.0035
1549565911411,1009.0035
1549565911448,1009.0035
1549565911489,1009.0035
1549565911530,1008.98804
1549565911565,1008.98804
1549565911604,1008.98804
1549565911640,1008.98804
1549565911681,1008.98804
1549565911718,1008.9841
1549565911760,1008.9841
1549565911796,1008.9841
1549565911833,1008.9841
1549565911871,1008.9841
1549565911912,1008.9841
1549565911951,1008.9841
1549565911994,1008.9841
1549565912026,1008.9821
1549565912068,1008.9821
1549565912105,1008.9821
1549565912140,1008.9821
1549565912182,1008.9821
1549565912218,1008.98553
1549565912256,1008.98553
1549565912296,1008.98553
1549565912334,1008.98553
1549565912379,1008.99066
1549565912413,1008.99066
1549565912448,1008.99066
1549565912488,1008.99066
1549565912526,1008.98724
1549565912566,1008.98724
1549565912603,1008.98724
1549565912640,1008.98724
1549565912680,1008.9924
1549565912717,1008.9924
1549565912755,1008.9924
1549565912793,1008.9924
1549565912834,1008.9924
1549565912871,1008.9935
1549565912910,1008.9935
1549565912950,1008.9935
1549565912990,1008.9935
1549565913025,1008.9935
1549565913066,1008.9935
1549565913109,1008.9935
1549565913142,1008.9935
1549565913183,1008.98987
1549565913219,1008.98987
1549565913258,1008.98987
1549565913295,1008.98987
1549565913333,1008.9967
1549565913373,1008.9967
1549565913412,1008.9967
1549565913453,1008.9967
1549565913487,1008.9967
1549565913525,1009.0047
1549565913563,1009.0047
1549565913603,1009.0047
1549565913640,1009.0047
1549565913691,1008.991
1549565913723,1008.991
1549565913756,1008.991
1549565913795,1008.991
1549565913833,1008.97784
1549565913872,1008.97784
1549565913910,1008.97784
1549565913948,1008.97784
1549565913989,1008.96356
1549565914025,1008.96356
1549565914064,1008.96356
1549565914103,1008.96356
1549565914141,1008.96356
1549565914183,1008.95844
1549565914224,1008.95844
1549565914255,1008.95844
1549565914295,1008.95844
1549565914334,1008.96185
1549565914374,1008.96185
1549565914411,1008.96185
1549565914448,1008.96185
1549565914488,1008.9682
1549565914526,1008.9682
1549565914565,1008.9682
1549565914602,1008.9682
1549565914645,1008.9562
1549565914678,1008.9562
1549565914722,1008.9562
1549565914758,1008.9562
1549565914793,1008.9562
1549565914834,1008.9596
1549565914871,1008.9596
1549565914909,1008.9596
1549565914948,1008.9596
1549565914985,1008.96967
1549565915024,1008.96967
1549565915063,1008.96967
1549565915102,1008.96967
1549565915142,1008.98676
1549565915178,1008.98676
1549565915221,1008.98676
1549565915260,1008.98676
1549565915294,1008.98676
1549565915332,1009.0091
1549565915372,1009.0091
1549565915414,1009.0091
1549565915450,1009.0091
1549565915489,1009.0296
1549565915526,1009.0296
1549565915566,1009.0296
1549565915601,1009.0296
1549565915642,1009.0479
1549565915680,1009.0479
1549565915718,1009.0479
1549565915754,1009.0479
1549565915795,1009.05475
1549565915836,1009.05475
1549565915871,1009.05475
1549565915912,1009.05475
1549565915947,1009.05475
1549565915985,1009.058
1549565916023,1009.058
1549565916065,1009.058
1549565916103,1009.058
1549565916143,1009.06995
1549565916190,1009.06995
1549565916216,1009.06995
1549565916256,1009.06995
1549565916294,1009.1551
1549565916334,1009.1551
1549565916371,1009.1551
1549565916408,1009.1551
1549565916447,1009.126
1549565916485,1009.126
1549565916525,1009.126
1549565916564,1009.126
1549565916603,1009.126
1549565916639,1009.13086
1549565916685,1009.13086
1549565916717,1009.13086
1549565916757,1009.13086
1549565916793,1009.13086
1549565916834,1009.13086
1549565916871,1009.13086
1549565916909,1009.13086
1549565916948,1009.1463
1549565916986,1009.1463
1549565917025,1009.1463
1549565917063,1009.1463
1549565917101,1009.1543
1549565917140,1009.1543
1549565917179,1009.1543
1549565917218,1009.1543
1549565917255,1009.1543
1549565917293,1009.1937
1549565917337,1009.1937
1549565917371,1009.1937
1549565917409,1009.1937
1549565917447,1009.1937
1549565917487,1009.1937
1549565917525,1009.1937
1549565917562,1009.1937
1549565917604,1009.20917
1549565917639,1009.20917
1549565917678,1009.20917
1549565917718,1009.20917
1549565917758,1009.2292
1549565917793,1009.2292
1549565917834,1009.2292
1549565917875,1009.2292
1549565917911,1009.2292
1549565917949,1009.248
1549565917998,1009.248
1549565918034,1009.248
1549565918062,1009.248
1549565918101,1009.2583
1549565918140,1009.2583
1549565918178,1009.2583
1549565918222,1009.2583
1549565918256,1009.2806
1549565918293,1009.2806
1549565918332,1009.2806
1549565918372,1009.2806
1549565918409,1009.32
1549565918447,1009.32
1549565918489,1009.32
1549565918525,1009.32
1549565918564,1009.32
1549565918656,1009.33
1549565918656,1009.33
1549565918676,1009.33
1549565918717,1009.33
1549565918755,1009.30945
1549565918793,1009.30945
1549565918831,1009.30945
1549565918869,1009.30945
1549565918908,1009.3106
1549565918947,1009.3106
1549565918985,1009.3106
1549565919024,1009.3106
1549565919061,1009.3106
1549565919101,1009.33093
1549565919139,1009.33093
1549565919176,1009.33093
1549565919218,1009.33093
1549565919257,1009.34467
1549565919295,1009.34467
1549565919333,1009.34467
1549565919369,1009.34467
1549565919410,1009.36523
1549565919449,1009.36523
1549565919485,1009.36523
1549565919524,1009.36523
1549565919565,1009.3835
1549565919606,1009.3835
1549565919640,1009.3835
1549565919677,1009.3835
1549565919719,1009.3835
1549565919755,1009.40063
1549565919794,1009.40063
1549565919832,1009.40063
1549565919873,1009.40063
1549565919914,1009.41266
1549565919947,1009.41266
1549565919985,1009.41266
1549565920025,1009.41266
1549565920064,1009.4395
1549565920109,1009.4395
1549565920142,1009.4395
1549565920180,1009.4395
1549565920217,1009.4581
1549565920255,1009.4581
1549565920293,1009.4581
1549565920332,1009.4581
1549565920371,1009.4581
1549565920415,1009.4307
1549565920448,1009.4307
1549565920488,1009.4307
1549565920525,1009.4307
1549565920564,1009.4495
1549565920603,1009.4495
1549565920638,1009.4495
1549565920677,1009.4495
1549565920716,1009.45123
1549565920756,1009.45123
1549565920794,1009.45123
1549565920832,1009.45123
1549565920870,1009.4559
1549565920908,1009.4559
1549565920947,1009.4559
1549565920986,1009.4559
1549565921025,1009.4559
1549565921062,1009.47815
1549565921102,1009.47815
1549565921139,1009.47815
1549565921178,1009.47815
1549565921219,1009.5192
1549565921255,1009.5192
1549565921293,1009.5192
1549565921333,1009.5192
1549565921371,1009.537
1549565921409,1009.537
1549565921448,1009.537
1549565921489,1009.537
1549565921524,1009.5484
1549565921568,1009.5484
1549565921607,1009.5484
1549565921642,1009.5484
1549565921679,1009.5484
1549565921719,1009.5533
1549565921756,1009.5533
1549565921793,1009.5533
1549565921833,1009.5533
1549565921870,1009.57214
1549565921908,1009.57214
1549565921947,1009.57214
1549565921987,1009.57214
1549565922027,1009.6133
1549565922066,1009.6133
1549565922107,1009.6133
1549565922140,1009.6133
1549565922177,1009.6133
1549565922215,1009.5956
1549565922255,1009.5956
1549565922295,1009.5956
1549565922333,1009.5956
1549565922371,1009.61615
1549565922409,1009.61615
1549565922451,1009.61615
1549565922488,1009.61615
1549565922534,1009.6247
1549565922564,1009.6247
1549565922610,1009.6247
1549565922642,1009.6247
1549565922676,1009.6624
1549565922714,1009.6624
1549565922754,1009.6624
1549565922792,1009.6624
1549565922833,1009.6624
1549565922868,1009.6727
1549565922908,1009.6727
1549565922946,1009.6727
1549565922985,1009.6727
1549565923024,1009.69135
1549565923062,1009.69135
1549565923100,1009.69135
1549565923140,1009.69135
1549565923176,1009.7233
1549565923216,1009.7233
1549565923255,1009.7233
1549565923291,1009.7233
1549565923330,1009.74677
1549565923368,1009.74677
1549565923407,1009.74677
1549565923447,1009.74677
1549565923484,1009.74677
1549565923522,1009.76733
1549565923561,1009.76733
1549565923600,1009.76733
1549565923638,1009.76733
1549565923677,1009.74994
1549565923718,1009.74994
1549565923755,1009.74994
1549565923795,1009.74994
1549565923841,1009.7585
1549565923872,1009.7585
1549565923907,1009.7585
1549565923946,1009.7585
1549565923984,1009.7431
1549565924022,1009.7431
1549565924061,1009.7431
1549565924100,1009.7431
1549565924138,1009.7431
1549565924178,1009.78876
1549565924215,1009.78876
1549565924254,1009.78876
1549565924293,1009.78876
1549565924337,1009.8008
1549565924380,1009.8008
1549565924412,1009.8008
1549565924444,1009.8008
1549565924485,1009.8145
1549565924527,1009.8145
1549565924567,1009.8145
1549565924600,1009.8145
1549565924637,1009.8299
1549565924676,1009.8299
1549565924717,1009.8299
1549565924766,1009.8299
1549565924790,1009.8299
1549565924832,1009.8377
1549565924868,1009.8377
1549565924923,1009.8377
1549565924944,1009.8377
1549565924986,1009.84454
1549565925024,1009.84454
1549565925060,1009.84454
1549565925099,1009.84454
1549565925136,1009.8531
1549565925178,1009.8531
1549565925221,1009.8531
1549565925252,1009.8531
1549565925291,1009.8531
1549565925330,1009.8837
1549565925370,1009.8837
1549565925409,1009.8837
1549565925445,1009.8837
1549565925484,1009.90717
1549565925524,1009.90717
1549565925563,1009.90717
1549565925601,1009.90717
1549565925639,1009.922
1549565925675,1009.922
1549565925719,1009.922
1549565925759,1009.922
1549565925791,1009.9406
1549565925829,1009.9406
1549565925868,1009.9406
1549565925924,1009.9406
1549565925944,1009.9406
1549565925983,1009.9543
1549565926021,1009.9543
1549565926064,1009.9543
1549565926098,1009.9543
1549565926139,1009.96747
1549565926175,1009.96747
1549565926213,1009.96747
1549565926252,1009.96747
1549565926292,1009.9775
1549565926333,1009.9775
1549565926381,1009.9775
1549565926406,1009.9775
1549565926446,1009.9998
1549565926483,1009.9998
1549565926522,1009.9998
1549565926563,1009.9998
1549565926600,1009.9998
1549565926638,1009.99066
1549565926676,1009.99066
1549565926714,1009.99066
1549565926753,1009.99066
1549565926793,1010.0009
1549565926840,1010.0009
1549565926873,1010.0009
1549565926911,1010.0009
1549565926945,1010.02435
1549565926984,1010.02435
1549565927022,1010.02435
1549565927060,1010.02435
1549565927100,1010.0021
1549565927137,1010.0021
1549565927176,1010.0021
1549565927215,1010.0021
1549565927253,1010.0021
1549565927292,1010.00037
1549565927330,1010.00037
1549565927369,1010.00037
1549565927408,1010.00037
1549565927445,1010.0104
1549565927489,1010.0104
1549565927524,1010.0104
1549565927564,1010.0104
1549565927602,1010.03436
1549565927637,1010.03436
1549565927678,1010.03436
1549565927714,1010.03436
1549565927753,1010.0287
1549565927794,1010.0287
1549565927831,1010.0287
1549565927871,1010.0287
1549565927908,1010.0287
1549565927947,1010.02356
1549565927986,1010.02356
1549565928025,1010.02356
1549565928064,1010.02356
1549565928098,1010.01984
1549565928136,1010.01984
1549565928176,1010.01984
1549565928215,1010.01984
1549565928252,1010.01984
1549565928290,1010.01984
1549565928334,1010.01984
1549565928370,1010.01984
1549565928407,1010.01984
1549565928451,1010.03015
1549565928484,1010.03015
1549565928525,1010.03015
1549565928559,1010.03015
1549565928599,1010.0279
1549565928639,1010.0279
1549565928674,1010.0279
1549565928714,1010.0279
1549565928752,1010.0262
1549565928790,1010.0262
1549565928830,1010.0262
1549565928867,1010.0262
1549565928907,1009.99164
1549565928945,1009.99164
1549565928982,1009.99164
1549565929021,1009.99164
1549565929059,1009.99164
1549565929098,1009.9539
1549565929140,1009.9539
1549565929175,1009.9539
1549565929214,1009.9539
1549565929251,1009.94305
1549565929291,1009.94305
1549565929330,1009.94305
1549565929368,1009.94305
1549565929409,1009.9825
1549565929444,1009.9825
1549565929483,1009.9825
1549565929521,1009.9825
1549565929560,1010.00934
1549565929598,1010.00934
1549565929638,1010.00934
1549565929676,1010.00934
1549565929715,1010.00934
1549565929752,1010.02625
1549565929791,1010.02625
1549565929830,1010.02625
1549565929870,1010.02625
1549565929907,1010.0417
1549565929943,1010.0417
1549565929984,1010.0417
1549565930022,1010.0417
1549565930066,1010.02277
1549565930101,1010.02277
1549565930137,1010.02277
1549565930177,1010.02277
1549565930214,1010.0223
1549565930254,1010.0223
1549565930292,1010.0223
1549565930333,1010.0223
1549565930368,1010.0223
1549565930408,1010.03253
1549565930446,1010.03253
1549565930482,1010.03253
1549565930521,1010.03253
1549565930560,1010.0323
1549565930600,1010.0323
1549565930638,1010.0323
1549565930678,1010.0323
1549565930714,1010.0374
1549565930756,1010.0374
1549565930791,1010.0374
1549565930838,1010.0374
1549565930866,1010.0368
1549565930908,1010.0368
1549565930945,1010.0368
1549565930985,1010.0368
1549565931021,1010.0368
1549565931060,1010.0488
1549565931100,1010.0488
1549565931137,1010.0488
1549565931175,1010.0488
1549565931214,1010.0403
1549565931254,1010.0403
1549565931293,1010.0403
1549565931328,1010.0403
1549565931376,1010.04175
1549565931417,1010.04175
1549565931444,1010.04175
1549565931483,1010.04175
1549565931520,1010.04175
1549565931559,1010.052
1549565931598,1010.052
1549565931637,1010.052
1549565931676,1010.052
1549565931715,1010.0557
1549565931754,1010.0557
1549565931791,1010.0557
1549565931828,1010.0557
1549565931868,1010.0677
1549565931911,1010.0677
1549565931943,1010.0677
1549565931982,1010.0677
1549565932020,1010.0726
1549565932063,1010.0726
1549565932099,1010.0726
1549565932136,1010.0726
1549565932174,1010.0726
1549565932215,1010.0589
1549565932256,1010.0589
1549565932292,1010.0589
1549565932331,1010.0589
1549565932369,1010.0549
1549565932407,1010.0549
1549565932446,1010.0549
1549565932482,1010.0549
1549565932522,1010.0651
1549565932562,1010.0651
1549565932598,1010.0651
1549565932636,1010.0651
1549565932676,1010.06805
1549565932713,1010.06805
1549565932755,1010.06805
1549565932791,1010.06805
1549565932829,1010.06805
1549565932869,1010.0712
1549565932906,1010.0712
1549565932947,1010.0712
1549565932990,1010.0712
1549565933021,1010.0849
1549565933059,1010.0849
1549565933101,1010.0849
1549565933139,1010.0849
1549565933175,1010.0518
1549565933214,1010.0518
1549565933253,1010.0518
1549565933294,1010.0518
1549565933332,1010.0346
1549565933371,1010.0346
1549565933422,1010.0346
1549565933443,1010.0346
1549565933484,1010.0346
1549565933524,1010.04126
1549565933561,1010.04126
1549565933598,1010.04126
1549565933639,1010.04126
1549565933674,1010.0655
1549565933716,1010.0655
1549565933757,1010.0655
1549565933792,1010.0655
1549565933833,1010.06354
1549565933870,1010.06354
1549565933913,1010.06354
1549565933945,1010.06354
1549565933983,1010.0755
1549565934023,1010.0755
1549565934059,1010.0755
1549565934099,1010.0755
1549565934141,1010.0755
1549565934178,1010.0681
1549565934214,1010.0681
1549565934254,1010.0681
1549565934293,1010.0681
1549565934329,1010.07495
1549565934367,1010.07495
1549565934416,1010.07495
1549565934446,1010.07495
1549565934483,1010.08124
1549565934521,1010.08124
1549565934561,1010.08124
1549565934601,1010.08124
1549565934639,1010.08124
1549565934675,1010.08466
1549565934711,1010.08466
1549565934753,1010.08466
1549565934791,1010.08466
1549565934830,1010.05896
1549565934867,1010.05896
1549565934913,1010.05896
1549565934944,1010.05896
1549565934984,1010.081
1549565935020,1010.081
1549565935058,1010.081
1549565935097,1010.081
1549565935139,1010.09814
1549565935176,1010.09814
1549565935212,1010.09814
1549565935254,1010.09814
1549565935292,1010.09814
1549565935327,1010.0844
1549565935367,1010.0844
1549565935411,1010.0844
1549565935445,1010.0844
1549565935481,1010.09814
1549565935522,1010.09814
1549565935563,1010.09814
1549565935599,1010.09814
1549565935641,1010.0976
1549565935676,1010.0976
1549565935715,1010.0976
1549565935752,1010.0976
1549565935790,1010.113
1549565935827,1010.113
1549565935868,1010.113
1549565935913,1010.113
1549565935944,1010.113
1549565935981,1010.1181
1549565936019,1010.1181
1549565936061,1010.1181
1549565936099,1010.1181
1549565936135,1010.13184
1549565936175,1010.13184
1549565936214,1010.13184
1549565936254,1010.13184
1549565936289,1010.1025
1549565936327,1010.1025
1549565936365,1010.1025
1549565936410,1010.1025
1549565936442,1010.09845
1549565936482,1010.09845
1549565936519,1010.09845
1549565936558,1010.09845
1549565936597,1010.09845
1549565936635,1010.0899
1549565936675,1010.0899
1549565936714,1010.0899
1549565936750,1010.0899
1549565936788,1010.1273
1549565936832,1010.1273
1549565936867,1010.1273
1549565936909,1010.1273
1549565936941,1010.0845
1549565936982,1010.0845
1549565937020,1010.0845
1549565937066,1010.0845
1549565937095,1010.0759
1549565937134,1010.0759
1549565937174,1010.0759
1549565937211,1010.0759
1549565937252,1010.0759
1549565937288,1010.0759
1549565937327,1010.0759
1549565937367,1010.0759
1549565937404,1010.0759
1549565937443,1010.0771
1549565937482,1010.0771
1549565937519,1010.0771
1549565937558,1010.0771
1549565937595,1010.1114
1549565937636,1010.1114
1549565937676,1010.1114
1549565937712,1010.1114
1549565937750,1010.1114
1549565937788,1010.06793
1549565937827,1010.06793
1549565937865,1010.06793
1549565937909,1010.06793
1549565937942,1010.05597
1549565937994,1010.05597
1549565938128,1010.05597
1549565938128,1010.05597
1549565938128,1010.0471
1549565938210,1010.0471
1549565938212,1010.0471
1549565938212,1010.0471
1549565938249,1010.04144
1549565938289,1010.04144
1549565938326,1010.04144
1549565938364,1010.04144
1549565938402,1010.04144
1549565938441,1010.03796
1549565938479,1010.03796
1549565938518,1010.03796
1549565938556,1010.03796
1549565938595,1010.05
1549565938634,1010.05
1549565938672,1010.05
1549565938711,1010.05
1549565938751,1010.05
1549565938789,1010.05
1549565938827,1010.05
1549565938866,1010.05
1549565938905,1010.04803
1549565938943,1010.04803
1549565938986,1010.04803
1549565939020,1010.04803
1549565939058,1010.04803
1549565939097,1010.0463
1549565939134,1010.0463
1549565939172,1010.0463
1549565939211,1010.0463
1549565939249,1010.0406
1549565939289,1010.0406
1549565939328,1010.0406
1549565939364,1010.0406
1549565939403,1010.0372
1549565939442,1010.0372
1549565939481,1010.0372
1549565939519,1010.0372
1549565939561,1010.0469
1549565939596,1010.0469
1549565939635,1010.0469
1549565939673,1010.0469
1549565939712,1010.0469
1549565939750,1010.0366
1549565939790,1010.0366
1549565939826,1010.0366
1549565939867,1010.0366
1549565939904,1010.0346
1549565939940,1010.0346
1549565939980,1010.0346
1549565940027,1010.0346
1549565940056,1010.0278
1549565940095,1010.0278
1549565940134,1010.0278
1549565940173,1010.0278
1549565940211,1010.0203
1549565940250,1010.0203
1549565940288,1010.0203
1549565940326,1010.0203
1549565940364,1010.0203
1549565940405,1010.03577
1549565940443,1010.03577
1549565940481,1010.03577
1549565940522,1010.03577
1549565940559,1010.03723
1549565940599,1010.03723
1549565940636,1010.03723
1549565940683,1010.03723
1549565940711,1010.0269
1549565940756,1010.0269
1549565940786,1010.0269
1549565940824,1010.0269
1549565940864,1010.0269
1549565940901,1010.02814
1549565940941,1010.02814
1549565940978,1010.02814
1549565941017,1010.02814
1549565941055,1010.01953
1549565941093,1010.01953
1549565941132,1010.01953
1549565941170,1010.01953
1549565941209,1010.0227
1549565941248,1010.0227
1549565941286,1010.0227
1549565941324,1010.0227
1549565941363,1010.0256
1549565941401,1010.0256
1549565941440,1010.0256
1549565941478,1010.0256
1549565941516,1010.0256
1549565941555,1010.0307
1549565941596,1010.0307
1549565941636,1010.0307
1549565941672,1010.0307
1549565941711,1010.0358
1549565941753,1010.0358
1549565941787,1010.0358
1549565941825,1010.0358
