1549564486292,1008.2512
1549564486292,1008.2512
1549564486329,1008.2512
1549564486369,1008.2512
1549564486408,1008.2645
1549564486445,1008.2645
1549564486485,1008.2645
1549564486523,1008.2645
1549564486561,1008.27924
1549564486601,1008.27924
1549564486639,1008.27924
1549564486679,1008.27924
1549564486717,1008.2878
1549564486756,1008.2878
1549564486792,1008.2878
1549564486832,1008.2878
1549564486869,1008.30206
1549564486909,1008.30206
1549564486947,1008.30206
1549564486987,1008.30206
1549564487025,1008.307
1549564487075,1008.307
1549564487102,1008.307
1549564487142,1008.307
1549564487179,1008.31396
1549564487216,1008.31396
1549564487256,1008.31396
1549564487292,1008.31396
1549564487331,1008.3234
1549564487370,1008.3234
1549564487413,1008.3234
1549564487446,1008.3234
1549564487486,1008.3309
1549564487524,1008.3309
1549564487574,1008.3309
1549564487599,1008.3309
1549564487638,1008.3309
1549564487678,1008.3424
1549564487714,1008.3424
1549564487756,1008.3424
1549564487794,1008.3424
1549564487838,1008.349
1549564487868,1008.349
1549564487911,1008.349
1549564487946,1008.349
1549564487986,1008.3638
1549564488023,1008.3638
1549564488077,1008.3638
1549564488109,1008.3638
1549564488149,1008.3832
1549564488175,1008.3832
1549564488217,1008.3832
1549564488253,1008.3832
1549564488292,1008.39185
1549564488331,1008.39185
1549564488369,1008.39185
1549564488407,1008.39185
1549564488446,1008.40173
1549564488486,1008.40173
1549564488522,1008.40173
1549564488575,1008.40173
1549564488600,1008.41815
1549564488637,1008.41815
1549564488676,1008.41815
1549564488716,1008.41815
1549564488754,1008.43054
1549564488796,1008.43054
1549564488833,1008.43054
1549564488869,1008.43054
1549564488907,1008.43054
1549564488946,1008.44415
1549564488987,1008.44415
1549564489023,1008.44415
1549564489061,1008.44415
1549564489100,1008.4627
1549564489137,1008.4627
1549564489176,1008.4627
1549564489216,1008.4627
1549564489253,1008.4763
1549564489291,1008.4763
1549564489330,1008.4763
1549564489371,1008.4763
1549564489407,1008.48627
1549564489447,1008.48627
1549564489486,1008.48627
1549564489523,1008.48627
1549564489561,1008.4917
1549564489599,1008.4917
1549564489640,1008.4917
1549564489677,1008.4917
1549564489716,1008.50977
1549564489756,1008.50977
1549564489795,1008.50977
1549564489831,1008.50977
1549564489870,1008.5229
1549564489907,1008.5229
1549564489947,1008.5229
1549564489989,1008.5229
1549564490022,1008.539
1549564490062,1008.539
1549564490128,1008.539
1549564490157,1008.539
1549564490182,1008.539
1549564490217,1008.5554
1549564490253,1008.5554
1549564490292,1008.5554
1549564490331,1008.5554
1549564490367,1008.56573
1549564490406,1008.56573
1549564490448,1008.56573
1549564490484,1008.56573
1549564490524,1008.57886
1549564490569,1008.57886
1549564490598,1008.57886
1549564490637,1008.57886
1549564490675,1008.5839
1549564490716,1008.5839
1549564490756,1008.5839
1549564490791,1008.5839
1549564490831,1008.6045
1549564490868,1008.6045
1549564490908,1008.6045
1549564490947,1008.6045
1549564490984,1008.61316
1549564491022,1008.61316
1549564491061,1008.61316
1549564491100,1008.61316
1549564491140,1008.6186
1549564491178,1008.6186
1549564491214,1008.6186
1549564491253,1008.6186
1549564491291,1008.64197
1549564491332,1008.64197
1549564491370,1008.64197
1549564491409,1008.64197
1549564491445,1008.6649
1549564491483,1008.6474
1549564491523,1008.6474
1549564491566,1008.6474
1549564491599,1008.6474
1549564491639,1008.65607
1549564491678,1008.65607
1549564491715,1008.65607
1549564491753,1008.65607
1549564491795,1008.6725
1549564491832,1008.6725
1549564491869,1008.6725
1549564491907,1008.6725
1549564491945,1008.6792
1549564491988,1008.6792
1549564492022,1008.6792
1549564492063,1008.6792
1549564492099,1008.6907
1549564492149,1008.6907
1549564492196,1008.6907
1549564492228,1008.6907
1549564492251,1008.70105
1549564492294,1008.70105
1549564492329,1008.70105
1549564492367,1008.70105
1549564492407,1008.7158
1549564492447,1008.7158
1549564492484,1008.7158
1549564492526,1008.7158
1549564492561,1008.72284
1549564492598,1008.72284
1549564492636,1008.72284
1549564492679,1008.72284
1549564492717,1008.7455
1549564492752,1008.7455
1549564492790,1008.7455
1549564492831,1008.7455
1549564492868,1008.7455
1549564492906,1008.7602
1549564492945,1008.7602
1549564492983,1008.7602
1549564493023,1008.7602
1549564493061,1008.7827
1549564493099,1008.7827
1549564493138,1008.7827
1549564493175,1008.7827
1549564493215,1008.79834
1549564493255,1008.79834
1549564493299,1008.79834
1549564493332,1008.79834
1549564493367,1008.8098
1549564493407,1008.8098
1549564493444,1008.8098
1549564493485,1008.8098
1549564493522,1008.814
1549564493565,1008.814
1549564493598,1008.814
1549564493637,1008.814
1549564493677,1008.8423
1549564493719,1008.8423
1549564493753,1008.8423
1549564493801,1008.8423
1549564493829,1008.85004
1549564493867,1008.85004
1549564493906,1008.85004
1549564493945,1008.85004
1549564493985,1008.8668
1549564494024,1008.8668
1549564494063,1008.8668
1549564494099,1008.8668
1549564494172,1008.8668
1549564494176,1008.88696
1549564494213,1008.88696
1549564494258,1008.88696
1549564494296,1008.88696
1549564494329,1008.90247
1549564494368,1008.90247
1549564494409,1008.90247
1549564494445,1008.90247
1549564494487,1008.91223
1549564494522,1008.91223
1549564494562,1008.91223
1549564494597,1008.91223
1549564494637,1008.9242
1549564494678,1008.9242
1549564494714,1008.9242
1549564494752,1008.9242
1549564494796,1008.9328
1549564494829,1008.9328
1549564494869,1008.9328
1549564494906,1008.9328
1549564494946,1008.9475
1549564494983,1008.9475
1549564495027,1008.9475
1549564495063,1008.9475
1549564495098,1008.9618
1549564495136,1008.9618
1549564495176,1008.9618
1549564495215,1008.9618
1549564495255,1008.9716
1549564495293,1008.9716
1549564495330,1008.9716
1549564495366,1008.9716
1549564495407,1008.9716
1549564495444,1008.9859
1549564495483,1008.9859
1549564495523,1008.9859
1549564495559,1008.9859
1549564495598,1008.99817
1549564495638,1008.99817
1549564495676,1008.99817
1549564495715,1008.99817
1549564495752,1009.0108
1549564495791,1009.0108
1549564495829,1009.0108
1549564495867,1009.0108
1549564495910,1009.0263
1549564495951,1009.0263
1549564495984,1009.0263
1549564496021,1009.0263
1549564496061,1009.0304
1549564496099,1009.0304
1549564496136,1009.0304
1549564496175,1009.0304
1549564496214,1009.04425
1549564496252,1009.04425
1549564496291,1009.04425
1549564496328,1009.04425
1549564496367,1009.05725
1549564496406,1009.05725
1549564496445,1009.05725
1549564496483,1009.05725
1549564496525,1009.074
1549564496568,1009.074
1549564496598,1009.074
1549564496637,1009.074
1549564496675,1009.0846
1549564496714,1009.0846
1549564496752,1009.0846
1549564496794,1009.0846
1549564496828,1009.0846
1549564496867,1009.0935
1549564496908,1009.0935
1549564496945,1009.0935
1549564496984,1009.0935
1549564497022,1009.10657
1549564497060,1009.10657
1549564497098,1009.10657
1549564497136,1009.10657
1549564497175,1009.11914
1549564497215,1009.11914
1549564497252,1009.11914
1549564497290,1009.11914
1549564497328,1009.12317
1549564497368,1009.12317
1549564497406,1009.12317
1549564497444,1009.12317
1549564497483,1009.1293
1549564497522,1009.1293
1549564497560,1009.1293
1549564497604,1009.1293
1549564497635,1009.1467
1549564497675,1009.1467
1549564497712,1009.1467
1549564497753,1009.1467
1549564497789,1009.1577
1549564497829,1009.1577
1549564497869,1009.1577
1549564497906,1009.1577
1549564497947,1009.1708
1549564497982,1009.1708
1549564498022,1009.1708
1549564498060,1009.1708
1549564498098,1009.1708
1549564498136,1009.18665
1549564498176,1009.18665
1549564498212,1009.18665
1549564498253,1009.18665
1549564498292,1009.1992
1549564498328,1009.1992
1549564498369,1009.1992
1549564498405,1009.1992
1549564498445,1009.2126
1549564498484,1009.2126
1549564498521,1009.2126
1549564498560,1009.2126
1549564498598,1009.2236
1549564498637,1009.2236
1549564498674,1009.2236
1549564498716,1009.2236
1549564498751,1009.2268
1549564498790,1009.2268
1549564498828,1009.2268
1549564498867,1009.2268
1549564498906,1009.23004
1549564498949,1009.23004
1549564498982,1009.23004
1549564499021,1009.23004
1549564499059,1009.2324
1549564499098,1009.2324
1549564499136,1009.2324
1549564499177,1009.2324
1549564499212,1009.2394
1549564499251,1009.2394
1549564499291,1009.2394
1549564499328,1009.2394
1549564499366,1009.2394
1549564499407,1009.24664
1549564499444,1009.24664
1549564499483,1009.24664
1549564499521,1009.24664
1549564499559,1009.2494
1549564499598,1009.2494
1549564499635,1009.2494
1549564499674,1009.2494
1549564499712,1009.2563
1549564499751,1009.2563
1549564499790,1009.2563
1549564499830,1009.2563
1549564499868,1009.26074
1549564499905,1009.26074
1549564499952,1009.26074
1549564499981,1009.26074
1549564500024,1009.26935
1549564500060,1009.26935
1549564500097,1009.26935
1549564500135,1009.26935
1549564500182,1009.2766
1549564500213,1009.2766
1549564500249,1009.2766
1549564500290,1009.2766
1549564500326,1009.2762
1549564500372,1009.2762
1549564500404,1009.2762
1549564500441,1009.2762
1549564500481,1009.2782
1549564500520,1009.2782
1549564500557,1009.2782
1549564500597,1009.2782
1549564500634,1009.2782
1549564500673,1009.28107
1549564500715,1009.28107
1549564500754,1009.28107
1549564500789,1009.28107
1549564500827,1009.28503
1549564500868,1009.28503
1549564500904,1009.28503
1549564500943,1009.28503
1549564500984,1009.28876
1549564501021,1009.28876
1549564501062,1009.28876
1549564501096,1009.28876
1549564501136,1009.29114
1549564501174,1009.29114
1549564501212,1009.29114
1549564501251,1009.29114
1549564501292,1009.2854
1549564501326,1009.2854
1549564501368,1009.2854
