1549564268960,1009.5596
1549564268961,1009.5596
1549564268998,1009.5596
1549564269039,1009.56
1549564269077,1009.56
1549564269113,1009.56
1549564269152,1009.56
1549564269194,1009.56
1549564269229,1009.5559
1549564269268,1009.5559
1549564269309,1009.5559
1549564269346,1009.5559
1549564269384,1009.55505
1549564269422,1009.55505
1549564269461,1009.55505
1549564269506,1009.55505
1549564269540,1009.55505
1549564269576,1009.55505
1549564269614,1009.55505
1549564269653,1009.55505
1549564269692,1009.5571
1549564269732,1009.5571
1549564269769,1009.5571
1549564269807,1009.5571
1549564269846,1009.5457
1549564269903,1009.5457
1549564269922,1009.5457
1549564269960,1009.5457
1549564270001,1009.5371
1549564270039,1009.5371
1549564270076,1009.5371
1549564270114,1009.5371
1549564270152,1009.5322
1549564270192,1009.5322
1549564270230,1009.5322
1549564270269,1009.5322
1549564270306,1009.52734
1549564270346,1009.52734
1549564270388,1009.52734
1549564270422,1009.52734
1549564270463,1009.52734
1549564270499,1009.52655
1549564270539,1009.52655
1549564270576,1009.52655
1549564270620,1009.52655
1549564270653,1009.51514
1549564270740,1009.51514
1549564270740,1009.51514
1549564270812,1009.51514
1549564270900,1009.5159
1549564270900,1009.5159
1549564270901,1009.5159
1549564270930,1009.5159
1549564270960,1009.5176
1549564270998,1009.5176
1549564271040,1009.5176
1549564271079,1009.5176
1549564271114,1009.4947
1549564271153,1009.4947
1549564271192,1009.4947
1549564271229,1009.4947
1549564271267,1009.4918
1549564271310,1009.4918
1549564271345,1009.4918
1549564271384,1009.4918
1549564271428,1009.48206
1549564271461,1009.48206
1549564271498,1009.48206
1549564271538,1009.48206
1549564271577,1009.4755
1549564271615,1009.4755
1549564271654,1009.4755
1549564271692,1009.4755
1549564271730,1009.4755
1549564271768,1009.4735
1549564271807,1009.4735
1549564271846,1009.4735
1549564271885,1009.4735
1549564271922,1009.45593
1549564271961,1009.45593
1549564271999,1009.45593
1549564272037,1009.45593
1549564272077,1009.43964
1549564272114,1009.43964
1549564272157,1009.43964
1549564272194,1009.43964
1549564272230,1009.4298
1549564272267,1009.4298
1549564272307,1009.4298
1549564272344,1009.4298
1549564272382,1009.4217
1549564272422,1009.4217
1549564272460,1009.4217
1549564272498,1009.4217
1549564272537,1009.4278
1549564272576,1009.4278
1549564272615,1009.4278
1549564272651,1009.4278
1549564272706,1009.41797
1549564272751,1009.41797
1549564272780,1009.41797
1549564272807,1009.41797
1549564272845,1009.39844
1549564272886,1009.39844
1549564272922,1009.39844
1549564272961,1009.39844
1549564273001,1009.39844
1549564273037,1009.4009
1549564273075,1009.4009
1549564273113,1009.4009
1549564273156,1009.4009
1549564273192,1009.3968
1549564273230,1009.3968
1549564273270,1009.3968
1549564273307,1009.3968
1549564273345,1009.4017
1549564273383,1009.4017
1549564273422,1009.4017
1549564273462,1009.4017
1549564273498,1009.4009
1549564273539,1009.4009
1549564273578,1009.4009
1549564273614,1009.4009
1549564273652,1009.37885
1549564273690,1009.37885
1549564273729,1009.37885
1549564273770,1009.37885
1549564273806,1009.37885
1549564273845,1009.37885
1549564273881,1009.37885
1549564273920,1009.37885
1549564273959,1009.3739
1549564273999,1009.3739
1549564274039,1009.3739
1549564274076,1009.3739
1549564274115,1009.3658
1549564274153,1009.3658
1549564274192,1009.3658
1549564274230,1009.3658
1549564274267,1009.3658
1549564274310,1009.35925
1549564274345,1009.35925
1549564274383,1009.35925
1549564274425,1009.35925
1549564274459,1009.3625
1549564274500,1009.3625
1549564274537,1009.3625
1549564274575,1009.3625
1549564274616,1009.36414
1549564274653,1009.36414
1549564274692,1009.36414
1549564274730,1009.36414
1549564274817,1009.3401
1549564274817,1009.3401
1549564274849,1009.3401
1549564274884,1009.3401
1549564274920,1009.3466
1549564274958,1009.3466
1549564275001,1009.3466
1549564275037,1009.3466
1549564275075,1009.3373
1549564275117,1009.3373
1549564275154,1009.3373
1549564275189,1009.3373
1549564275228,1009.33563
1549564275268,1009.33563
1549564275307,1009.33563
1549564275343,1009.33563
1549564275384,1009.33234
1549564275426,1009.33234
1549564275460,1009.33234
1549564275499,1009.33234
1549564275536,1009.33234
1549564275575,1009.3197
1549564275614,1009.3197
1549564275652,1009.3197
1549564275693,1009.3197
1549564275729,1009.3083
1549564275767,1009.3083
1549564275808,1009.3083
1549564275846,1009.3083
1549564275885,1009.2976
1549564275921,1009.2976
1549564275959,1009.2976
1549564275998,1009.2976
1549564276037,1009.296
1549564276076,1009.296
1549564276122,1009.296
1549564276153,1009.296
1549564276191,1009.2834
1549564276234,1009.2834
1549564276267,1009.2834
1549564276305,1009.2834
1549564276345,1009.27686
1549564276383,1009.27686
1549564276424,1009.27686
1549564276461,1009.27686
1549564276497,1009.28015
1549564276537,1009.28015
1549564276576,1009.28015
1549564276614,1009.28015
1549564276652,1009.2691
1549564276690,1009.2691
1549564276728,1009.2691
1549564276833,1009.2691
1549564276833,1009.2691
1549564276856,1009.27405
1549564276883,1009.27405
1549564276920,1009.27405
1549564276961,1009.27405
1549564276998,1009.25934
1549564277035,1009.25934
1549564277074,1009.25934
1549564277115,1009.25934
1549564277151,1009.2516
1549564277190,1009.2516
1549564277230,1009.2516
1549564277268,1009.2516
1549564277304,1009.25073
1549564277344,1009.25073
1549564277381,1009.25073
1549564277424,1009.25073
1549564277462,1009.25116
1549564277498,1009.25116
1549564277535,1009.25116
1549564277575,1009.25116
1549564277613,1009.2292
1549564277651,1009.2292
1549564277690,1009.2292
1549564277729,1009.2292
1549564277767,1009.232
1549564277808,1009.232
1549564277846,1009.232
1549564277882,1009.232
1549564277922,1009.2259
1549564277963,1009.2259
1549564277998,1009.2259
1549564278036,1009.2259
1549564278074,1009.2259
1549564278113,1009.21326
1549564278152,1009.21326
1549564278192,1009.21326
1549564278229,1009.21326
1549564278268,1009.2149
1549564278307,1009.2149
1549564278343,1009.2149
1549564278382,1009.2149
1549564278421,1009.2238
1549564278462,1009.2238
1549564278496,1009.2238
1549564278538,1009.2238
1549564278573,1009.2238
1549564278613,1009.2238
1549564278653,1009.2238
1549564278691,1009.2238
1549564278728,1009.2145
1549564278766,1009.2145
1549564278808,1009.2145
1549564278844,1009.2145
1549564278883,1009.21936
1549564278921,1009.21936
1549564278964,1009.21936
1549564278996,1009.21936
1549564279035,1009.2149
1549564279076,1009.2149
1549564279115,1009.2149
1549564279151,1009.2149
1549564279191,1009.20557
1549564279229,1009.20557
1549564279267,1009.20557
1549564279307,1009.20557
1549564279345,1009.20557
1549564279383,1009.2063
1549564279420,1009.2063
1549564279461,1009.2063
1549564279496,1009.2063
1549564279537,1009.1986
1549564279579,1009.1986
1549564279612,1009.1986
1549564279653,1009.1986
1549564279691,1009.18225
1549564279727,1009.18225
1549564279766,1009.18225
1549564279805,1009.18225
1549564279843,1009.18555
1549564279884,1009.18555
1549564279920,1009.18555
1549564279959,1009.18555
1549564279997,1009.17615
1549564280036,1009.17615
1549564280074,1009.17615
1549564280112,1009.17615
1549564280153,1009.1631
1549564280191,1009.1631
1549564280227,1009.1631
1549564280269,1009.1631
1549564280307,1009.14795
1549564280344,1009.14795
1549564280388,1009.14795
1549564280420,1009.14795
1549564280461,1009.1447
1549564280497,1009.1447
1549564280539,1009.1447
1549564280574,1009.1447
1549564280612,1009.1447
1549564280660,1009.1382
1549564280688,1009.1382
1549564280727,1009.1382
1549564280766,1009.1382
1549564280805,1009.13165
1549564280844,1009.13165
1549564280887,1009.13165
1549564280920,1009.13165
1549564280960,1009.12555
1549564280998,1009.12555
1549564281035,1009.12555
1549564281073,1009.12555
1549564281112,1009.1239
1549564281151,1009.1239
1549564281188,1009.1239
1549564281227,1009.1239
1549564281267,1009.1276
1549564281307,1009.1276
1549564281344,1009.1276
1549564281381,1009.1276
1549564281421,1009.1293
1549564281458,1009.1293
1549564281496,1009.1293
1549564281535,1009.1293
1549564281575,1009.1117
1549564281611,1009.1117
1549564281653,1009.1117
1549564281689,1009.1117
1549564281729,1009.10034
1549564281769,1009.10034
1549564281807,1009.10034
1549564281843,1009.10034
1549564281882,1009.10034
1549564281920,1009.10596
1549564281965,1009.10596
1549564281997,1009.10596
1549564282035,1009.10596
1549564282074,1009.0966
1549564282112,1009.0966
1549564282152,1009.0966
1549564282190,1009.0966
1549564282228,1009.0856
1549564282265,1009.0856
1549564282306,1009.0856
1549564282343,1009.0856
1549564282382,1009.08234
1549564282420,1009.08234
1549564282462,1009.08234
1549564282502,1009.08234
1549564282536,1009.07135
1549564282574,1009.07135
1549564282612,1009.07135
1549564282651,1009.07135
1549564282689,1009.06647
1549564282734,1009.06647
1549564282765,1009.06647
1549564282807,1009.06647
1549564282845,1009.06323
1549564282885,1009.06323
1549564282920,1009.06323
1549564282961,1009.06323
1549564282996,1009.0742
1549564283034,1009.0742
1549564283072,1009.0742
1549564283113,1009.0742
1549564283151,1009.0742
1549564283189,1009.0583
1549564283228,1009.0583
1549564283265,1009.0583
1549564283304,1009.0583
1549564283345,1009.0562
1549564283381,1009.0562
1549564283419,1009.0562
1549564283462,1009.0562
1549564283496,1009.0595
1549564283537,1009.0595
1549564283585,1009.0595
1549564283614,1009.0595
1549564283650,1009.053
1549564283689,1009.053
1549564283727,1009.053
1549564283766,1009.053
1549564283814,1009.0366
1549564283843,1009.0366
1549564283880,1009.0366
1549564283919,1009.0366
1549564283959,1009.03784
1549564283996,1009.03784
1549564284039,1009.03784
1549564284075,1009.03784
1549564284112,1009.03296
1549564284149,1009.03296
1549564284189,1009.03296
1549564284228,1009.03296
1549564284266,1009.0281
1549564284304,1009.0281
1549564284344,1009.0281
1549564284381,1009.0281
1549564284420,1009.0281
1549564284458,1009.0232
1549564284496,1009.0232
1549564284534,1009.0232
1549564284573,1009.0232
1549564284613,1009.0178
1549564284651,1009.0178
1549564284688,1009.0178
1549564284728,1009.0178
1549564284766,1009.0097
1549564284805,1009.0097
1549564284842,1009.0097
1549564284879,1009.0097
1549564284920,1009.0032
1549564284958,1009.0032
1549564284995,1009.0032
1549564285034,1009.0032
1549564285073,1008.99664
1549564285110,1008.99664
1549564285148,1008.99664
1549564285187,1008.99664
1549564285226,1008.9873
1549564285267,1008.9873
1549564285302,1008.9873
1549564285343,1008.9873
1549564285380,1008.9791
1549564285418,1008.9791
1549564285459,1008.9791
1549564285496,1008.9791
1549564285535,1008.9665
1549564285572,1008.9665
1549564285610,1008.9665
1549564285649,1008.9665
1549564285687,1008.9665
1549564285726,1008.9665
1549564285767,1008.9665
1549564285804,1008.9665
1549564285841,1008.9665
1549564285879,1008.96814
1549564285920,1008.96814
1549564285969,1008.96814
1549564285995,1008.96814
1549564286039,1008.9763
1549564286074,1008.9763
1549564286111,1008.9763
1549564286149,1008.9763
1549564286192,1008.9751
1549564286228,1008.9751
1549564286265,1008.9751
1549564286305,1008.9751
1549564286341,1008.973
1549564286382,1008.973
1549564286419,1008.973
1549564286460,1008.973
1549564286496,1008.9718
1549564286535,1008.9718
1549564286574,1008.9718
1549564286614,1008.9718
1549564286652,1008.9746
1549564286689,1008.9746
1549564286726,1008.9746
1549564286764,1008.9746
1549564286803,1008.9665
1549564286841,1008.9665
1549564286882,1008.9665
1549564286919,1008.9665
1549564286958,1008.9665
1549564286998,1008.9726
1549564287034,1008.9726
1549564287072,1008.9726
1549564287110,1008.9726
1549564287150,1008.9726
1549564287192,1008.9726
1549564287228,1008.9726
1549564287268,1008.9726
1549564287303,1008.9612
1549564287342,1008.9612
1549564287381,1008.9612
1549564287419,1008.9612
1549564287456,1008.95465
1549564287496,1008.95465
1549564287533,1008.95465
1549564287571,1008.95465
1549564287614,1008.9673
1549564287649,1008.9673
1549564287686,1008.9673
1549564287726,1008.9673
1549564287765,1008.9526
1549564287803,1008.9526
1549564287842,1008.9526
1549564287879,1008.9526
1549564287920,1008.9509
1549564287958,1008.9509
1549564287996,1008.9509
1549564288036,1008.9509
1549564288073,1008.9469
1549564288111,1008.9469
1549564288150,1008.9469
1549564288187,1008.9469
1549564288228,1008.9469
1549564288266,1008.94977
1549564288304,1008.94977
1549564288341,1008.94977
1549564288380,1008.94977
1549564288421,1008.9559
1549564288458,1008.9559
1549564288500,1008.9559
1549564288535,1008.9559
1549564288571,1008.944
1549564288610,1008.944
1549564288648,1008.944
1549564288686,1008.944
1549564288726,1008.9391
1549564288764,1008.9391
1549564288804,1008.9391
1549564288842,1008.9391
1549564288881,1008.9449
1549564288918,1008.9449
1549564288959,1008.9449
1549564288996,1008.9449
1549564289034,1008.9509
1549564289071,1008.9509
1549564289110,1008.9509
1549564289149,1008.9509
1549564289186,1008.95215
1549564289227,1008.95215
1549564289265,1008.95215
1549564289302,1008.95215
1549564289340,1008.94684
1549564289380,1008.94684
1549564289418,1008.94684
1549564289456,1008.94684
1549564289495,1008.94684
1549564289534,1008.94684
1549564289572,1008.94684
1549564289611,1008.94684
1549564289649,1008.94684
1549564289687,1008.95264
1549564289727,1008.95264
1549564289769,1008.95264
1549564289803,1008.95264
1549564289841,1008.9363
1549564289879,1008.9363
1549564289918,1008.9363
1549564289957,1008.9363
1549564289994,1008.95825
1549564290033,1008.95825
1549564290070,1008.95825
1549564290112,1008.95825
1549564290150,1008.95825
1549564290186,1008.95825
1549564290225,1008.95825
1549564290263,1008.95825
1549564290303,1008.9578
1549564290341,1008.9578
1549564290379,1008.9578
1549564290421,1008.9578
1549564290460,1008.94806
1549564290494,1008.94806
1549564290533,1008.94806
1549564290570,1008.94806
1549564290609,1008.9497
1549564290648,1008.9497
1549564290687,1008.9497
1549564290725,1008.9497
1549564290764,1008.9497
1549564290803,1008.93823
1549564290841,1008.93823
1549564290878,1008.93823
1549564290916,1008.93823
1549564290956,1008.9432
1549564290993,1008.9432
1549564291031,1008.9432
1549564291071,1008.9432
1549564291110,1008.9432
1549564291148,1008.9432
1549564291189,1008.9432
1549564291227,1008.9432
1549564291262,1008.9387
1549564291302,1008.9387
1549564291339,1008.9387
1549564291380,1008.9387
1549564291417,1008.9432
1549564291457,1008.9432
1549564291496,1008.9432
1549564291531,1008.9432
1549564291570,1008.9269
1549564291610,1008.9269
1549564291648,1008.9269
1549564291686,1008.9269
1549564291724,1008.9187
1549564291769,1008.9187
1549564291800,1008.9187
1549564291839,1008.9187
1549564291878,1008.91705
1549564291919,1008.91705
1549564291954,1008.91705
1549564291997,1008.91705
1549564292032,1008.91705
1549564292070,1008.9105
1549564292108,1008.9105
1549564292150,1008.9105
1549564292185,1008.9105
1549564292227,1008.9072
1549564292262,1008.9072
1549564292301,1008.9072
1549564292340,1008.9072
1549564292379,1008.9089
1549564292418,1008.9089
1549564292455,1008.9089
1549564292494,1008.9089
1549564292532,1008.90076
1549564292570,1008.90076
1549564292608,1008.90076
1549564292648,1008.90076
1549564292686,1008.904
1549564292724,1008.904
1549564292765,1008.904
1549564292801,1008.904
1549564292840,1008.8958
1549564292879,1008.8958
1549564292916,1008.8958
1549564292955,1008.8958
1549564292993,1008.9016
1549564293031,1008.9016
1549564293070,1008.9016
1549564293110,1008.9016
1549564293147,1008.8898
1549564293189,1008.8898
1549564293224,1008.8898
1549564293262,1008.8898
1549564293303,1008.8898
1549564293340,1008.8848
1549564293380,1008.8848
1549564293418,1008.8848
1549564293456,1008.8848
1549564293495,1008.86975
1549564293531,1008.86975
1549564293570,1008.86975
1549564293610,1008.86975
1549564293648,1008.8677
1549564293685,1008.8677
1549564293724,1008.8677
1549564293766,1008.8677
1549564293801,1008.8681
1549564293840,1008.8681
1549564293878,1008.8681
1549564293917,1008.8681
1549564293957,1008.8656
1549564293994,1008.8656
1549564294031,1008.8656
1549564294071,1008.8656
1549564294111,1008.8514
1549564294147,1008.8514
1549564294189,1008.8514
1549564294226,1008.8514
1549564294264,1008.8346
1549564294302,1008.8346
1549564294341,1008.8346
1549564294379,1008.8346
1549564294417,1008.8248
1549564294454,1008.8248
1549564294495,1008.8248
1549564294532,1008.8248
1549564294570,1008.8248
1549564294610,1008.80725
1549564294649,1008.80725
1549564294687,1008.80725
1549564294725,1008.80725
1549564294762,1008.80725
1549564294801,1008.80725
1549564294840,1008.80725
1549564294878,1008.80725
1549564294917,1008.797
1549564294955,1008.797
1549564294994,1008.797
1549564295031,1008.797
1549564295071,1008.7949
1549564295111,1008.7949
1549564295147,1008.7949
1549564295188,1008.7949
1549564295224,1008.7917
1549564295262,1008.7917
1549564295302,1008.7917
1549564295340,1008.7917
1549564295377,1008.79
1549564295417,1008.79
1549564295456,1008.79
1549564295495,1008.79
1549564295532,1008.7805
1549564295572,1008.7805
1549564295610,1008.7805
1549564295650,1008.7805
1549564295686,1008.76587
1549564295723,1008.76587
1549564295762,1008.76587
1549564295802,1008.76587
1549564295840,1008.76587
1549564295878,1008.7601
1549564295916,1008.7601
1549564295955,1008.7601
1549564295996,1008.7601
1549564296031,1008.74866
1549564296070,1008.74866
1549564296107,1008.74866
1549564296147,1008.74866
1549564296187,1008.7413
1549564296225,1008.7413
1549564296265,1008.7413
1549564296300,1008.7413
1549564296338,1008.7339
1549564296378,1008.7339
1549564296416,1008.7339
1549564296455,1008.7339
1549564296499,1008.73627
1549564296532,1008.73627
1549564296571,1008.73627
1549564296609,1008.73627
1549564296646,1008.73834
1549564296686,1008.73834
1549564296725,1008.73834
1549564296764,1008.73834
1549564296803,1008.73914
1549564296838,1008.73914
1549564296880,1008.73914
1549564296917,1008.73914
1549564296955,1008.7378
1549564296995,1008.7378
1549564297030,1008.7378
1549564297070,1008.7378
1549564297109,1008.7378
1549564297149,1008.7304
1549564297187,1008.7304
1549564297222,1008.7304
1549564297264,1008.7304
1549564297302,1008.7292
1549564297342,1008.7292
1549564297379,1008.7292
1549564297415,1008.7292
1549564297456,1008.723
1549564297494,1008.723
1549564297531,1008.723
1549564297572,1008.723
1549564297608,1008.7079
1549564297650,1008.7079
1549564297687,1008.7079
1549564297726,1008.7079
1549564297761,1008.7086
1549564297799,1008.7086
1549564297840,1008.7086
1549564297877,1008.7086
1549564297916,1008.7066
1549564297955,1008.7066
1549564297996,1008.7066
1549564298031,1008.7066
1549564298070,1008.6976
1549564298109,1008.6976
1549564298147,1008.6976
1549564298186,1008.6976
1549564298225,1008.6841
1549564298269,1008.6841
1549564298299,1008.6841
1549564298338,1008.6841
1549564298377,1008.6841
1549564298415,1008.6722
1549564298453,1008.6722
1549564298494,1008.6722
1549564298530,1008.6722
1549564298570,1008.6669
1549564298607,1008.6669
1549564298646,1008.6669
1549564298685,1008.6669
1549564298723,1008.65826
1549564298762,1008.65826
1549564298800,1008.65826
1549564298839,1008.65826
1549564298878,1008.6501
1549564298914,1008.6501
1549564298954,1008.6501
1549564298995,1008.6501
1549564299032,1008.66144
1549564299069,1008.66144
1549564299108,1008.66144
1549564299146,1008.66144
1549564299184,1008.6549
1549564299233,1008.6549
1549564299261,1008.6549
1549564299299,1008.6549
1549564299339,1008.6532
1549564299377,1008.6532
1549564299416,1008.6532
1549564299453,1008.6532
1549564299496,1008.6467
1549564299530,1008.6467
1549564299572,1008.6467
1549564299607,1008.6467
1549564299649,1008.6467
1549564299684,1008.6426
1549564299724,1008.6426
1549564299761,1008.6426
1549564299800,1008.6426
1549564299839,1008.62256
1549564299880,1008.62256
1549564299916,1008.62256
1549564299958,1008.62256
1549564299993,1008.6307
1549564300030,1008.6307
1549564300069,1008.6307
1549564300108,1008.6307
1549564300147,1008.6315
1549564300185,1008.6315
1549564300222,1008.6315
1549564300262,1008.6315
1549564300305,1008.6319
1549564300338,1008.6319
1549564300378,1008.6319
1549564300414,1008.6319
1549564300454,1008.6282
1549564300502,1008.6282
1549564300537,1008.6282
1549564300573,1008.6282
1549564300609,1008.6139
1549564300645,1008.6139
1549564300686,1008.6139
1549564300724,1008.6139
1549564300762,1008.59924
1549564300799,1008.59924
1549564300839,1008.59924
1549564300876,1008.59924
1549564300921,1008.59924
1549564300954,1008.60205
1549564300993,1008.60205
1549564301030,1008.60205
1549564301069,1008.60205
1549564301108,1008.61426
1549564301147,1008.61426
1549564301185,1008.61426
1549564301224,1008.61426
1549564301260,1008.6094
1549564301301,1008.6094
1549564301339,1008.6094
1549564301377,1008.6094
1549564301415,1008.6053
1549564301457,1008.6053
1549564301494,1008.6053
1549564301530,1008.6053
1549564301569,1008.5939
1549564301606,1008.5939
1549564301647,1008.5939
1549564301685,1008.5939
1549564301722,1008.5885
1549564301762,1008.5885
1549564301804,1008.5885
1549564301840,1008.5885
1549564301879,1008.58527
1549564301915,1008.58527
1549564301954,1008.58527
1549564301994,1008.58527
1549564302032,1008.569
1549564302070,1008.569
1549564302108,1008.569
1549564302145,1008.569
1549564302185,1008.569
1549564302223,1008.569
1549564302265,1008.569
1549564302301,1008.569
1549564302339,1008.569
1549564302378,1008.5751
1549564302417,1008.5751
1549564302455,1008.5751
1549564302492,1008.5751
1549564302528,1008.5701
1549564302568,1008.5701
1549564302606,1008.5701
1549564302645,1008.5701
1549564302682,1008.56036
1549564302723,1008.56036
1549564302759,1008.56036
1549564302801,1008.56036
1549564302840,1008.5587
1549564302877,1008.5587
1549564302915,1008.5587
1549564302952,1008.5587
1549564302995,1008.5608
1549564303029,1008.5608
1549564303067,1008.5608
1549564303106,1008.5608
1549564303147,1008.5498
1549564303187,1008.5498
1549564303222,1008.5498
1549564303261,1008.5498
1549564303304,1008.5498
1549564303336,1008.5498
1549564303376,1008.5498
1549564303413,1008.5498
1549564303451,1008.5498
1549564303490,1008.53674
1549564303531,1008.53674
1549564303571,1008.53674
1549564303607,1008.53674
1549564303645,1008.5277
1549564303684,1008.5277
1549564303724,1008.5277
1549564303760,1008.5277
1549564303804,1008.5277
1549564303837,1008.5277
1549564303878,1008.5277
1549564303918,1008.5277
1549564303952,1008.5167
1549564303991,1008.5167
1549564304033,1008.5167
1549564304068,1008.5167
1549564304106,1008.5069
1549564304148,1008.5069
1549564304184,1008.5069
1549564304225,1008.5069
1549564304264,1008.5008
1549564304299,1008.5008
1549564304341,1008.5008
1549564304375,1008.5008
1549564304415,1008.49475
1549564304453,1008.49475
1549564304495,1008.49475
1549564304531,1008.49475
1549564304567,1008.49475
1549564304610,1008.49475
1549564304647,1008.49475
1549564304685,1008.49475
1549564304723,1008.49146
1549564304759,1008.4873
