1549564229661,1008.5421
1549564229662,1008.5421
1549564229700,1008.5421
1549564229739,1008.5421
1549564229781,1008.5328
1549564229816,1008.5328
1549564229854,1008.5328
1549564229893,1008.5328
1549564229931,1008.53973
1549564229970,1008.53973
1549564230010,1008.53973
1549564230048,1008.53973
1549564230085,1008.5369
1549564230123,1008.5369
1549564230164,1008.5369
1549564230201,1008.5369
1549564230241,1008.5369
1549564230278,1008.5418
1549564230316,1008.5418
1549564230355,1008.5418
1549564230392,1008.5418
1549564230433,1008.55
1549564230472,1008.55
1549564230510,1008.55
1549564230548,1008.55
1549564230586,1008.54834
1549564230629,1008.54834
1549564230661,1008.54834
1549564230701,1008.54834
1549564230741,1008.54834
1549564230778,1008.54834
1549564230816,1008.54834
1549564230856,1008.54834
1549564230894,1008.55817
1549564230932,1008.55817
1549564230970,1008.55817
1549564231010,1008.55817
1549564231049,1008.5696
1549564231087,1008.5696
1549564231126,1008.5696
1549564231162,1008.5696
1549564231202,1008.5712
1549564231240,1008.5712
1549564231278,1008.5712
1549564231316,1008.5712
1549564231355,1008.58264
1549564231393,1008.58264
1549564231432,1008.58264
1549564231470,1008.58264
1549564231529,1008.58264
1549564231558,1008.5875
1549564231596,1008.5875
1549564231644,1008.5875
1549564231661,1008.5875
1549564231716,1008.5978
1549564231744,1008.5978
1549564231777,1008.5978
1549564231817,1008.5978
1549564231854,1008.6059
1549564231894,1008.6059
1549564231931,1008.6059
1549564231969,1008.6059
1549564232009,1008.61084
1549564232047,1008.61084
1549564232084,1008.61084
1549564232124,1008.61084
1549564232162,1008.62305
1549564232202,1008.62305
1549564232239,1008.62305
1549564232278,1008.62305
1549564232317,1008.6295
1549564232354,1008.6295
1549564232392,1008.6295
1549564232430,1008.6295
1549564232471,1008.63
1549564232510,1008.63
1549564232549,1008.63
1549564232586,1008.63
1549564232625,1008.63324
1549564232662,1008.63324
1549564232702,1008.63324
1549564232740,1008.63324
1549564232778,1008.63324
1549564232818,1008.6353
1549564232860,1008.6353
1549564232894,1008.6353
1549564232931,1008.6353
1549564232971,1008.6516
1549564233007,1008.6516
1549564233047,1008.6516
1549564233087,1008.6516
1549564233124,1008.65814
1549564233162,1008.65814
1549564233201,1008.65814
1549564233241,1008.65814
1549564233277,1008.6684
1549564233315,1008.6684
1549564233359,1008.6684
1549564233394,1008.6684
1549564233431,1008.6651
1549564233471,1008.6651
1549564233578,1008.6651
1549564233579,1008.6651
1549564233616,1008.65735
1549564233655,1008.65735
1549564233672,1008.65735
1549564233701,1008.65735
1549564233740,1008.66394
1549564233776,1008.66394
1549564233815,1008.66394
1549564233857,1008.66394
1549564233893,1008.6623
1549564233930,1008.6623
1549564233970,1008.6623
1549564234009,1008.6623
1549564234050,1008.6623
1549564234086,1008.6704
1549564234124,1008.6704
1549564234161,1008.6704
1549564234200,1008.6704
1549564234238,1008.6826
1549564234277,1008.6826
1549564234319,1008.6826
1549564234355,1008.6826
1549564234393,1008.68677
1549564234431,1008.68677
1549564234469,1008.68677
1549564234508,1008.68677
1549564234548,1008.708
1549564234586,1008.708
1549564234631,1008.708
1549564234666,1008.708
1549564234702,1008.7194
1549564234739,1008.7194
1549564234778,1008.7194
1549564234815,1008.7194
1549564234856,1008.72266
1549564234892,1008.72266
1549564234932,1008.72266
1549564234970,1008.72266
1549564235007,1008.72314
1549564235053,1008.72314
1549564235084,1008.72314
1549564235123,1008.72314
1549564235161,1008.7272
1549564235199,1008.7272
1549564235240,1008.7272
1549564235277,1008.7272
1549564235318,1008.7272
1549564235358,1008.7325
1549564235391,1008.7325
1549564235433,1008.7325
1549564235470,1008.7325
1549564235508,1008.73456
1549564235576,1008.73456
1549564235602,1008.73456
1549564235640,1008.73456
1549564235661,1008.73737
1549564235700,1008.73737
1549564235737,1008.73737
1549564235779,1008.73737
1549564235816,1008.7423
1549564235853,1008.7423
1549564235891,1008.7423
1549564235929,1008.7423
1549564235973,1008.75574
1549564236007,1008.75574
1549564236046,1008.75574
1549564236096,1008.75574
1549564236122,1008.75946
1549564236160,1008.75946
1549564236199,1008.75946
1549564236238,1008.75946
1549564236276,1008.7648
1549564236315,1008.7648
1549564236356,1008.7648
1549564236392,1008.7648
1549564236431,1008.7799
1549564236469,1008.7799
1549564236507,1008.7799
1549564236547,1008.7799
1549564236584,1008.7799
1549564236622,1008.7848
1549564236660,1008.7848
1549564236700,1008.7848
1549564236738,1008.7848
1549564236778,1008.7995
1549564236816,1008.7995
1549564236853,1008.7995
1549564236892,1008.7995
1549564236934,1008.8019
1549564236969,1008.8019
1549564237008,1008.8019
1549564237046,1008.8019
1549564237092,1008.8117
1549564237122,1008.8117
1549564237163,1008.8117
1549564237200,1008.8117
1549564237238,1008.8093
1549564237277,1008.8093
1549564237321,1008.8093
1549564237353,1008.8093
1549564237393,1008.8191
1549564237432,1008.8191
1549564237470,1008.8191
1549564237507,1008.8191
1549564237547,1008.82605
1549564237597,1008.82605
1549564237622,1008.82605
1549564237660,1008.82605
1549564237698,1008.8358
1549564237737,1008.8358
1549564237777,1008.8358
1549564237814,1008.8358
1549564237853,1008.8358
1549564237891,1008.84564
1549564237931,1008.84564
1549564237970,1008.84564
1549564238007,1008.84564
1549564238044,1008.86035
1549564238091,1008.86035
1549564238121,1008.86035
1549564238160,1008.86035
1549564238200,1008.86847
1549564238238,1008.86847
1549564238279,1008.86847
1549564238315,1008.86847
1549564238353,1008.875
1549564238391,1008.875
1549564238431,1008.875
1549564238468,1008.875
1549564238508,1008.8865
1549564238548,1008.8865
1549564238585,1008.8865
1549564238626,1008.8865
1549564238664,1008.88806
1549564238700,1008.88806
1549564238739,1008.88806
1549564238776,1008.88806
1549564238815,1008.9011
1549564238856,1008.9011
1549564238897,1008.9011
1549564238930,1008.9011
1549564238968,1008.9133
1549564239007,1008.9133
1549564239046,1008.9133
1549564239086,1008.9133
1549564239121,1008.9133
1549564239162,1008.91003
1549564239199,1008.91003
1549564239239,1008.91003
1549564239277,1008.91003
1549564239315,1008.9231
1549564239353,1008.9231
1549564239391,1008.9231
1549564239431,1008.9231
1549564239470,1008.9346
1549564239512,1008.9346
1549564239548,1008.9346
1549564239583,1008.9346
1549564239621,1008.93945
1549564239661,1008.93945
1549564239699,1008.93945
1549564239738,1008.93945
1549564239776,1008.9346
1549564239815,1008.9346
1549564239853,1008.9346
1549564239890,1008.9346
1549564239933,1008.9346
1549564239968,1008.9346
1549564240006,1008.9346
1549564240047,1008.9346
1549564240086,1008.9378
1549564240124,1008.9378
1549564240161,1008.9378
1549564240202,1008.9378
1549564240237,1008.935
1549564240275,1008.935
1549564240314,1008.935
1549564240352,1008.935
1549564240395,1008.935
1549564240429,1008.93665
1549564240468,1008.93665
1549564240506,1008.93665
1549564240546,1008.93665
1549564240584,1008.9338
1549564240621,1008.9338
1549564240660,1008.9338
1549564240700,1008.9338
1549564240737,1008.937
1549564240780,1008.937
1549564240813,1008.937
1549564240853,1008.937
1549564240891,1008.9403
1549564240931,1008.9403
1549564240968,1008.9403
1549564241008,1008.9403
1549564241046,1008.95056
1549564241083,1008.95056
1549564241122,1008.95056
1549564241172,1008.95056
1549564241200,1008.96155
1549564241236,1008.96155
1549564241275,1008.96155
1549564241316,1008.96155
1549564241353,1008.9746
1549564241392,1008.9746
1549564241429,1008.9746
1549564241468,1008.9746
1549564241506,1008.96765
1549564241547,1008.96765
1549564241586,1008.96765
1549564241623,1008.96765
1549564241660,1008.96765
1549564241699,1008.9746
1549564241737,1008.9746
1549564241775,1008.9746
1549564241815,1008.9746
1549564241852,1008.9877
1549564241892,1008.9877
1549564241929,1008.9877
1549564241968,1008.9877
1549564242006,1008.9962
1549564242044,1008.9962
1549564242085,1008.9962
1549564242122,1008.9962
1549564242160,1009.0016
1549564242198,1009.0016
1549564242237,1009.0016
1549564242275,1009.0016
1549564242313,1008.99744
1549564242352,1008.99744
1549564242391,1008.99744
1549564242430,1008.99744
1549564242467,1009.0056
1549564242507,1009.0056
1549564242546,1009.0056
1549564242584,1009.0056
1549564242624,1009.0056
1549564242662,1009.0056
1549564242698,1009.0056
1549564242739,1009.0056
1549564242778,1009.0126
1549564242814,1009.0126
1549564242854,1009.0126
1549564242892,1009.0126
1549564242929,1009.0126
1549564242968,1009.0065
1549564243005,1009.0065
1549564243046,1009.0065
1549564243085,1009.0065
1549564243121,1009.01624
1549564243162,1009.01624
1549564243200,1009.01624
1549564243237,1009.01624
1549564243274,1009.01666
1549564243314,1009.01666
1549564243355,1009.01666
1549564243391,1009.01666
1549564243429,1009.0216
1549564243471,1009.0216
1549564243507,1009.0216
1549564243544,1009.0216
1549564243583,1009.0216
1549564243622,1009.0216
1549564243660,1009.0216
1549564243699,1009.0216
1549564243737,1009.01874
1549564243774,1009.01874
1549564243814,1009.01874
1549564243853,1009.01874
1549564243892,1009.0269
1549564243928,1009.0269
1549564243967,1009.0269
1549564244006,1009.0269
1549564244043,1009.0244
1549564244083,1009.0244
1549564244121,1009.0244
1549564244173,1009.0244
1549564244198,1009.0244
1549564244236,1009.0244
1549564244274,1009.0244
1549564244314,1009.0244
1549564244353,1009.0244
1549564244389,1009.0293
1549564244428,1009.0293
1549564244470,1009.0293
1549564244506,1009.0293
1549564244544,1009.0265
1549564244581,1009.0265
1549564244622,1009.0265
1549564244659,1009.0265
1549564244698,1009.0297
1549564244738,1009.0297
1549564244777,1009.0297
1549564244812,1009.0297
1549564244850,1009.0204
1549564244890,1009.0204
1549564244929,1009.0204
1549564244967,1009.0204
1549564245005,1009.0171
1549564245046,1009.0171
1549564245088,1009.0171
1549564245120,1009.0171
1549564245159,1009.0236
1549564245198,1009.0236
1549564245237,1009.0236
1549564245274,1009.0236
1549564245312,1009.0232
1549564245351,1009.0232
1549564245391,1009.0232
1549564245429,1009.0232
1549564245468,1009.0232
1549564245506,1009.015
1549564245548,1009.015
1549564245583,1009.015
1549564245622,1009.015
1549564245661,1009.01624
1549564245699,1009.01624
1549564245736,1009.01624
1549564245774,1009.01624
1549564245813,1009.0171
1549564245852,1009.0171
1549564245892,1009.0171
1549564245927,1009.0171
1549564245968,1009.0122
1549564246012,1009.0122
1549564246043,1009.0122
1549564246082,1009.0122
1549564246128,1009.0134
1549564246160,1009.0134
1549564246197,1009.0134
1549564246235,1009.0134
1549564246277,1009.01666
1549564246313,1009.01666
1549564246352,1009.01666
1549564246393,1009.01666
1549564246429,1009.01013
1549564246466,1009.01013
1549564246506,1009.01013
1549564246544,1009.01013
1549564246582,1009.00854
1549564246620,1009.00854
1549564246659,1009.00854
1549564246697,1009.00854
1549564246736,1009.00854
1549564246773,1009.0097
1549564246812,1009.0097
1549564246852,1009.0097
1549564246893,1009.0097
1549564246928,1009.0097
1549564246966,1009.0097
1549564247005,1009.0097
1549564247045,1009.0097
1549564247082,1009.0211
1549564247121,1009.0211
1549564247158,1009.0211
1549564247198,1009.0211
1549564247247,1009.02277
1549564247274,1009.02277
1549564247312,1009.02277
1549564247350,1009.02277
1549564247391,1009.0179
1549564247428,1009.0179
1549564247466,1009.0179
1549564247507,1009.0179
1549564247544,1009.01013
1549564247581,1009.01013
1549564247620,1009.01013
1549564247659,1009.01013
1549564247698,1009.01135
1549564247737,1009.01135
1549564247774,1009.01135
1549564247812,1009.01135
1549564247851,1009.01135
1549564247895,1009.01135
1549564247930,1009.01135
1549564247966,1009.01135
1549564248007,1009.01135
1549564248043,1009.013
1549564248082,1009.013
1549564248120,1009.013
1549564248160,1009.013
1549564248198,1009.0244
1549564248235,1009.0244
1549564248273,1009.0244
1549564248315,1009.0244
1549564248353,1009.0305
1549564248389,1009.0305
1549564248427,1009.0305
1549564248466,1009.0305
1549564248506,1009.0387
1549564248544,1009.0387
1549564248581,1009.0387
1549564248621,1009.0387
1549564248659,1009.05176
1549564248700,1009.05176
1549564248736,1009.05176
1549564248775,1009.05176
1549564248812,1009.05664
1549564248851,1009.05664
1549564248890,1009.05664
1549564248926,1009.05664
1549564248971,1009.0697
1549564249004,1009.0697
1549564249043,1009.0697
1549564249083,1009.0697
1549564249119,1009.0811
1549564249159,1009.0811
1549564249197,1009.0811
1549564249235,1009.0811
1549564249275,1009.0811
1549564249312,1009.08435
1549564249350,1009.08435
1549564249391,1009.08435
1549564249427,1009.08435
1549564249465,1009.1117
1549564249509,1009.1117
1549564249542,1009.1117
1549564249581,1009.1117
1549564249619,1009.1199
1549564249658,1009.1199
1549564249699,1009.1199
1549564249738,1009.1199
1549564249778,1009.1231
1549564249814,1009.1231
1549564249850,1009.1231
1549564249889,1009.1231
1549564249927,1009.1387
1549564249968,1009.1387
1549564250005,1009.1387
1549564250042,1009.1387
1549564250081,1009.14685
1549564250121,1009.14685
1549564250158,1009.14685
1549564250197,1009.14685
1549564250235,1009.1541
1549564250274,1009.1541
1549564250312,1009.1541
1549564250351,1009.1541
1549564250389,1009.1623
1549564250427,1009.1623
1549564250465,1009.1623
1549564250506,1009.1623
1549564250543,1009.1623
1549564250581,1009.1697
1549564250620,1009.1697
1549564250666,1009.1697
1549564250697,1009.1697
1549564250734,1009.1648
1549564250775,1009.1648
1549564250812,1009.1648
1549564250851,1009.1648
1549564250888,1009.1697
1549564250928,1009.1697
1549564250968,1009.1697
1549564251003,1009.1697
1549564251043,1009.17786
1549564251080,1009.17786
1549564251121,1009.17786
1549564251160,1009.17786
1549564251197,1009.18274
1549564251236,1009.18274
1549564251273,1009.18274
1549564251311,1009.18274
1549564251351,1009.18274
1549564251390,1009.18274
1549564251427,1009.18274
1549564251467,1009.18274
1549564251504,1009.1811
1549564251543,1009.1811
1549564251580,1009.1811
1549564251619,1009.1811
1549564251659,1009.18555
1549564251696,1009.18555
1549564251736,1009.18555
1549564251778,1009.18555
1549564251810,1009.18555
1549564251850,1009.18677
1549564251890,1009.18677
1549564251927,1009.18677
1549564251967,1009.18677
1549564252004,1009.19165
1549564252043,1009.19165
1549564252081,1009.19165
1549564252121,1009.19165
1549564252160,1009.1905
1549564252197,1009.1905
1549564252251,1009.1905
1549564252274,1009.1905
1549564252311,1009.2019
1549564252350,1009.2019
1549564252392,1009.2019
1549564252429,1009.2019
1549564252465,1009.1986
1549564252503,1009.1986
1549564252542,1009.1986
1549564252581,1009.1986
1549564252618,1009.1925
1549564252657,1009.1925
1549564252695,1009.1925
1549564252734,1009.1925
1549564252774,1009.19415
1549564252812,1009.19415
1549564252850,1009.19415
1549564252887,1009.19415
1549564252926,1009.19165
1549564252965,1009.19165
1549564253004,1009.19165
1549564253048,1009.19165
1549564253081,1009.19165
1549564253120,1009.20636
1549564253157,1009.20636
1549564253197,1009.20636
1549564253235,1009.20636
1549564253273,1009.2194
1549564253312,1009.2194
1549564253350,1009.2194
1549564253388,1009.2194
1549564253427,1009.228
1549564253464,1009.228
1549564253503,1009.228
1549564253542,1009.228
1549564253584,1009.2382
1549564253620,1009.2382
1549564253657,1009.2382
1549564253697,1009.2382
1549564253735,1009.25616
1549564253775,1009.25616
1549564253811,1009.25616
1549564253851,1009.25616
1549564253888,1009.2648
1549564253935,1009.2648
1549564253964,1009.2648
1549564254008,1009.2648
1549564254044,1009.2701
1549564254080,1009.2701
1549564254120,1009.2701
1549564254157,1009.2701
1549564254195,1009.27826
1549564254233,1009.27826
1549564254271,1009.27826
1549564254310,1009.27826
1549564254349,1009.27826
1549564254386,1009.28644
1549564254429,1009.28644
1549564254464,1009.28644
1549564254502,1009.28644
1549564254543,1009.28394
1549564254579,1009.28394
1549564254617,1009.28394
1549564254656,1009.28394
1549564254695,1009.29535
1549564254733,1009.29535
1549564254773,1009.29535
1549564254810,1009.29535
1549564254848,1009.31006
1549564254886,1009.31006
1549564254925,1009.31006
1549564254964,1009.31006
1549564255002,1009.31213
1549564255040,1009.31213
1549564255082,1009.31213
1549564255119,1009.31213
1549564255156,1009.3284
1549564255194,1009.3284
1549564255234,1009.3284
1549564255271,1009.3284
1549564255310,1009.33496
1549564255349,1009.33496
1549564255388,1009.33496
1549564255425,1009.33496
1549564255465,1009.3354
1549564255502,1009.3354
1549564255541,1009.3354
1549564255579,1009.3354
1549564255619,1009.3354
1549564255656,1009.3391
1549564255694,1009.3391
1549564255733,1009.3391
1549564255771,1009.3391
1549564255810,1009.3415
1549564255848,1009.3415
1549564255889,1009.3415
1549564255925,1009.3415
1549564255965,1009.34845
1549564256002,1009.34845
1549564256040,1009.34845
1549564256079,1009.34845
1549564256119,1009.3635
1549564256157,1009.3635
1549564256193,1009.3635
1549564256232,1009.3635
1549564256271,1009.36395
1549564256310,1009.36395
1549564256349,1009.36395
1549564256387,1009.36395
1549564256425,1009.3852
1549564256465,1009.3852
1549564256502,1009.3852
1549564256540,1009.3852
1549564256583,1009.3925
1549564256618,1009.3925
1549564256657,1009.3925
1549564256695,1009.3925
1549564256733,1009.4055
1549564256788,1009.4055
1549564256811,1009.4055
1549564256850,1009.4055
1549564256888,1009.4055
1549564256928,1009.40314
1549564256963,1009.40314
1549564257004,1009.40314
1549564257042,1009.40314
1549564257080,1009.4101
1549564257117,1009.4101
1549564257157,1009.4101
1549564257194,1009.4101
1549564257235,1009.4183
1549564257273,1009.4183
1549564257309,1009.4183
1549564257348,1009.4183
1549564257387,1009.42523
1549564257428,1009.42523
1549564257464,1009.42523
1549564257502,1009.42523
1549564257542,1009.439
1549564257580,1009.439
1549564257618,1009.439
1549564257657,1009.439
1549564257694,1009.446
1549564257732,1009.446
1549564257772,1009.446
1549564257810,1009.446
1549564257848,1009.4497
1549564257888,1009.4497
1549564257928,1009.4497
1549564257965,1009.4497
1549564258004,1009.4599
1549564258040,1009.4599
1549564258084,1009.4599
1549564258119,1009.4599
1549564258156,1009.4599
1549564258197,1009.4623
1549564258236,1009.4623
1549564258273,1009.4623
1549564258312,1009.4623
1549564258370,1009.4595
1549564258391,1009.4595
1549564258425,1009.4595
1549564258463,1009.4595
1549564258501,1009.46155
1549564258540,1009.46155
1549564258581,1009.46155
1549564258617,1009.46155
1549564258657,1009.46313
1549564258696,1009.46313
1549564258731,1009.46313
1549564258771,1009.46313
1549564258812,1009.45056
1549564258849,1009.45056
1549564258887,1009.45056
1549564258928,1009.45056
1549564258963,1009.4456
1549564259001,1009.4456
1549564259039,1009.4456
1549564259078,1009.4456
1549564259116,1009.4489
1549564259155,1009.4489
1549564259194,1009.4489
1549564259232,1009.4489
1549564259270,1009.4578
1549564259309,1009.4578
1549564259347,1009.4578
1549564259386,1009.4578
1549564259424,1009.4578
1549564259463,1009.46967
1549564259501,1009.46967
1549564259540,1009.46967
1549564259582,1009.46967
1549564259619,1009.4811
1549564259655,1009.4811
1549564259696,1009.4811
1549564259734,1009.4811
1549564259771,1009.48926
1549564259809,1009.48926
1549564259850,1009.48926
1549564259886,1009.48926
1549564259925,1009.493
1549564259963,1009.493
1549564260001,1009.493
1549564260040,1009.493
1549564260077,1009.5032
1549564260116,1009.5032
1549564260155,1009.5032
1549564260194,1009.5032
1549564260235,1009.5097
1549564260270,1009.5097
1549564260308,1009.5097
1549564260347,1009.5097
1549564260388,1009.5211
1549564260424,1009.5211
1549564260462,1009.5211
1549564260501,1009.5211
1549564260540,1009.5154
1549564260578,1009.5154
1549564260618,1009.5154
1549564260656,1009.5154
1549564260694,1009.5154
1549564260732,1009.52026
1549564260770,1009.52026
1549564260810,1009.52026
1549564260847,1009.52026
1549564260886,1009.5285
1549564260925,1009.5285
1549564260963,1009.5285
1549564261001,1009.5285
1549564261040,1009.5399
1549564261080,1009.5399
1549564261120,1009.5399
1549564261156,1009.5399
1549564261195,1009.5432
1549564261231,1009.5432
1549564261270,1009.5432
1549564261310,1009.5432
1549564261348,1009.5399
1549564261386,1009.5399
1549564261424,1009.5399
1549564261463,1009.5399
1549564261503,1009.5432
1549564261541,1009.5432
1549564261579,1009.5432
1549564261618,1009.5432
1549564261656,1009.5448
1549564261694,1009.5448
1549564261733,1009.5448
1549564261771,1009.5448
1549564261808,1009.5595
1549564261848,1009.5595
1549564261890,1009.5595
1549564261930,1009.5595
