1549566344716,1009.95
1549566344742,1009.94
1549566344746,1009.94
1549566344757,1009.94
1549566344768,1009.94
1549566344791,1009.94
1549566344793,1009.94
1549566344797,1009.94
1549566344806,1009.94
1549566344817,1009.94
1549566344826,1009.94
1549566344838,1009.94
1549566344846,1009.94
1549566344856,1009.94
1549566344867,1009.94
1549566344876,1009.94
1549566344887,1009.94
1549566344897,1009.94
1549566344906,1009.94
1549566344916,1009.97
1549566344927,1009.97
1549566344937,1009.97
1549566344947,1009.97
1549566344956,1009.97
1549566344966,1009.97
1549566344976,1009.97
1549566344987,1009.97
1549566344996,1009.97
1549566345006,1009.97
1549566345016,1009.97
1549566345026,1009.97
1549566345036,1009.97
1549566345047,1009.97
1549566345056,1009.97
1549566345066,1009.97
1549566345078,1009.97
1549566345087,1009.97
1549566345096,1009.97
1549566345106,1009.97
1549566345116,1009.97
1549566345128,1009.97
1549566345137,1009.97
1549566345146,1009.97
1549566345156,1009.97
1549566345166,1009.97
1549566345177,1009.97
1549566345188,1009.97
1549566345196,1009.97
1549566345206,1009.97
1549566345216,1009.97
1549566345226,1009.97
1549566345237,1009.97
1549566345246,1009.97
1549566345257,1009.97
1549566345266,1009.97
1549566345277,1009.97
1549566345287,1009.97
1549566345296,1009.97
1549566345306,1009.97
1549566345316,1009.97
1549566345326,1009.97
1549566345337,1009.97
1549566345346,1009.97
1549566345356,1009.97
1549566345366,1009.97
1549566345376,1009.97
1549566345386,1009.97
1549566345396,1009.97
1549566345406,1009.97
1549566345416,1009.97
1549566345426,1009.97
1549566345436,1009.97
1549566345446,1009.97
1549566345456,1009.97
1549566345466,1009.97
1549566345476,1009.97
1549566345486,1009.99
1549566345496,1009.99
1549566345506,1009.99
1549566345516,1009.99
1549566345526,1009.99
1549566345536,1009.99
1549566345546,1009.99
1549566345556,1009.99
1549566345566,1009.99
1549566345576,1009.99
1549566345586,1009.99
1549566345596,1009.99
1549566345606,1009.99
1549566345616,1009.99
1549566345626,1009.99
1549566345636,1009.99
1549566345646,1009.99
1549566345656,1009.99
1549566345666,1009.99
1549566345676,1009.98
1549566345686,1009.98
1549566345696,1009.98
1549566345706,1009.98
1549566345716,1009.98
1549566345726,1009.98
1549566345737,1009.98
1549566345747,1009.98
1549566345757,1009.98
1549566345767,1009.98
1549566345781,1009.98
1549566345786,1009.98
1549566345796,1009.98
1549566345806,1009.98
1549566345817,1009.98
1549566345826,1009.98
1549566345836,1009.98
1549566345847,1009.98
1549566345856,1009.98
1549566345866,1009.98
1549566345876,1009.98
1549566345886,1009.98
1549566345896,1009.98
1549566345906,1009.98
1549566345916,1009.98
1549566345926,1009.98
1549566345936,1009.98
1549566345946,1009.98
1549566345956,1009.98
1549566345966,1009.98
1549566345976,1009.98
1549566345986,1009.98
1549566345996,1009.98
1549566346006,1009.98
1549566346016,1009.98
1549566346026,1009.98
1549566346036,1009.98
1549566346046,1009.98
1549566346056,1009.98
1549566346066,1009.98
1549566346076,1009.98
1549566346086,1009.98
1549566346096,1009.98
1549566346106,1009.98
1549566346116,1009.98
1549566346126,1009.98
1549566346136,1009.98
1549566346146,1009.98
1549566346156,1009.98
1549566346166,1009.98
1549566346176,1009.98
1549566346186,1009.98
1549566346196,1009.98
1549566346206,1009.98
1549566346216,1009.98
1549566346226,1009.98
1549566346236,1009.98
1549566346246,1009.98
1549566346256,1009.98
1549566346267,1009.98
1549566346277,1009.98
1549566346286,1009.98
1549566346296,1009.98
1549566346306,1009.98
1549566346316,1009.98
1549566346326,1009.98
1549566346336,1009.98
1549566346347,1009.98
1549566346356,1009.98
1549566346366,1009.98
1549566346376,1009.98
1549566346386,1009.98
1549566346396,1009.98
1549566346406,1009.98
1549566346416,1009.98
1549566346426,1009.98
1549566346436,1009.98
1549566346446,1009.98
1549566346456,1009.98
1549566346466,1009.98
1549566346476,1009.98
1549566346486,1009.98
1549566346496,1009.98
1549566346506,1009.98
1549566346516,1009.98
1549566346526,1009.98
1549566346536,1009.98
1549566346546,1009.98
1549566346556,1009.98
1549566346566,1009.98
1549566346576,1009.98
1549566346586,1009.98
1549566346596,1009.98
1549566346606,1009.98
1549566346616,1009.98
1549566346626,1009.98
1549566346636,1009.98
1549566346646,1009.98
1549566346656,1009.98
1549566346666,1009.98
1549566346676,1009.98
1549566346686,1009.98
1549566346701,1009.98
1549566346724,1009.98
1549566346724,1009.98
1549566346727,1009.98
1549566346737,1009.98
1549566346746,1009.98
1549566346756,1009.98
1549566346766,1009.98
1549566346777,1009.98
1549566346788,1009.98
1549566346796,1009.98
1549566346806,1009.98
1549566346817,1009.98
1549566346827,1009.98
1549566346838,1009.98
1549566346846,1009.98
1549566346856,1009.98
1549566346867,1009.98
1549566346877,1009.98
1549566346888,1009.98
1549566346896,1009.98
1549566346906,1009.98
1549566346917,1009.98
1549566346927,1009.98
1549566346939,1009.98
1549566346946,1009.98
1549566346957,1009.98
1549566346967,1009.98
1549566346977,1009.98
1549566346989,1009.98
1549566346997,1009.98
1549566347008,1009.98
1549566347016,1009.98
1549566347027,1009.98
1549566347039,1009.98
1549566347046,1009.98
1549566347057,1009.98
1549566347067,1009.98
1549566347077,1009.98
1549566347089,1009.98
1549566347097,1009.98
1549566347108,1009.98
1549566347117,1009.98
1549566347128,1009.98
1549566347141,1009.98
1549566347147,1009.98
1549566347158,1009.98
1549566347166,1009.98
1549566347177,1009.98
1549566347186,1009.97
1549566347197,1009.97
1549566347208,1009.97
1549566347217,1009.97
1549566347227,1009.97
1549566347237,1009.97
1549566347247,1009.97
1549566347260,1009.97
1549566347266,1009.97
1549566347277,1009.97
1549566347287,1009.97
1549566347296,1009.97
1549566347306,1009.97
1549566347316,1009.97
1549566347326,1009.97
1549566347336,1009.97
1549566347346,1009.97
1549566347356,1009.97
1549566347366,1009.97
1549566347376,1009.97
1549566347386,1009.97
1549566347396,1009.97
1549566347406,1009.97
1549566347416,1009.97
1549566347426,1009.97
1549566347436,1009.97
1549566347446,1009.97
1549566347456,1009.97
1549566347466,1009.97
1549566347476,1009.97
1549566347486,1009.97
1549566347496,1009.97
1549566347506,1009.97
1549566347516,1009.97
1549566347526,1009.97
1549566347536,1009.97
1549566347546,1009.97
1549566347556,1009.97
1549566347566,1009.97
1549566347576,1009.97
1549566347587,1009.97
1549566347596,1009.97
1549566347606,1009.97
1549566347616,1009.97
1549566347626,1009.97
1549566347636,1009.97
1549566347646,1009.97
1549566347656,1009.97
1549566347666,1009.97
1549566347676,1009.97
1549566347686,1009.97
1549566347696,1009.97
1549566347706,1009.97
1549566347716,1009.97
1549566347726,1009.97
1549566347736,1009.97
1549566347746,1009.97
1549566347756,1009.97
1549566347767,1009.97
1549566347780,1009.97
1549566347786,1009.97
1549566347796,1009.97
1549566347806,1009.97
1549566347816,1009.97
1549566347826,1009.97
1549566347836,1009.97
1549566347846,1009.97
1549566347856,1009.97
1549566347866,1009.97
1549566347876,1009.97
1549566347886,1009.97
1549566347896,1009.97
1549566347906,1009.97
1549566347916,1009.97
1549566347926,1009.97
1549566347937,1009.97
1549566347947,1009.97
1549566347957,1009.97
1549566347967,1009.97
1549566347977,1009.97
1549566347987,1009.97
1549566347997,1009.97
1549566348007,1009.97
1549566348017,1009.97
1549566348027,1009.97
1549566348037,1009.97
1549566348047,1009.97
1549566348056,1009.97
1549566348066,1009.97
1549566348076,1009.97
1549566348086,1009.97
1549566348096,1009.97
1549566348106,1009.97
1549566348116,1009.97
1549566348126,1009.97
1549566348136,1009.96
1549566348147,1009.96
1549566348157,1009.96
1549566348167,1009.96
1549566348177,1009.96
1549566348187,1009.96
1549566348197,1009.96
1549566348207,1009.96
1549566348217,1009.96
1549566348227,1009.96
1549566348237,1009.96
1549566348247,1009.96
1549566348257,1009.96
1549566348268,1009.96
1549566348277,1009.96
1549566348286,1009.96
1549566348296,1009.96
1549566348306,1009.96
1549566348316,1009.96
1549566348326,1009.96
1549566348336,1009.96
1549566348347,1009.96
1549566348356,1009.96
1549566348366,1009.96
1549566348376,1009.96
1549566348386,1009.96
1549566348396,1009.96
1549566348406,1009.96
1549566348416,1009.96
1549566348426,1009.96
1549566348436,1009.96
1549566348446,1009.96
1549566348456,1009.96
1549566348466,1009.96
1549566348476,1009.96
1549566348486,1009.96
1549566348496,1009.96
1549566348506,1009.96
1549566348516,1009.96
1549566348526,1009.96
1549566348536,1009.96
1549566348546,1009.96
1549566348556,1009.96
1549566348566,1009.96
1549566348576,1009.96
1549566348586,1009.96
1549566348596,1009.96
1549566348606,1009.96
1549566348616,1009.96
1549566348626,1009.96
1549566348636,1009.96
1549566348646,1009.96
1549566348656,1009.96
1549566348666,1009.96
1549566348676,1009.96
1549566348686,1009.96
1549566348700,1009.96
1549566348707,1009.95
1549566348716,1009.95
1549566348741,1009.95
1549566348741,1009.95
1549566348746,1009.95
1549566348756,1009.95
1549566348766,1009.95
1549566348776,1009.95
1549566348786,1009.95
1549566348796,1009.95
1549566348806,1009.95
1549566348816,1009.95
1549566348826,1009.95
1549566348838,1009.95
1549566348846,1009.95
1549566348856,1009.95
1549566348867,1009.95
1549566348877,1009.95
1549566348888,1009.95
1549566348896,1009.95
1549566348906,1009.95
1549566348916,1009.95
1549566348927,1009.95
1549566348938,1009.95
1549566348946,1009.95
1549566348956,1009.95
1549566348966,1009.95
1549566348977,1009.95
1549566348990,1009.95
1549566348997,1009.95
1549566349007,1009.95
1549566349017,1009.95
1549566349027,1009.95
1549566349040,1009.95
1549566349047,1009.95
1549566349057,1009.95
1549566349067,1009.95
1549566349077,1009.95
1549566349087,1009.94
1549566349097,1009.94
1549566349107,1009.94
1549566349116,1009.94
1549566349127,1009.94
1549566349136,1009.94
1549566349146,1009.94
1549566349157,1009.94
1549566349166,1009.94
1549566349177,1009.94
1549566349187,1009.94
1549566349196,1009.94
1549566349208,1009.94
1549566349216,1009.94
1549566349227,1009.94
1549566349237,1009.94
1549566349246,1009.94
1549566349267,1009.94
1549566349267,1009.93
1549566349276,1009.93
1549566349287,1009.93
1549566349297,1009.93
1549566349306,1009.93
1549566349316,1009.93
1549566349326,1009.93
1549566349336,1009.93
1549566349347,1009.93
1549566349356,1009.93
1549566349366,1009.93
1549566349376,1009.93
1549566349386,1009.93
1549566349396,1009.93
1549566349406,1009.93
1549566349416,1009.93
1549566349426,1009.93
1549566349436,1009.93
1549566349446,1009.93
1549566349456,1009.93
1549566349466,1009.93
1549566349476,1009.93
1549566349486,1009.93
1549566349496,1009.93
1549566349506,1009.93
1549566349516,1009.93
1549566349526,1009.93
1549566349536,1009.93
1549566349546,1009.93
1549566349556,1009.93
1549566349566,1009.93
1549566349576,1009.93
1549566349586,1009.93
1549566349596,1009.93
1549566349606,1009.93
1549566349617,1009.93
1549566349626,1009.93
1549566349636,1009.93
1549566349646,1009.91
1549566349656,1009.91
1549566349666,1009.91
1549566349676,1009.91
1549566349698,1009.91
1549566349698,1009.91
1549566349706,1009.91
1549566349717,1009.91
1549566349726,1009.91
1549566349736,1009.91
1549566349746,1009.91
1549566349756,1009.91
1549566349767,1009.91
1549566349777,1009.91
1549566349786,1009.91
1549566349797,1009.91
1549566349806,1009.91
1549566349816,1009.91
1549566349826,1009.91
1549566349836,1009.89
1549566349847,1009.89
1549566349857,1009.89
1549566349866,1009.89
1549566349876,1009.89
1549566349886,1009.89
1549566349896,1009.89
1549566349906,1009.89
1549566349917,1009.89
1549566349927,1009.89
1549566349936,1009.89
1549566349946,1009.89
1549566349956,1009.89
1549566349966,1009.89
1549566349977,1009.89
1549566349986,1009.89
1549566349996,1009.89
1549566350006,1009.89
1549566350016,1009.89
1549566350026,1009.89
1549566350036,1009.89
1549566350046,1009.89
1549566350056,1009.89
1549566350066,1009.89
1549566350076,1009.89
1549566350086,1009.89
1549566350096,1009.89
1549566350106,1009.89
1549566350116,1009.89
1549566350126,1009.89
1549566350136,1009.89
1549566350146,1009.89
1549566350156,1009.89
1549566350166,1009.89
1549566350176,1009.89
1549566350186,1009.89
1549566350196,1009.89
1549566350206,1009.89
1549566350216,1009.87
1549566350226,1009.87
1549566350236,1009.87
1549566350246,1009.87
1549566350256,1009.87
1549566350267,1009.87
1549566350277,1009.87
1549566350287,1009.87
1549566350297,1009.87
1549566350306,1009.87
1549566350316,1009.87
1549566350326,1009.87
1549566350336,1009.87
1549566350347,1009.87
1549566350356,1009.87
1549566350366,1009.87
1549566350376,1009.87
1549566350386,1009.87
1549566350396,1009.87
1549566350406,1009.87
1549566350416,1009.87
1549566350426,1009.87
1549566350436,1009.87
1549566350446,1009.87
1549566350456,1009.87
1549566350466,1009.87
1549566350476,1009.87
1549566350486,1009.87
1549566350496,1009.87
1549566350506,1009.87
1549566350516,1009.87
1549566350526,1009.87
1549566350536,1009.87
1549566350546,1009.87
1549566350556,1009.87
1549566350566,1009.87
1549566350576,1009.87
1549566350586,1009.87
1549566350596,1009.84
1549566350606,1009.84
1549566350617,1009.84
1549566350626,1009.84
1549566350636,1009.84
1549566350646,1009.84
1549566350656,1009.84
1549566350666,1009.84
1549566350676,1009.84
1549566350686,1009.84
1549566350701,1009.84
1549566350707,1009.84
1549566350716,1009.84
1549566350741,1009.84
1549566350741,1009.84
1549566350746,1009.84
1549566350756,1009.84
1549566350766,1009.84
1549566350776,1009.84
1549566350787,1009.82
1549566350808,1009.82
1549566350808,1009.82
1549566350817,1009.82
1549566350833,1009.82
1549566350850,1009.82
1549566350856,1009.82
1549566350867,1009.82
1549566350881,1009.82
1549566350888,1009.82
1549566350896,1009.82
1549566350906,1009.82
1549566350916,1009.82
1549566350926,1009.82
1549566350939,1009.82
1549566350947,1009.82
1549566350956,1009.82
1549566350966,1009.82
1549566350976,1009.82
1549566350988,1009.82
1549566350997,1009.82
1549566351008,1009.82
1549566351021,1009.82
1549566351028,1009.82
1549566351039,1009.82
1549566351046,1009.82
1549566351057,1009.82
1549566351066,1009.82
1549566351077,1009.82
1549566351086,1009.82
1549566351096,1009.82
1549566351107,1009.82
1549566351116,1009.82
1549566351127,1009.82
1549566351136,1009.82
1549566351146,1009.82
1549566351158,1009.82
1549566351166,1009.79
1549566351177,1009.79
1549566351187,1009.79
1549566351196,1009.79
1549566351208,1009.79
1549566351216,1009.79
1549566351226,1009.79
1549566351237,1009.79
1549566351246,1009.79
1549566351258,1009.79
1549566351266,1009.79
1549566351278,1009.79
1549566351287,1009.79
1549566351296,1009.79
1549566351306,1009.79
1549566351316,1009.79
1549566351328,1009.79
1549566351336,1009.79
1549566351346,1009.79
1549566351356,1009.76
1549566351367,1009.76
1549566351377,1009.76
1549566351386,1009.76
1549566351396,1009.76
1549566351406,1009.76
1549566351416,1009.76
1549566351426,1009.76
1549566351436,1009.76
1549566351446,1009.76
1549566351456,1009.76
1549566351466,1009.76
1549566351476,1009.76
1549566351486,1009.76
1549566351496,1009.76
1549566351506,1009.76
1549566351516,1009.76
1549566351526,1009.76
1549566351536,1009.76
1549566351546,1009.76
1549566351556,1009.76
1549566351566,1009.76
1549566351576,1009.76
1549566351586,1009.76
1549566351596,1009.76
1549566351606,1009.76
1549566351616,1009.76
1549566351626,1009.76
1549566351636,1009.76
1549566351646,1009.76
1549566351656,1009.76
1549566351666,1009.76
1549566351676,1009.76
1549566351686,1009.76
1549566351696,1009.76
1549566351706,1009.76
1549566351716,1009.76
1549566351726,1009.76
1549566351736,1009.73
1549566351746,1009.73
1549566351756,1009.73
1549566351767,1009.73
1549566351778,1009.73
1549566351786,1009.73
1549566351796,1009.73
1549566351806,1009.73
1549566351816,1009.73
1549566351826,1009.73
1549566351836,1009.73
1549566351846,1009.73
1549566351856,1009.73
1549566351866,1009.73
1549566351876,1009.73
1549566351886,1009.73
1549566351896,1009.73
1549566351906,1009.73
1549566351916,1009.73
1549566351926,1009.69
1549566351936,1009.69
1549566351947,1009.69
1549566351957,1009.69
1549566351967,1009.69
1549566351977,1009.69
1549566351987,1009.69
1549566351997,1009.69
1549566352007,1009.69
1549566352017,1009.69
1549566352027,1009.69
1549566352037,1009.69
1549566352047,1009.69
1549566352057,1009.69
1549566352067,1009.69
1549566352077,1009.69
1549566352087,1009.69
1549566352097,1009.69
1549566352107,1009.69
1549566352117,1009.69
1549566352127,1009.69
1549566352137,1009.69
1549566352147,1009.69
1549566352157,1009.69
1549566352167,1009.69
1549566352177,1009.69
1549566352187,1009.69
1549566352197,1009.69
1549566352207,1009.69
1549566352217,1009.69
1549566352227,1009.69
1549566352237,1009.69
1549566352247,1009.69
1549566352257,1009.69
1549566352267,1009.69
1549566352276,1009.69
1549566352286,1009.69
1549566352296,1009.66
1549566352306,1009.66
1549566352317,1009.66
1549566352327,1009.66
1549566352336,1009.66
1549566352347,1009.66
1549566352356,1009.66
1549566352366,1009.66
1549566352376,1009.66
1549566352386,1009.66
1549566352396,1009.66
1549566352406,1009.66
1549566352416,1009.66
1549566352426,1009.66
1549566352436,1009.66
1549566352447,1009.66
1549566352457,1009.66
1549566352467,1009.66
1549566352477,1009.66
1549566352487,1009.62
1549566352497,1009.62
1549566352507,1009.62
1549566352517,1009.62
1549566352527,1009.62
1549566352537,1009.62
1549566352547,1009.62
1549566352557,1009.62
1549566352567,1009.62
1549566352577,1009.62
1549566352587,1009.62
1549566352597,1009.62
1549566352607,1009.62
1549566352617,1009.62
1549566352627,1009.62
1549566352637,1009.62
1549566352647,1009.62
1549566352657,1009.62
1549566352667,1009.62
1549566352677,1009.62
1549566352687,1009.62
1549566352697,1009.62
1549566352709,1009.62
1549566352716,1009.62
1549566352726,1009.62
1549566352736,1009.62
1549566352746,1009.62
1549566352758,1009.62
1549566352766,1009.62
1549566352777,1009.62
1549566352787,1009.62
1549566352796,1009.62
1549566352807,1009.62
1549566352816,1009.62
1549566352826,1009.62
1549566352837,1009.62
1549566352846,1009.62
1549566352856,1009.62
1549566352866,1009.58
1549566352876,1009.58
1549566352887,1009.58
1549566352896,1009.58
1549566352906,1009.58
1549566352916,1009.58
1549566352926,1009.58
1549566352937,1009.58
1549566352946,1009.58
1549566352956,1009.58
1549566352966,1009.58
1549566352976,1009.58
1549566352987,1009.58
1549566352996,1009.58
1549566353006,1009.58
1549566353016,1009.58
1549566353026,1009.58
1549566353036,1009.58
1549566353046,1009.58
1549566353056,1009.59
1549566353066,1009.59
1549566353076,1009.59
1549566353086,1009.59
1549566353096,1009.59
1549566353106,1009.59
1549566353116,1009.59
1549566353126,1009.59
1549566353136,1009.59
1549566353146,1009.59
1549566353156,1009.59
1549566353166,1009.59
1549566353176,1009.59
1549566353186,1009.59
1549566353196,1009.59
1549566353206,1009.59
1549566353216,1009.59
1549566353226,1009.59
1549566353236,1009.59
1549566353246,1009.54
1549566353257,1009.54
1549566353266,1009.54
1549566353279,1009.54
1549566353286,1009.54
1549566353296,1009.54
1549566353306,1009.54
1549566353316,1009.54
1549566353326,1009.54
1549566353336,1009.54
1549566353346,1009.54
1549566353357,1009.54
1549566353366,1009.54
1549566353376,1009.54
1549566353386,1009.54
1549566353396,1009.54
1549566353406,1009.54
1549566353416,1009.54
1549566353426,1009.54
1549566353437,1009.5
1549566353446,1009.5
1549566353456,1009.5
1549566353466,1009.5
1549566353476,1009.5
1549566353486,1009.5
1549566353496,1009.5
1549566353506,1009.5
1549566353516,1009.5
1549566353526,1009.5
1549566353536,1009.5
1549566353546,1009.5
1549566353556,1009.5
1549566353566,1009.5
1549566353576,1009.5
1549566353586,1009.5
1549566353596,1009.5
1549566353606,1009.5
1549566353616,1009.5
1549566353626,1009.5
1549566353636,1009.5
1549566353646,1009.5
1549566353656,1009.5
1549566353666,1009.5
1549566353676,1009.5
1549566353686,1009.5
1549566353696,1009.5
1549566353706,1009.5
1549566353716,1009.5
1549566353726,1009.5
1549566353736,1009.5
1549566353746,1009.5
1549566353757,1009.5
1549566353767,1009.5
1549566353777,1009.5
1549566353786,1009.5
1549566353796,1009.5
1549566353806,1009.5
1549566353816,1009.45
1549566353826,1009.45
1549566353836,1009.45
1549566353847,1009.45
1549566353856,1009.45
1549566353866,1009.45
1549566353876,1009.45
1549566353886,1009.45
1549566353896,1009.45
1549566353906,1009.45
1549566353916,1009.45
1549566353926,1009.45
1549566353936,1009.45
1549566353946,1009.45
1549566353956,1009.45
1549566353966,1009.45
1549566353976,1009.45
1549566353986,1009.45
1549566353996,1009.45
1549566354006,1009.41
1549566354016,1009.41
1549566354026,1009.41
1549566354036,1009.41
1549566354046,1009.41
1549566354056,1009.41
1549566354066,1009.41
1549566354076,1009.41
1549566354086,1009.41
1549566354096,1009.41
1549566354106,1009.41
1549566354116,1009.41
1549566354126,1009.41
1549566354136,1009.41
1549566354146,1009.41
1549566354156,1009.41
1549566354166,1009.41
1549566354176,1009.41
1549566354186,1009.41
1549566354196,1009.42
1549566354206,1009.42
1549566354216,1009.42
1549566354226,1009.42
1549566354236,1009.42
1549566354246,1009.42
1549566354280,1009.42
1549566354280,1009.42
1549566354281,1009.42
1549566354287,1009.42
1549566354297,1009.42
1549566354306,1009.42
1549566354316,1009.42
1549566354327,1009.42
1549566354336,1009.42
1549566354347,1009.42
1549566354356,1009.42
1549566354367,1009.42
1549566354376,1009.42
1549566354386,1009.37
1549566354396,1009.37
1549566354407,1009.37
1549566354416,1009.37
1549566354426,1009.37
1549566354436,1009.37
1549566354446,1009.37
1549566354457,1009.37
1549566354467,1009.37
1549566354478,1009.37
1549566354487,1009.37
1549566354498,1009.37
1549566354507,1009.37
1549566354517,1009.37
1549566354527,1009.37
1549566354537,1009.37
1549566354547,1009.37
1549566354557,1009.37
1549566354567,1009.37
1549566354577,1009.33
1549566354587,1009.33
1549566354597,1009.33
1549566354607,1009.33
1549566354618,1009.33
1549566354627,1009.33
1549566354637,1009.33
1549566354647,1009.33
1549566354657,1009.33
1549566354667,1009.33
1549566354677,1009.33
1549566354700,1009.33
1549566354700,1009.33
1549566354707,1009.33
1549566354717,1009.33
1549566354729,1009.33
1549566354737,1009.33
1549566354747,1009.33
1549566354757,1009.33
1549566354767,1009.33
1549566354777,1009.33
1549566354788,1009.33
1549566354796,1009.33
1549566354807,1009.33
1549566354816,1009.33
1549566354826,1009.33
1549566354837,1009.33
1549566354847,1009.33
1549566354856,1009.33
1549566354868,1009.33
1549566354876,1009.33
1549566354887,1009.33
1549566354897,1009.33
1549566354908,1009.33
1549566354917,1009.33
1549566354929,1009.33
1549566354938,1009.33
1549566354947,1009.28
1549566354957,1009.28
1549566354967,1009.28
1549566354977,1009.28
1549566354987,1009.28
1549566354997,1009.28
1549566355007,1009.28
1549566355017,1009.28
1549566355027,1009.28
1549566355037,1009.28
1549566355047,1009.28
1549566355057,1009.28
1549566355067,1009.28
1549566355077,1009.28
1549566355087,1009.28
1549566355097,1009.28
1549566355107,1009.28
1549566355117,1009.28
1549566355127,1009.28
1549566355137,1009.28
1549566355147,1009.28
1549566355157,1009.28
1549566355167,1009.28
1549566355177,1009.28
1549566355187,1009.28
1549566355197,1009.28
1549566355207,1009.28
1549566355217,1009.28
1549566355227,1009.28
1549566355237,1009.28
1549566355247,1009.28
1549566355257,1009.28
1549566355267,1009.28
1549566355277,1009.28
1549566355287,1009.28
1549566355296,1009.28
1549566355311,1009.28
1549566355316,1009.28
1549566355326,1009.23
1549566355336,1009.23
1549566355346,1009.23
1549566355356,1009.23
1549566355366,1009.23
1549566355377,1009.23
1549566355386,1009.23
1549566355396,1009.23
1549566355406,1009.23
1549566355416,1009.23
1549566355426,1009.23
1549566355436,1009.23
1549566355446,1009.23
1549566355456,1009.23
1549566355466,1009.23
1549566355476,1009.23
1549566355486,1009.23
1549566355496,1009.23
1549566355506,1009.23
1549566355516,1009.19
1549566355526,1009.19
1549566355536,1009.19
1549566355546,1009.19
1549566355556,1009.19
1549566355566,1009.19
1549566355576,1009.19
1549566355586,1009.19
1549566355596,1009.19
1549566355606,1009.19
1549566355616,1009.19
1549566355626,1009.19
1549566355636,1009.19
1549566355646,1009.19
1549566355656,1009.19
1549566355666,1009.19
1549566355676,1009.19
1549566355686,1009.19
1549566355696,1009.19
1549566355706,1009.19
1549566355716,1009.19
1549566355726,1009.19
1549566355736,1009.19
1549566355746,1009.19
1549566355756,1009.19
1549566355766,1009.19
1549566355776,1009.19
1549566355786,1009.19
1549566355797,1009.19
1549566355806,1009.19
1549566355816,1009.19
1549566355826,1009.19
1549566355836,1009.19
1549566355846,1009.19
1549566355856,1009.19
1549566355866,1009.19
1549566355877,1009.19
1549566355886,1009.19
1549566355896,1009.13
1549566355906,1009.13
1549566355916,1009.13
1549566355926,1009.13
1549566355936,1009.13
1549566355946,1009.13
1549566355956,1009.13
1549566355966,1009.13
1549566355976,1009.13
1549566355986,1009.13
1549566355996,1009.13
1549566356006,1009.13
1549566356016,1009.13
1549566356026,1009.13
1549566356036,1009.13
1549566356046,1009.13
1549566356056,1009.13
1549566356066,1009.13
1549566356076,1009.13
1549566356086,1009.09
1549566356096,1009.09
1549566356106,1009.09
1549566356116,1009.09
1549566356126,1009.09
1549566356136,1009.09
1549566356146,1009.09
1549566356156,1009.09
1549566356166,1009.09
1549566356176,1009.09
1549566356187,1009.09
1549566356197,1009.09
1549566356207,1009.09
1549566356217,1009.09
1549566356228,1009.09
1549566356237,1009.09
1549566356248,1009.09
1549566356257,1009.09
1549566356267,1009.09
1549566356277,1009.09
1549566356288,1009.09
1549566356296,1009.09
1549566356306,1009.09
1549566356316,1009.09
1549566356326,1009.09
1549566356336,1009.09
1549566356346,1009.09
1549566356356,1009.09
1549566356367,1009.09
1549566356376,1009.09
1549566356387,1009.09
1549566356397,1009.09
1549566356407,1009.09
1549566356417,1009.09
1549566356427,1009.09
1549566356437,1009.09
1549566356447,1009.09
1549566356457,1009.09
1549566356467,1009.04
1549566356477,1009.04
1549566356487,1009.04
1549566356497,1009.04
1549566356507,1009.04
1549566356517,1009.04
1549566356527,1009.04
1549566356537,1009.04
1549566356547,1009.04
1549566356557,1009.04
1549566356567,1009.04
1549566356577,1009.04
1549566356587,1009.04
1549566356597,1009.04
1549566356607,1009.04
1549566356617,1009.04
1549566356627,1009.04
1549566356637,1009.04
1549566356647,1009.04
1549566356657,1008.99
1549566356667,1008.99
1549566356677,1008.99
1549566356687,1008.99
1549566356697,1008.99
1549566356707,1008.99
1549566356717,1008.99
1549566356727,1008.99
1549566356737,1008.99
1549566356747,1008.99
1549566356757,1008.99
1549566356767,1008.99
1549566356777,1008.99
1549566356788,1008.99
1549566356796,1008.99
1549566356807,1008.99
1549566356816,1008.99
1549566356826,1008.99
1549566356836,1008.99
1549566356846,1008.99
1549566356856,1008.99
1549566356867,1008.99
1549566356876,1008.99
1549566356886,1008.99
1549566356896,1008.99
1549566356906,1008.99
1549566356917,1008.99
1549566356927,1008.99
1549566356937,1008.99
1549566356947,1008.99
1549566356957,1008.99
1549566356967,1008.99
1549566356977,1008.99
1549566356987,1008.99
1549566356997,1008.99
1549566357007,1008.99
1549566357017,1008.99
1549566357027,1008.94
1549566357039,1008.94
1549566357047,1008.94
1549566357057,1008.94
1549566357067,1008.94
1549566357077,1008.94
1549566357087,1008.94
1549566357096,1008.94
1549566357106,1008.94
1549566357116,1008.94
1549566357126,1008.94
1549566357137,1008.94
1549566357146,1008.94
1549566357156,1008.94
1549566357166,1008.94
1549566357176,1008.94
1549566357187,1008.94
1549566357197,1008.94
1549566357207,1008.94
1549566357217,1008.94
1549566357227,1008.94
1549566357237,1008.94
1549566357247,1008.94
1549566357257,1008.94
1549566357267,1008.94
1549566357277,1008.94
1549566357287,1008.94
1549566357297,1008.94
1549566357311,1008.94
1549566357316,1008.94
1549566357327,1008.94
1549566357337,1008.94
1549566357347,1008.94
1549566357357,1008.94
1549566357367,1008.94
1549566357378,1008.94
1549566357387,1008.94
1549566357397,1008.94
1549566357408,1008.88
1549566357417,1008.88
1549566357427,1008.88
1549566357437,1008.88
1549566357447,1008.88
1549566357457,1008.88
1549566357467,1008.88
1549566357477,1008.88
1549566357487,1008.88
1549566357497,1008.88
1549566357507,1008.88
1549566357517,1008.88
1549566357527,1008.88
1549566357537,1008.88
1549566357547,1008.88
1549566357557,1008.88
1549566357567,1008.88
1549566357577,1008.88
1549566357587,1008.88
1549566357597,1008.83
1549566357607,1008.83
1549566357617,1008.83
1549566357627,1008.83
1549566357637,1008.83
1549566357647,1008.83
1549566357657,1008.83
1549566357667,1008.83
1549566357677,1008.83
1549566357687,1008.83
1549566357697,1008.83
1549566357707,1008.83
1549566357717,1008.83
1549566357727,1008.83
1549566357737,1008.83
1549566357747,1008.83
1549566357757,1008.83
1549566357767,1008.83
1549566357777,1008.83
1549566357787,1008.84
1549566357798,1008.84
1549566357806,1008.84
1549566357817,1008.84
1549566357826,1008.84
1549566357836,1008.84
1549566357847,1008.84
1549566357856,1008.84
1549566357866,1008.84
1549566357878,1008.84
1549566357886,1008.84
1549566357896,1008.84
1549566357906,1008.84
1549566357917,1008.84
1549566357926,1008.84
1549566357936,1008.84
1549566357947,1008.84
1549566357957,1008.84
1549566357967,1008.84
1549566357977,1008.78
1549566357987,1008.78
1549566357997,1008.78
1549566358007,1008.78
1549566358017,1008.78
1549566358027,1008.78
1549566358036,1008.78
1549566358046,1008.78
1549566358056,1008.78
1549566358066,1008.78
1549566358076,1008.78
1549566358086,1008.78
1549566358096,1008.78
1549566358106,1008.78
1549566358116,1008.78
1549566358126,1008.78
1549566358136,1008.78
1549566358146,1008.78
1549566358156,1008.78
1549566358166,1008.72
1549566358176,1008.72
1549566358186,1008.72
1549566358196,1008.72
1549566358207,1008.72
1549566358217,1008.72
1549566358227,1008.72
1549566358237,1008.72
1549566358247,1008.72
1549566358257,1008.72
1549566358267,1008.72
1549566358277,1008.72
1549566358288,1008.72
1549566358297,1008.72
1549566358307,1008.72
1549566358317,1008.72
1549566358327,1008.72
1549566358337,1008.72
1549566358347,1008.72
1549566358357,1008.73
1549566358367,1008.73
1549566358377,1008.73
1549566358387,1008.73
1549566358397,1008.73
1549566358407,1008.73
1549566358417,1008.73
1549566358427,1008.73
1549566358436,1008.73
1549566358446,1008.73
1549566358456,1008.73
1549566358466,1008.73
1549566358477,1008.73
1549566358486,1008.73
1549566358496,1008.73
1549566358506,1008.73
1549566358516,1008.73
1549566358527,1008.73
1549566358537,1008.73
1549566358547,1008.67
1549566358557,1008.67
1549566358567,1008.67
1549566358577,1008.67
1549566358587,1008.67
1549566358597,1008.67
1549566358607,1008.67
1549566358617,1008.67
1549566358627,1008.67
1549566358637,1008.67
1549566358647,1008.67
1549566358657,1008.67
1549566358667,1008.67
1549566358677,1008.67
1549566358687,1008.67
1549566358697,1008.67
1549566358707,1008.67
1549566358717,1008.67
1549566358727,1008.67
1549566358737,1008.61
1549566358747,1008.61
1549566358757,1008.61
1549566358767,1008.61
1549566358777,1008.61
1549566358788,1008.61
1549566358797,1008.61
1549566358808,1008.61
1549566358816,1008.61
1549566358827,1008.61
1549566358837,1008.61
1549566358846,1008.61
1549566358856,1008.61
1549566358868,1008.61
1549566358876,1008.61
1549566358887,1008.61
1549566358897,1008.61
1549566358907,1008.61
1549566358917,1008.61
1549566358927,1008.62
1549566358937,1008.62
1549566358947,1008.62
1549566358957,1008.62
1549566358967,1008.62
1549566358977,1008.62
1549566358987,1008.62
1549566358997,1008.62
1549566359007,1008.62
1549566359017,1008.62
1549566359027,1008.62
1549566359037,1008.62
1549566359047,1008.62
1549566359057,1008.62
1549566359067,1008.62
1549566359077,1008.62
1549566359087,1008.62
1549566359099,1008.62
1549566359107,1008.62
1549566359117,1008.56
1549566359127,1008.56
1549566359137,1008.56
1549566359147,1008.56
1549566359157,1008.56
1549566359167,1008.56
1549566359177,1008.56
1549566359187,1008.56
1549566359197,1008.56
1549566359207,1008.56
1549566359217,1008.56
1549566359227,1008.56
1549566359237,1008.56
1549566359247,1008.56
1549566359285,1008.56
1549566359285,1008.56
1549566359286,1008.56
1549566359288,1008.56
1549566359298,1008.5
1549566359311,1008.5
1549566359316,1008.5
1549566359327,1008.5
1549566359337,1008.5
1549566359347,1008.5
1549566359357,1008.5
1549566359367,1008.5
1549566359378,1008.5
1549566359386,1008.5
1549566359397,1008.5
1549566359408,1008.5
1549566359417,1008.5
1549566359427,1008.5
1549566359437,1008.5
1549566359447,1008.5
1549566359457,1008.5
1549566359467,1008.5
1549566359479,1008.5
1549566359487,1008.51
1549566359498,1008.51
1549566359507,1008.51
1549566359517,1008.51
1549566359527,1008.51
1549566359537,1008.51
1549566359547,1008.51
1549566359557,1008.51
1549566359567,1008.51
1549566359577,1008.51
1549566359587,1008.51
1549566359597,1008.51
1549566359607,1008.51
1549566359618,1008.51
1549566359627,1008.51
1549566359637,1008.51
1549566359647,1008.51
1549566359659,1008.51
1549566359697,1008.45
1549566359698,1008.45
1549566359707,1008.45
1549566359718,1008.45
1549566359730,1008.45
1549566359737,1008.45
1549566359747,1008.45
1549566359756,1008.45
1549566359766,1008.45
1549566359776,1008.45
1549566359787,1008.45
1549566359796,1008.45
1549566359807,1008.45
1549566359816,1008.45
1549566359827,1008.45
1549566359836,1008.45
1549566359846,1008.45
1549566359857,1008.45
1549566359866,1008.45
1549566359877,1008.45
1549566359886,1008.45
1549566359897,1008.45
1549566359906,1008.45
1549566359917,1008.45
1549566359926,1008.45
1549566359936,1008.45
1549566359946,1008.45
1549566359956,1008.45
1549566359966,1008.45
1549566359976,1008.45
1549566359986,1008.45
1549566359996,1008.45
1549566360006,1008.45
1549566360017,1008.45
1549566360026,1008.45
1549566360036,1008.45
1549566360047,1008.45
1549566360056,1008.39
1549566360070,1008.39
1549566360080,1008.39
1549566360086,1008.39
1549566360097,1008.39
1549566360107,1008.39
1549566360117,1008.39
1549566360128,1008.39
1549566360136,1008.39
1549566360146,1008.39
1549566360157,1008.39
1549566360166,1008.39
1549566360176,1008.39
1549566360186,1008.39
1549566360196,1008.39
1549566360206,1008.39
1549566360216,1008.39
1549566360226,1008.39
1549566360236,1008.39
1549566360246,1008.33
1549566360256,1008.33
1549566360266,1008.33
1549566360276,1008.33
1549566360286,1008.33
1549566360296,1008.33
1549566360306,1008.33
1549566360319,1008.33
1549566360326,1008.33
1549566360336,1008.33
1549566360346,1008.33
1549566360356,1008.33
1549566360366,1008.33
1549566360377,1008.33
1549566360386,1008.33
1549566360396,1008.33
1549566360406,1008.33
1549566360416,1008.33
1549566360426,1008.33
1549566360436,1008.34
1549566360446,1008.34
1549566360456,1008.34
1549566360466,1008.34
1549566360476,1008.34
1549566360486,1008.34
1549566360496,1008.34
1549566360506,1008.34
1549566360516,1008.34
1549566360526,1008.34
1549566360536,1008.34
1549566360546,1008.34
1549566360556,1008.34
1549566360566,1008.34
1549566360576,1008.34
1549566360586,1008.34
1549566360596,1008.34
1549566360606,1008.34
1549566360616,1008.34
1549566360626,1008.28
1549566360636,1008.28
1549566360646,1008.28
1549566360656,1008.28
1549566360666,1008.28
1549566360676,1008.28
1549566360686,1008.28
1549566360696,1008.28
1549566360706,1008.28
1549566360716,1008.28
1549566360726,1008.28
1549566360736,1008.28
1549566360746,1008.28
1549566360756,1008.28
1549566360766,1008.28
1549566360776,1008.28
1549566360786,1008.28
1549566360796,1008.28
1549566360806,1008.28
1549566360816,1008.22
1549566360826,1008.22
1549566360836,1008.22
1549566360846,1008.22
1549566360856,1008.22
1549566360866,1008.22
1549566360876,1008.22
1549566360886,1008.22
1549566360896,1008.22
1549566360906,1008.22
1549566360916,1008.22
1549566360926,1008.22
1549566360936,1008.22
1549566360946,1008.22
1549566360956,1008.22
1549566360966,1008.22
1549566360976,1008.22
1549566360986,1008.22
1549566360996,1008.22
1549566361006,1008.22
1549566361016,1008.22
1549566361026,1008.22
1549566361036,1008.22
1549566361046,1008.22
1549566361056,1008.22
1549566361066,1008.22
1549566361076,1008.22
1549566361086,1008.22
1549566361096,1008.22
1549566361106,1008.22
1549566361116,1008.22
1549566361126,1008.22
1549566361136,1008.22
1549566361146,1008.22
1549566361156,1008.22
1549566361166,1008.22
1549566361176,1008.22
1549566361186,1008.22
1549566361196,1008.16
1549566361206,1008.16
1549566361216,1008.16
1549566361226,1008.16
1549566361236,1008.16
1549566361246,1008.16
1549566361256,1008.16
1549566361266,1008.16
1549566361276,1008.16
1549566361286,1008.16
1549566361297,1008.16
1549566361307,1008.16
1549566361316,1008.16
1549566361327,1008.16
1549566361337,1008.16
1549566361346,1008.16
1549566361356,1008.16
1549566361366,1008.16
1549566361377,1008.16
1549566361386,1008.1
1549566361396,1008.1
1549566361407,1008.1
1549566361417,1008.1
1549566361427,1008.1
1549566361437,1008.1
1549566361447,1008.1
1549566361457,1008.1
1549566361467,1008.1
1549566361477,1008.1
1549566361487,1008.1
1549566361497,1008.1
1549566361507,1008.1
1549566361517,1008.1
1549566361527,1008.1
1549566361537,1008.1
1549566361547,1008.1
1549566361557,1008.1
1549566361567,1008.1
1549566361577,1008.1
1549566361587,1008.1
1549566361597,1008.1
1549566361607,1008.1
1549566361617,1008.1
1549566361627,1008.1
1549566361637,1008.1
1549566361647,1008.1
1549566361657,1008.1
1549566361667,1008.1
1549566361677,1008.1
1549566361687,1008.1
1549566361697,1008.1
1549566361707,1008.1
1549566361717,1008.1
1549566361727,1008.1
1549566361737,1008.1
1549566361747,1008.1
1549566361757,1008.04
1549566361767,1008.04
1549566361777,1008.04
1549566361788,1008.04
1549566361798,1008.04
1549566361807,1008.04
1549566361817,1008.04
1549566361826,1008.04
1549566361836,1008.04
1549566361847,1008.04
1549566361857,1008.04
1549566361867,1008.04
1549566361878,1008.04
1549566361887,1008.04
1549566361897,1008.04
1549566361907,1008.04
1549566361917,1008.04
1549566361927,1008.04
1549566361937,1008.04
1549566361947,1008.04
1549566361957,1008.04
1549566361967,1008.04
1549566361977,1008.04
1549566361987,1008.04
1549566361997,1008.04
1549566362007,1008.04
1549566362017,1008.04
1549566362027,1008.04
1549566362037,1008.04
1549566362047,1008.04
1549566362057,1008.04
1549566362067,1008.04
1549566362077,1008.04
1549566362087,1008.04
1549566362097,1008.04
1549566362107,1008.04
1549566362117,1008.04
1549566362127,1008.04
1549566362137,1007.98
1549566362147,1007.98
1549566362157,1007.98
1549566362167,1007.98
1549566362177,1007.98
1549566362187,1007.98
1549566362197,1007.98
1549566362207,1007.98
1549566362217,1007.98
1549566362227,1007.98
1549566362237,1007.98
1549566362247,1007.98
1549566362257,1007.98
1549566362267,1007.98
1549566362277,1007.98
1549566362288,1007.98
1549566362297,1007.98
1549566362308,1007.98
1549566362318,1007.98
1549566362327,1007.92
1549566362336,1007.92
1549566362346,1007.92
1549566362356,1007.92
1549566362367,1007.92
1549566362376,1007.92
1549566362388,1007.92
1549566362396,1007.92
1549566362406,1007.92
1549566362417,1007.92
1549566362427,1007.92
1549566362437,1007.92
1549566362447,1007.92
1549566362457,1007.92
1549566362467,1007.92
1549566362477,1007.92
1549566362487,1007.92
1549566362497,1007.92
1549566362507,1007.92
1549566362517,1007.92
1549566362527,1007.92
1549566362537,1007.92
1549566362547,1007.92
1549566362557,1007.92
1549566362567,1007.92
1549566362577,1007.92
1549566362587,1007.92
1549566362597,1007.92
1549566362607,1007.92
1549566362617,1007.92
1549566362627,1007.92
1549566362637,1007.92
1549566362647,1007.92
1549566362657,1007.92
1549566362667,1007.92
1549566362677,1007.92
1549566362687,1007.92
1549566362697,1007.92
1549566362707,1007.86
1549566362717,1007.86
1549566362727,1007.86
1549566362737,1007.86
1549566362747,1007.86
1549566362757,1007.86
1549566362767,1007.86
1549566362777,1007.86
1549566362788,1007.86
1549566362797,1007.86
1549566362811,1007.86
1549566362817,1007.86
1549566362827,1007.86
1549566362836,1007.86
1549566362847,1007.86
1549566362856,1007.86
1549566362867,1007.86
1549566362877,1007.86
1549566362888,1007.86
1549566362896,1007.81
1549566362906,1007.81
1549566362916,1007.81
1549566362927,1007.81
1549566362937,1007.81
1549566362946,1007.81
1549566362956,1007.81
1549566362966,1007.81
1549566362976,1007.81
1549566362987,1007.81
1549566362997,1007.81
1549566363007,1007.81
1549566363017,1007.81
1549566363027,1007.81
1549566363038,1007.81
1549566363047,1007.81
1549566363057,1007.81
1549566363067,1007.81
1549566363077,1007.81
1549566363087,1007.81
1549566363097,1007.81
1549566363107,1007.81
1549566363117,1007.81
1549566363127,1007.81
1549566363137,1007.81
1549566363147,1007.81
1549566363157,1007.81
1549566363167,1007.81
1549566363177,1007.81
1549566363187,1007.81
1549566363197,1007.81
1549566363215,1007.81
1549566363217,1007.81
1549566363227,1007.81
1549566363237,1007.81
1549566363247,1007.81
1549566363260,1007.81
1549566363266,1007.81
1549566363276,1007.75
1549566363286,1007.75
1549566363296,1007.75
1549566363307,1007.75
1549566363316,1007.75
1549566363326,1007.75
1549566363336,1007.75
1549566363346,1007.75
1549566363356,1007.75
1549566363367,1007.75
1549566363376,1007.75
1549566363386,1007.75
1549566363396,1007.75
1549566363406,1007.75
1549566363416,1007.75
1549566363426,1007.75
1549566363436,1007.75
1549566363446,1007.75
1549566363456,1007.75
1549566363466,1007.69
1549566363476,1007.69
1549566363486,1007.69
1549566363496,1007.69
1549566363506,1007.69
1549566363516,1007.69
1549566363526,1007.69
1549566363536,1007.69
1549566363546,1007.69
1549566363556,1007.69
1549566363566,1007.69
1549566363576,1007.69
1549566363586,1007.69
1549566363596,1007.69
1549566363606,1007.69
1549566363616,1007.69
1549566363626,1007.69
1549566363636,1007.69
1549566363646,1007.69
1549566363656,1007.69
1549566363666,1007.69
1549566363676,1007.69
1549566363686,1007.69
1549566363696,1007.69
1549566363706,1007.69
1549566363716,1007.69
1549566363726,1007.69
1549566363736,1007.69
1549566363746,1007.69
1549566363756,1007.69
1549566363766,1007.69
1549566363776,1007.69
1549566363786,1007.69
1549566363797,1007.69
1549566363806,1007.69
1549566363816,1007.69
1549566363826,1007.69
1549566363836,1007.69
1549566363846,1007.64
1549566363856,1007.64
1549566363866,1007.64
1549566363877,1007.64
1549566363886,1007.64
1549566363896,1007.64
1549566363906,1007.64
1549566363916,1007.64
1549566363926,1007.64
1549566363936,1007.64
1549566363946,1007.64
1549566363956,1007.64
1549566363966,1007.64
1549566363976,1007.64
1549566363986,1007.64
1549566363996,1007.64
1549566364006,1007.64
1549566364016,1007.64
1549566364028,1007.64
1549566364038,1007.64
1549566364051,1007.64
1549566364056,1007.64
1549566364071,1007.64
1549566364080,1007.64
1549566364086,1007.64
1549566364098,1007.64
1549566364107,1007.64
1549566364116,1007.64
1549566364126,1007.64
1549566364136,1007.64
1549566364147,1007.64
1549566364156,1007.64
1549566364167,1007.64
1549566364176,1007.64
1549566364186,1007.64
1549566364196,1007.64
1549566364206,1007.64
1549566364217,1007.64
1549566364227,1007.58
1549566364236,1007.58
1549566364248,1007.58
1549566364256,1007.58
1549566364288,1007.58
1549566364288,1007.58
1549566364288,1007.58
1549566364297,1007.58
1549566364307,1007.58
1549566364318,1007.58
1549566364326,1007.58
1549566364337,1007.58
1549566364346,1007.58
1549566364357,1007.58
1549566364369,1007.58
1549566364376,1007.58
1549566364386,1007.58
1549566364398,1007.58
1549566364406,1007.58
1549566364416,1007.52
1549566364426,1007.52
1549566364437,1007.52
1549566364447,1007.52
1549566364456,1007.52
1549566364466,1007.52
1549566364476,1007.52
1549566364487,1007.52
1549566364496,1007.52
1549566364506,1007.52
1549566364516,1007.52
1549566364527,1007.52
1549566364536,1007.52
1549566364546,1007.52
1549566364557,1007.52
1549566364566,1007.52
1549566364576,1007.52
1549566364586,1007.52
1549566364596,1007.52
1549566364606,1007.52
1549566364617,1007.52
1549566364626,1007.52
1549566364636,1007.52
1549566364646,1007.52
1549566364656,1007.52
1549566364666,1007.52
1549566364676,1007.52
1549566364698,1007.52
1549566364698,1007.52
1549566364706,1007.52
1549566364718,1007.52
1549566364727,1007.52
1549566364737,1007.52
1549566364747,1007.52
1549566364757,1007.52
1549566364767,1007.52
1549566364776,1007.52
1549566364786,1007.47
1549566364796,1007.47
1549566364806,1007.47
1549566364821,1007.47
1549566364826,1007.47
1549566364836,1007.47
1549566364846,1007.47
1549566364856,1007.47
1549566364866,1007.47
1549566364876,1007.47
1549566364886,1007.47
1549566364897,1007.47
1549566364906,1007.47
1549566364917,1007.47
1549566364927,1007.47
1549566364937,1007.47
1549566364946,1007.47
1549566364956,1007.47
1549566364966,1007.47
1549566364976,1007.41
1549566364986,1007.41
1549566364996,1007.41
1549566365006,1007.41
1549566365016,1007.41
1549566365026,1007.41
1549566365036,1007.41
1549566365047,1007.41
1549566365057,1007.41
1549566365067,1007.41
1549566365077,1007.41
1549566365087,1007.41
1549566365097,1007.41
1549566365107,1007.41
1549566365117,1007.41
1549566365127,1007.41
1549566365137,1007.41
1549566365147,1007.41
1549566365157,1007.41
1549566365167,1007.41
1549566365177,1007.41
1549566365187,1007.41
1549566365197,1007.41
1549566365207,1007.41
1549566365217,1007.41
1549566365227,1007.41
1549566365237,1007.41
1549566365247,1007.41
1549566365257,1007.41
1549566365267,1007.41
1549566365277,1007.41
1549566365287,1007.41
1549566365297,1007.41
1549566365308,1007.41
1549566365317,1007.41
1549566365327,1007.41
1549566365337,1007.41
1549566365347,1007.41
1549566365356,1007.35
1549566365366,1007.35
1549566365376,1007.35
1549566365387,1007.35
1549566365396,1007.35
1549566365406,1007.35
1549566365416,1007.35
1549566365426,1007.35
1549566365436,1007.35
1549566365447,1007.35
1549566365457,1007.35
1549566365467,1007.35
1549566365477,1007.35
1549566365487,1007.35
1549566365497,1007.35
1549566365507,1007.35
1549566365517,1007.35
1549566365527,1007.35
1549566365537,1007.35
1549566365547,1007.29
1549566365557,1007.29
1549566365567,1007.29
1549566365577,1007.29
1549566365587,1007.29
1549566365597,1007.29
1549566365607,1007.29
1549566365617,1007.29
1549566365627,1007.29
1549566365637,1007.29
1549566365647,1007.29
1549566365660,1007.29
1549566365667,1007.29
1549566365677,1007.29
1549566365686,1007.29
1549566365696,1007.29
1549566365707,1007.29
1549566365717,1007.29
1549566365726,1007.29
1549566365736,1007.3
1549566365746,1007.3
1549566365758,1007.3
1549566365766,1007.3
1549566365776,1007.3
1549566365786,1007.3
1549566365796,1007.3
1549566365808,1007.3
1549566365817,1007.3
1549566365827,1007.3
1549566365836,1007.3
1549566365846,1007.3
1549566365856,1007.3
1549566365866,1007.3
1549566365877,1007.3
1549566365886,1007.3
1549566365896,1007.3
1549566365906,1007.3
1549566365916,1007.3
1549566365928,1007.23
1549566365936,1007.23
1549566365946,1007.23
1549566365956,1007.23
1549566365966,1007.23
1549566365976,1007.23
1549566365986,1007.23
1549566365996,1007.23
1549566366007,1007.23
1549566366016,1007.23
1549566366026,1007.23
1549566366036,1007.23
1549566366046,1007.23
1549566366056,1007.23
1549566366066,1007.23
1549566366076,1007.23
1549566366086,1007.23
1549566366096,1007.23
1549566366106,1007.23
1549566366116,1007.17
1549566366126,1007.17
1549566366136,1007.17
1549566366146,1007.17
1549566366157,1007.17
1549566366166,1007.17
1549566366176,1007.17
1549566366186,1007.17
1549566366196,1007.17
1549566366206,1007.17
1549566366216,1007.17
1549566366226,1007.17
1549566366236,1007.17
1549566366246,1007.17
1549566366256,1007.17
1549566366266,1007.17
1549566366276,1007.17
1549566366286,1007.17
1549566366297,1007.17
1549566366306,1007.18
1549566366316,1007.18
1549566366326,1007.18
1549566366336,1007.18
1549566366346,1007.18
1549566366356,1007.18
1549566366366,1007.18
1549566366377,1007.18
1549566366386,1007.18
1549566366396,1007.18
1549566366406,1007.18
1549566366416,1007.18
1549566366426,1007.18
1549566366436,1007.18
1549566366446,1007.18
1549566366456,1007.18
1549566366466,1007.18
1549566366476,1007.18
1549566366486,1007.18
1549566366496,1007.11
1549566366506,1007.11
1549566366516,1007.11
1549566366526,1007.11
1549566366536,1007.11
1549566366546,1007.11
1549566366556,1007.11
1549566366566,1007.11
1549566366576,1007.11
1549566366586,1007.11
1549566366596,1007.11
1549566366606,1007.11
1549566366616,1007.11
1549566366626,1007.11
1549566366636,1007.11
1549566366646,1007.11
1549566366656,1007.11
1549566366666,1007.11
1549566366676,1007.11
1549566366686,1007.12
1549566366696,1007.12
1549566366706,1007.12
1549566366716,1007.12
1549566366726,1007.12
1549566366736,1007.12
1549566366746,1007.12
1549566366756,1007.12
1549566366766,1007.12
1549566366776,1007.12
1549566366786,1007.12
1549566366796,1007.12
1549566366806,1007.12
1549566366820,1007.12
1549566366826,1007.12
1549566366836,1007.12
1549566366846,1007.12
1549566366856,1007.12
1549566366866,1007.12
1549566366877,1007.05
1549566366886,1007.05
1549566366896,1007.05
1549566366906,1007.05
1549566366916,1007.05
1549566366926,1007.05
1549566366936,1007.05
1549566366946,1007.05
1549566366956,1007.05
1549566366966,1007.05
1549566366976,1007.05
1549566366986,1007.05
1549566366996,1007.05
1549566367006,1007.05
1549566367016,1007.05
1549566367026,1007.05
1549566367037,1007.05
1549566367046,1007.05
1549566367057,1007.05
1549566367067,1007.0
1549566367077,1007.0
1549566367087,1007.0
1549566367096,1007.0
1549566367106,1007.0
1549566367116,1007.0
1549566367127,1007.0
1549566367136,1007.0
1549566367146,1007.0
1549566367156,1007.0
1549566367166,1007.0
1549566367177,1007.0
1549566367187,1007.0
1549566367196,1007.0
1549566367206,1007.0
1549566367216,1007.0
1549566367226,1007.0
1549566367237,1007.0
1549566367246,1007.0
1549566367256,1007.0
1549566367266,1007.0
1549566367276,1007.0
1549566367287,1007.0
1549566367296,1007.0
1549566367306,1007.0
1549566367316,1007.0
1549566367326,1007.0
1549566367336,1007.0
1549566367346,1007.0
1549566367357,1007.0
1549566367366,1007.0
1549566367376,1007.0
1549566367386,1007.0
1549566367396,1007.0
1549566367406,1007.0
1549566367416,1007.0
1549566367426,1007.0
1549566367437,1007.0
1549566367446,1006.94
1549566367456,1006.94
1549566367466,1006.94
1549566367477,1006.94
1549566367486,1006.94
1549566367496,1006.94
1549566367506,1006.94
1549566367516,1006.94
1549566367527,1006.94
1549566367537,1006.94
1549566367547,1006.94
1549566367557,1006.94
1549566367567,1006.94
1549566367577,1006.94
1549566367587,1006.94
1549566367597,1006.94
1549566367607,1006.94
1549566367617,1006.94
1549566367627,1006.88
1549566367637,1006.88
1549566367647,1006.88
1549566367657,1006.88
1549566367667,1006.88
1549566367677,1006.88
1549566367687,1006.88
1549566367697,1006.88
1549566367707,1006.88
1549566367717,1006.88
1549566367727,1006.88
1549566367737,1006.88
1549566367747,1006.88
1549566367757,1006.88
1549566367767,1006.88
1549566367777,1006.88
1549566367787,1006.88
1549566367797,1006.88
1549566367808,1006.88
1549566367817,1006.88
1549566367828,1006.88
1549566367837,1006.88
1549566367846,1006.88
1549566367857,1006.88
1549566367866,1006.88
1549566367876,1006.88
1549566367887,1006.88
1549566367896,1006.88
1549566367907,1006.88
1549566367916,1006.88
1549566367927,1006.88
1549566367936,1006.88
1549566367946,1006.88
1549566367956,1006.88
1549566367966,1006.88
1549566367976,1006.88
1549566367986,1006.88
1549566367996,1006.88
1549566368007,1006.82
1549566368017,1006.82
1549566368027,1006.82
1549566368037,1006.82
1549566368046,1006.82
1549566368056,1006.82
1549566368066,1006.82
1549566368077,1006.82
1549566368086,1006.82
1549566368097,1006.82
1549566368106,1006.82
1549566368116,1006.82
1549566368127,1006.82
1549566368137,1006.82
1549566368147,1006.82
1549566368157,1006.82
1549566368167,1006.82
1549566368177,1006.82
1549566368187,1006.82
1549566368197,1006.76
1549566368207,1006.76
1549566368217,1006.76
1549566368227,1006.76
1549566368237,1006.76
1549566368247,1006.76
1549566368257,1006.76
1549566368267,1006.76
1549566368277,1006.76
1549566368287,1006.76
1549566368298,1006.76
1549566368307,1006.76
1549566368316,1006.76
1549566368326,1006.76
1549566368336,1006.76
1549566368347,1006.76
1549566368357,1006.76
1549566368367,1006.76
1549566368378,1006.76
1549566368387,1006.77
1549566368397,1006.77
1549566368407,1006.77
1549566368417,1006.77
1549566368427,1006.77
1549566368437,1006.77
1549566368447,1006.77
1549566368457,1006.77
1549566368467,1006.77
1549566368477,1006.77
1549566368487,1006.77
1549566368497,1006.77
1549566368507,1006.77
1549566368517,1006.77
1549566368527,1006.77
1549566368537,1006.77
1549566368547,1006.77
1549566368557,1006.77
1549566368567,1006.77
1549566368577,1006.7
1549566368587,1006.7
1549566368597,1006.7
1549566368607,1006.7
1549566368617,1006.7
1549566368627,1006.7
1549566368637,1006.7
1549566368647,1006.7
1549566368657,1006.7
1549566368667,1006.7
1549566368677,1006.7
1549566368687,1006.7
1549566368697,1006.7
1549566368707,1006.7
1549566368717,1006.7
1549566368727,1006.7
1549566368737,1006.7
1549566368747,1006.7
1549566368757,1006.7
1549566368767,1006.7
1549566368777,1006.7
1549566368787,1006.7
1549566368798,1006.7
1549566368807,1006.7
1549566368820,1006.7
1549566368827,1006.7
1549566368837,1006.7
1549566368847,1006.7
1549566368857,1006.7
1549566368867,1006.7
1549566368879,1006.7
1549566368887,1006.7
1549566368897,1006.7
1549566368907,1006.7
1549566368917,1006.7
1549566368927,1006.7
1549566368937,1006.7
1549566368947,1006.7
1549566368957,1006.64
1549566368967,1006.64
1549566368977,1006.64
1549566368987,1006.64
1549566368997,1006.64
1549566369007,1006.64
1549566369017,1006.64
1549566369027,1006.64
1549566369037,1006.64
1549566369047,1006.64
1549566369057,1006.64
1549566369067,1006.64
1549566369077,1006.64
1549566369087,1006.64
1549566369097,1006.64
1549566369108,1006.64
1549566369117,1006.64
1549566369127,1006.64
1549566369137,1006.64
1549566369147,1006.58
1549566369157,1006.58
1549566369167,1006.58
1549566369177,1006.58
1549566369187,1006.58
1549566369197,1006.58
1549566369207,1006.58
1549566369217,1006.58
1549566369227,1006.58
1549566369237,1006.58
1549566369247,1006.58
1549566369257,1006.58
1549566369267,1006.58
1549566369295,1006.58
1549566369295,1006.58
1549566369296,1006.58
1549566369308,1006.58
1549566369316,1006.58
1549566369327,1006.58
1549566369336,1006.58
1549566369346,1006.58
1549566369357,1006.58
1549566369366,1006.58
1549566369376,1006.58
1549566369387,1006.58
1549566369396,1006.58
1549566369406,1006.58
1549566369416,1006.58
1549566369427,1006.58
1549566369436,1006.58
1549566369446,1006.58
1549566369457,1006.58
1549566369467,1006.58
1549566369477,1006.58
1549566369488,1006.58
1549566369497,1006.58
1549566369508,1006.58
1549566369517,1006.58
1549566369527,1006.51
1549566369537,1006.51
1549566369547,1006.51
1549566369557,1006.51
1549566369567,1006.51
1549566369577,1006.51
1549566369587,1006.51
1549566369597,1006.51
1549566369607,1006.51
1549566369618,1006.51
1549566369627,1006.51
1549566369637,1006.51
1549566369647,1006.51
1549566369657,1006.51
1549566369667,1006.51
1549566369677,1006.51
1549566369698,1006.51
1549566369698,1006.51
1549566369707,1006.51
1549566369718,1006.45
1549566369727,1006.45
1549566369737,1006.45
1549566369747,1006.45
1549566369757,1006.45
1549566369767,1006.45
1549566369777,1006.45
1549566369787,1006.45
1549566369797,1006.45
1549566369807,1006.45
1549566369817,1006.45
1549566369827,1006.45
1549566369836,1006.45
1549566369847,1006.45
1549566369857,1006.45
1549566369866,1006.45
1549566369876,1006.45
1549566369887,1006.45
1549566369897,1006.46
1549566369907,1006.46
1549566369917,1006.46
1549566369927,1006.46
1549566369936,1006.46
1549566369946,1006.46
1549566369957,1006.46
1549566369967,1006.46
1549566369977,1006.46
1549566369987,1006.46
1549566369997,1006.46
1549566370007,1006.46
1549566370017,1006.46
1549566370027,1006.46
1549566370037,1006.46
1549566370047,1006.46
1549566370057,1006.46
1549566370067,1006.46
1549566370077,1006.46
1549566370087,1006.39
1549566370097,1006.39
1549566370107,1006.39
1549566370117,1006.39
1549566370127,1006.39
1549566370137,1006.39
1549566370147,1006.39
1549566370157,1006.39
1549566370167,1006.39
1549566370177,1006.39
1549566370187,1006.39
1549566370197,1006.39
1549566370207,1006.39
1549566370217,1006.39
1549566370227,1006.39
1549566370237,1006.39
1549566370247,1006.39
1549566370257,1006.39
1549566370267,1006.39
1549566370277,1006.33
1549566370287,1006.33
1549566370297,1006.33
1549566370307,1006.33
1549566370317,1006.33
1549566370331,1006.33
1549566370336,1006.33
1549566370346,1006.33
1549566370357,1006.33
1549566370367,1006.33
1549566370377,1006.33
1549566370387,1006.33
1549566370396,1006.33
1549566370406,1006.33
1549566370416,1006.33
1549566370427,1006.33
1549566370437,1006.33
1549566370447,1006.33
1549566370457,1006.33
1549566370467,1006.33
1549566370477,1006.33
1549566370487,1006.33
1549566370497,1006.33
1549566370507,1006.33
1549566370517,1006.33
1549566370527,1006.33
1549566370537,1006.33
1549566370547,1006.33
1549566370557,1006.33
1549566370567,1006.33
1549566370577,1006.33
1549566370587,1006.33
1549566370597,1006.33
1549566370607,1006.33
1549566370617,1006.33
1549566370627,1006.33
1549566370637,1006.33
1549566370647,1006.33
1549566370657,1006.26
1549566370667,1006.26
1549566370677,1006.26
1549566370687,1006.26
1549566370697,1006.26
1549566370707,1006.26
1549566370717,1006.26
1549566370727,1006.26
1549566370737,1006.26
1549566370747,1006.26
1549566370757,1006.26
1549566370767,1006.26
1549566370777,1006.26
1549566370787,1006.26
1549566370798,1006.26
1549566370807,1006.26
1549566370819,1006.26
1549566370826,1006.26
1549566370836,1006.26
1549566370847,1006.27
1549566370857,1006.27
1549566370866,1006.27
1549566370878,1006.27
1549566370886,1006.27
1549566370896,1006.27
1549566370906,1006.27
1549566370916,1006.27
1549566370926,1006.27
1549566370936,1006.27
1549566370946,1006.27
1549566370957,1006.27
1549566370967,1006.27
1549566370977,1006.27
1549566370987,1006.27
1549566370997,1006.27
1549566371007,1006.27
1549566371017,1006.27
1549566371027,1006.27
1549566371037,1006.2
1549566371047,1006.2
1549566371057,1006.2
1549566371067,1006.2
1549566371077,1006.2
1549566371087,1006.2
1549566371097,1006.2
1549566371107,1006.2
1549566371117,1006.2
1549566371127,1006.2
1549566371137,1006.2
1549566371147,1006.2
1549566371157,1006.2
1549566371167,1006.2
1549566371177,1006.2
1549566371187,1006.2
1549566371197,1006.2
1549566371207,1006.2
1549566371217,1006.2
1549566371227,1006.14
1549566371237,1006.14
1549566371247,1006.14
1549566371257,1006.14
1549566371267,1006.14
1549566371277,1006.14
1549566371287,1006.14
1549566371297,1006.14
1549566371307,1006.14
1549566371317,1006.14
1549566371326,1006.14
1549566371336,1006.14
1549566371346,1006.14
1549566371356,1006.14
1549566371366,1006.14
1549566371376,1006.14
1549566371387,1006.14
1549566371396,1006.14
1549566371407,1006.14
1549566371416,1006.14
1549566371426,1006.14
1549566371436,1006.14
1549566371446,1006.14
1549566371456,1006.14
1549566371466,1006.14
1549566371476,1006.14
1549566371486,1006.14
1549566371496,1006.14
1549566371507,1006.14
1549566371517,1006.14
1549566371527,1006.14
1549566371537,1006.14
1549566371547,1006.14
1549566371557,1006.14
1549566371567,1006.14
1549566371577,1006.14
1549566371587,1006.14
1549566371597,1006.14
1549566371607,1006.08
1549566371617,1006.08
1549566371627,1006.08
1549566371637,1006.08
1549566371647,1006.08
1549566371657,1006.08
1549566371667,1006.08
1549566371677,1006.08
1549566371687,1006.08
1549566371697,1006.08
1549566371707,1006.08
1549566371717,1006.08
1549566371727,1006.08
1549566371737,1006.08
1549566371747,1006.08
1549566371757,1006.08
1549566371767,1006.08
1549566371777,1006.08
1549566371787,1006.08
1549566371797,1006.01
1549566371808,1006.01
1549566371816,1006.01
1549566371827,1006.01
1549566371836,1006.01
1549566371846,1006.01
1549566371856,1006.01
1549566371866,1006.01
1549566371876,1006.01
1549566371886,1006.01
1549566371896,1006.01
1549566371906,1006.01
1549566371916,1006.01
1549566371926,1006.01
1549566371936,1006.01
1549566371946,1006.01
1549566371956,1006.01
1549566371966,1006.01
1549566371976,1006.01
1549566371986,1006.01
1549566371996,1006.01
1549566372006,1006.01
1549566372016,1006.01
1549566372026,1006.01
1549566372036,1006.01
1549566372046,1006.01
1549566372056,1006.01
1549566372066,1006.01
1549566372076,1006.01
1549566372086,1006.01
1549566372096,1006.01
1549566372106,1006.01
1549566372116,1006.01
1549566372126,1006.01
1549566372136,1006.01
1549566372146,1006.01
1549566372156,1006.01
1549566372166,1005.95
1549566372176,1005.95
1549566372186,1005.95
1549566372196,1005.95
1549566372206,1005.95
1549566372216,1005.95
1549566372226,1005.95
1549566372236,1005.95
1549566372246,1005.95
1549566372256,1005.95
1549566372266,1005.95
1549566372276,1005.95
1549566372286,1005.95
1549566372296,1005.95
1549566372306,1005.95
1549566372316,1005.95
1549566372329,1005.95
1549566372336,1005.95
1549566372346,1005.95
1549566372356,1005.89
1549566372366,1005.89
1549566372376,1005.89
1549566372387,1005.89
1549566372396,1005.89
1549566372406,1005.89
1549566372416,1005.89
1549566372426,1005.89
1549566372436,1005.89
1549566372446,1005.89
1549566372456,1005.89
1549566372466,1005.89
1549566372476,1005.89
1549566372486,1005.89
1549566372496,1005.89
1549566372506,1005.89
1549566372516,1005.89
1549566372526,1005.89
1549566372536,1005.89
1549566372546,1005.89
1549566372556,1005.89
1549566372566,1005.89
1549566372576,1005.89
1549566372586,1005.89
1549566372596,1005.89
1549566372606,1005.89
1549566372616,1005.89
1549566372626,1005.89
1549566372636,1005.89
1549566372646,1005.89
1549566372656,1005.89
1549566372666,1005.89
1549566372676,1005.89
1549566372686,1005.89
1549566372696,1005.89
1549566372706,1005.89
1549566372716,1005.89
1549566372726,1005.89
1549566372736,1005.83
1549566372746,1005.83
1549566372756,1005.83
1549566372766,1005.83
1549566372776,1005.83
1549566372786,1005.83
1549566372796,1005.83
1549566372806,1005.83
1549566372817,1005.83
1549566372826,1005.83
1549566372836,1005.83
1549566372846,1005.83
1549566372856,1005.83
1549566372866,1005.83
1549566372876,1005.83
1549566372886,1005.83
1549566372897,1005.83
1549566372906,1005.83
1549566372916,1005.83
1549566372926,1005.77
1549566372936,1005.77
1549566372946,1005.77
1549566372956,1005.77
1549566372966,1005.77
1549566372976,1005.77
1549566372986,1005.77
1549566372996,1005.77
1549566373006,1005.77
1549566373016,1005.77
1549566373026,1005.77
1549566373036,1005.77
1549566373046,1005.77
1549566373056,1005.77
1549566373066,1005.77
1549566373076,1005.77
1549566373086,1005.77
1549566373096,1005.77
1549566373106,1005.77
1549566373116,1005.78
1549566373126,1005.78
1549566373136,1005.78
1549566373146,1005.78
1549566373156,1005.78
1549566373166,1005.78
1549566373176,1005.78
1549566373186,1005.78
1549566373196,1005.78
1549566373206,1005.78
1549566373216,1005.78
1549566373226,1005.78
1549566373236,1005.78
1549566373246,1005.78
1549566373256,1005.78
1549566373266,1005.78
1549566373276,1005.78
1549566373286,1005.78
1549566373296,1005.78
1549566373306,1005.71
1549566373317,1005.71
1549566373326,1005.71
1549566373336,1005.71
1549566373346,1005.71
1549566373356,1005.71
1549566373366,1005.71
1549566373376,1005.71
1549566373387,1005.71
1549566373396,1005.71
1549566373406,1005.71
1549566373416,1005.71
1549566373426,1005.71
1549566373436,1005.71
1549566373446,1005.71
1549566373456,1005.71
1549566373466,1005.71
1549566373476,1005.71
1549566373486,1005.71
1549566373496,1005.71
1549566373506,1005.71
1549566373516,1005.71
1549566373526,1005.71
1549566373536,1005.71
1549566373546,1005.71
1549566373556,1005.71
1549566373566,1005.71
1549566373576,1005.71
1549566373586,1005.71
1549566373596,1005.71
1549566373606,1005.71
1549566373616,1005.71
1549566373626,1005.71
1549566373636,1005.71
1549566373646,1005.71
1549566373656,1005.71
1549566373666,1005.71
1549566373676,1005.71
1549566373686,1005.65
1549566373696,1005.65
1549566373706,1005.65
1549566373716,1005.65
1549566373726,1005.65
1549566373736,1005.65
1549566373746,1005.65
1549566373756,1005.65
1549566373766,1005.65
1549566373776,1005.65
1549566373786,1005.65
1549566373796,1005.65
1549566373807,1005.65
1549566373816,1005.65
1549566373826,1005.65
1549566373836,1005.65
1549566373846,1005.65
1549566373856,1005.65
1549566373866,1005.65
1549566373876,1005.59
1549566373887,1005.59
1549566373896,1005.59
1549566373906,1005.59
1549566373916,1005.59
1549566373926,1005.59
1549566373936,1005.59
1549566373946,1005.59
1549566373956,1005.59
1549566373966,1005.59
1549566373976,1005.59
1549566373986,1005.59
1549566373996,1005.59
1549566374006,1005.59
1549566374016,1005.59
1549566374026,1005.59
1549566374036,1005.59
1549566374046,1005.59
1549566374056,1005.59
1549566374066,1005.59
1549566374076,1005.59
1549566374086,1005.59
1549566374096,1005.59
1549566374106,1005.59
1549566374116,1005.59
1549566374126,1005.59
1549566374136,1005.59
1549566374146,1005.59
1549566374156,1005.59
1549566374166,1005.59
1549566374176,1005.59
1549566374186,1005.59
1549566374196,1005.59
1549566374206,1005.59
1549566374216,1005.59
1549566374226,1005.59
1549566374236,1005.59
1549566374246,1005.53
1549566374256,1005.53
1549566374266,1005.53
1549566374276,1005.53
1549566374308,1005.53
1549566374309,1005.53
1549566374309,1005.53
1549566374316,1005.53
1549566374327,1005.53
1549566374336,1005.53
1549566374346,1005.53
1549566374356,1005.53
1549566374366,1005.53
1549566374376,1005.53
1549566374386,1005.53
1549566374396,1005.53
1549566374407,1005.53
1549566374416,1005.53
1549566374427,1005.53
1549566374436,1005.47
1549566374446,1005.47
1549566374456,1005.47
1549566374466,1005.47
1549566374476,1005.47
1549566374486,1005.47
1549566374496,1005.47
1549566374506,1005.47
1549566374516,1005.47
1549566374527,1005.47
1549566374536,1005.47
1549566374546,1005.47
1549566374556,1005.47
1549566374566,1005.47
1549566374576,1005.47
1549566374586,1005.47
1549566374596,1005.47
1549566374606,1005.47
1549566374616,1005.47
1549566374626,1005.47
1549566374636,1005.47
1549566374646,1005.47
1549566374656,1005.47
1549566374666,1005.47
1549566374676,1005.47
1549566374695,1005.47
1549566374696,1005.47
1549566374706,1005.47
1549566374716,1005.47
1549566374726,1005.47
1549566374736,1005.47
1549566374746,1005.47
1549566374756,1005.47
1549566374766,1005.47
1549566374776,1005.47
1549566374786,1005.47
1549566374796,1005.47
1549566374806,1005.47
1549566374818,1005.41
1549566374826,1005.41
1549566374836,1005.41
1549566374846,1005.41
1549566374856,1005.41
1549566374866,1005.41
1549566374876,1005.41
1549566374886,1005.41
1549566374896,1005.41
1549566374906,1005.41
1549566374916,1005.41
1549566374926,1005.41
1549566374936,1005.41
1549566374946,1005.41
1549566374956,1005.41
1549566374966,1005.41
1549566374976,1005.41
1549566374986,1005.41
1549566374996,1005.41
1549566375006,1005.35
1549566375016,1005.35
1549566375026,1005.35
1549566375036,1005.35
1549566375046,1005.35
1549566375056,1005.35
1549566375066,1005.35
1549566375077,1005.35
1549566375086,1005.35
1549566375096,1005.35
1549566375106,1005.35
1549566375116,1005.35
1549566375126,1005.35
1549566375136,1005.35
1549566375146,1005.35
1549566375156,1005.35
1549566375166,1005.35
1549566375176,1005.35
1549566375186,1005.35
1549566375196,1005.35
1549566375206,1005.35
1549566375216,1005.35
1549566375226,1005.35
1549566375236,1005.35
1549566375246,1005.35
1549566375256,1005.35
1549566375266,1005.35
1549566375276,1005.35
1549566375286,1005.35
1549566375296,1005.35
1549566375306,1005.35
1549566375317,1005.35
1549566375326,1005.35
1549566375337,1005.35
1549566375346,1005.35
1549566375356,1005.35
1549566375366,1005.35
1549566375376,1005.35
1549566375386,1005.28
1549566375397,1005.28
1549566375406,1005.28
1549566375416,1005.28
1549566375426,1005.28
1549566375436,1005.28
1549566375446,1005.28
1549566375456,1005.28
1549566375466,1005.28
1549566375476,1005.28
1549566375486,1005.28
1549566375496,1005.28
1549566375506,1005.28
1549566375516,1005.28
1549566375526,1005.28
1549566375537,1005.28
1549566375546,1005.28
1549566375556,1005.28
1549566375566,1005.28
1549566375576,1005.28
1549566375586,1005.28
1549566375596,1005.28
1549566375606,1005.28
1549566375616,1005.28
1549566375626,1005.28
1549566375636,1005.28
1549566375696,1005.28
1549566375706,1005.28
1549566375706,1005.28
1549566375716,1005.28
1549566375716,1005.28
1549566375726,1005.28
1549566375726,1005.28
1549566375726,1005.28
1549566375732,1005.28
1549566375736,1005.28
1549566375746,1005.28
1549566375756,1005.28
1549566375766,1005.22
1549566375777,1005.22
1549566375786,1005.22
1549566375796,1005.22
1549566375806,1005.22
1549566375816,1005.22
1549566375827,1005.22
1549566375837,1005.22
1549566375846,1005.22
1549566375856,1005.22
1549566375866,1005.22
1549566375877,1005.22
1549566375886,1005.22
1549566375897,1005.22
1549566375906,1005.22
1549566375916,1005.22
1549566375927,1005.22
1549566375936,1005.22
1549566375946,1005.22
1549566375956,1005.16
1549566375966,1005.16
1549566375981,1005.16
1549566375986,1005.16
1549566375996,1005.16
1549566376006,1005.16
1549566376016,1005.16
1549566376027,1005.16
1549566376036,1005.16
1549566376046,1005.16
1549566376056,1005.16
1549566376066,1005.16
1549566376077,1005.16
1549566376086,1005.16
1549566376096,1005.16
1549566376106,1005.16
1549566376116,1005.16
1549566376127,1005.16
1549566376136,1005.16
1549566376146,1005.16
1549566376156,1005.16
1549566376166,1005.16
1549566376176,1005.16
1549566376186,1005.16
1549566376196,1005.16
1549566376206,1005.16
1549566376216,1005.16
1549566376226,1005.16
1549566376236,1005.16
1549566376246,1005.16
1549566376256,1005.16
1549566376266,1005.16
1549566376276,1005.16
1549566376286,1005.16
1549566376296,1005.16
1549566376306,1005.16
1549566376316,1005.16
1549566376327,1005.09
1549566376337,1005.09
1549566376346,1005.09
1549566376356,1005.09
1549566376366,1005.09
1549566376376,1005.09
1549566376386,1005.09
1549566376396,1005.09
1549566376407,1005.09
1549566376416,1005.09
1549566376427,1005.09
1549566376436,1005.09
1549566376446,1005.09
1549566376457,1005.09
1549566376467,1005.09
1549566376477,1005.09
1549566376487,1005.09
1549566376497,1005.09
1549566376507,1005.09
1549566376517,1005.03
1549566376527,1005.03
1549566376537,1005.03
1549566376547,1005.03
1549566376557,1005.03
1549566376567,1005.03
1549566376577,1005.03
1549566376587,1005.03
1549566376597,1005.03
1549566376607,1005.03
1549566376617,1005.03
1549566376627,1005.03
1549566376637,1005.03
1549566376647,1005.03
1549566376657,1005.03
1549566376667,1005.03
1549566376677,1005.03
1549566376687,1005.03
1549566376697,1005.03
1549566376707,1005.04
1549566376717,1005.04
1549566376727,1005.04
1549566376737,1005.04
1549566376747,1005.04
1549566376757,1005.04
1549566376767,1005.04
1549566376777,1005.04
1549566376787,1005.04
1549566376797,1005.04
1549566376807,1005.04
1549566376817,1005.04
1549566376828,1005.04
1549566376836,1005.04
1549566376849,1005.04
1549566376856,1005.04
1549566376866,1005.04
1549566376877,1005.04
1549566376887,1005.04
1549566376896,1004.97
1549566376907,1004.97
1549566376916,1004.97
1549566376926,1004.97
1549566376937,1004.97
1549566376946,1004.97
1549566376956,1004.97
1549566376966,1004.97
1549566376976,1004.97
1549566376987,1004.97
1549566376997,1004.97
1549566377007,1004.97
1549566377017,1004.97
1549566377027,1004.97
1549566377037,1004.97
1549566377047,1004.97
1549566377057,1004.97
1549566377067,1004.97
1549566377077,1004.97
1549566377086,1004.91
1549566377096,1004.91
1549566377106,1004.91
1549566377116,1004.91
1549566377126,1004.91
1549566377136,1004.91
1549566377146,1004.91
1549566377156,1004.91
1549566377166,1004.91
1549566377177,1004.91
1549566377187,1004.91
1549566377197,1004.91
1549566377207,1004.91
1549566377217,1004.91
1549566377227,1004.91
1549566377237,1004.91
1549566377247,1004.91
1549566377257,1004.91
1549566377267,1004.91
1549566377277,1004.91
1549566377287,1004.91
1549566377297,1004.91
1549566377307,1004.91
1549566377317,1004.91
1549566377326,1004.91
1549566377337,1004.91
1549566377346,1004.91
1549566377356,1004.91
1549566377367,1004.91
1549566377376,1004.91
1549566377386,1004.91
1549566377397,1004.91
1549566377406,1004.91
1549566377416,1004.91
1549566377426,1004.91
1549566377436,1004.91
1549566377446,1004.91
1549566377456,1004.91
1549566377466,1004.84
1549566377476,1004.84
1549566377487,1004.84
1549566377497,1004.84
1549566377507,1004.84
1549566377517,1004.84
1549566377527,1004.84
1549566377536,1004.84
1549566377546,1004.84
1549566377556,1004.84
1549566377566,1004.84
1549566377577,1004.84
1549566377586,1004.84
1549566377596,1004.84
1549566377606,1004.84
1549566377616,1004.84
1549566377627,1004.84
1549566377637,1004.84
1549566377647,1004.84
1549566377657,1004.85
1549566377667,1004.85
1549566377677,1004.85
1549566377687,1004.85
1549566377697,1004.85
1549566377707,1004.85
1549566377717,1004.85
1549566377727,1004.85
1549566377737,1004.85
1549566377747,1004.85
1549566377757,1004.85
1549566377767,1004.85
1549566377777,1004.85
1549566377787,1004.85
1549566377797,1004.85
1549566377807,1004.85
1549566377817,1004.85
1549566377827,1004.85
1549566377837,1004.78
1549566377847,1004.78
1549566377856,1004.78
1549566377866,1004.78
1549566377876,1004.78
1549566377886,1004.78
1549566377896,1004.78
1549566377906,1004.78
1549566377916,1004.78
1549566377926,1004.78
1549566377936,1004.78
1549566377946,1004.78
1549566377956,1004.78
1549566377966,1004.78
1549566377976,1004.78
1549566377986,1004.78
1549566377996,1004.78
1549566378006,1004.78
1549566378016,1004.78
1549566378027,1004.71
1549566378037,1004.71
1549566378047,1004.71
1549566378057,1004.71
1549566378066,1004.71
1549566378076,1004.71
1549566378086,1004.71
1549566378096,1004.71
1549566378106,1004.71
1549566378116,1004.71
1549566378126,1004.71
1549566378136,1004.71
1549566378146,1004.71
1549566378157,1004.71
1549566378167,1004.71
1549566378177,1004.71
1549566378187,1004.71
1549566378197,1004.71
1549566378207,1004.71
1549566378217,1004.72
1549566378227,1004.72
1549566378237,1004.72
1549566378247,1004.72
1549566378257,1004.72
1549566378267,1004.72
1549566378277,1004.72
1549566378287,1004.72
1549566378297,1004.72
1549566378307,1004.72
1549566378317,1004.72
1549566378328,1004.72
1549566378336,1004.72
1549566378346,1004.72
1549566378356,1004.72
1549566378366,1004.72
1549566378377,1004.72
1549566378386,1004.72
1549566378396,1004.72
1549566378407,1004.65
1549566378416,1004.65
1549566378428,1004.65
1549566378437,1004.65
1549566378447,1004.65
1549566378457,1004.65
1549566378467,1004.65
1549566378477,1004.65
1549566378487,1004.65
1549566378497,1004.65
1549566378507,1004.65
1549566378517,1004.65
1549566378527,1004.65
1549566378537,1004.65
1549566378547,1004.65
1549566378557,1004.65
1549566378567,1004.65
1549566378577,1004.65
1549566378587,1004.65
1549566378597,1004.58
1549566378607,1004.58
1549566378617,1004.58
1549566378627,1004.58
1549566378637,1004.58
1549566378647,1004.58
1549566378657,1004.58
1549566378667,1004.58
1549566378677,1004.58
1549566378687,1004.58
1549566378697,1004.58
1549566378707,1004.58
1549566378717,1004.58
1549566378727,1004.58
1549566378737,1004.58
1549566378747,1004.58
1549566378757,1004.58
1549566378767,1004.58
1549566378777,1004.58
1549566378787,1004.59
1549566378797,1004.59
1549566378807,1004.59
1549566378817,1004.59
1549566378828,1004.59
1549566378836,1004.59
1549566378846,1004.59
1549566378856,1004.59
1549566378866,1004.59
1549566378876,1004.59
1549566378886,1004.59
1549566378896,1004.59
1549566378906,1004.59
1549566378916,1004.59
1549566378926,1004.59
1549566378936,1004.59
1549566378946,1004.59
1549566378956,1004.59
1549566378966,1004.59
1549566378976,1004.52
1549566378986,1004.52
1549566378996,1004.52
1549566379006,1004.52
1549566379016,1004.52
1549566379026,1004.52
1549566379036,1004.52
1549566379046,1004.52
1549566379056,1004.52
1549566379066,1004.52
1549566379076,1004.52
1549566379086,1004.52
1549566379096,1004.52
1549566379106,1004.52
1549566379116,1004.52
1549566379126,1004.52
1549566379136,1004.52
1549566379146,1004.52
1549566379156,1004.52
1549566379166,1004.46
1549566379176,1004.46
1549566379186,1004.46
1549566379196,1004.46
1549566379206,1004.46
1549566379216,1004.46
1549566379226,1004.46
1549566379236,1004.46
1549566379246,1004.46
1549566379256,1004.46
1549566379266,1004.46
1549566379276,1004.46
1549566379286,1004.46
1549566379313,1004.46
1549566379313,1004.46
1549566379316,1004.46
1549566379327,1004.46
1549566379337,1004.46
1549566379346,1004.46
1549566379357,1004.46
1549566379366,1004.46
1549566379376,1004.46
1549566379386,1004.46
1549566379396,1004.46
1549566379406,1004.46
1549566379417,1004.46
1549566379426,1004.46
1549566379436,1004.46
1549566379446,1004.46
1549566379456,1004.46
1549566379466,1004.46
1549566379476,1004.46
1549566379486,1004.46
1549566379496,1004.46
1549566379507,1004.46
1549566379516,1004.46
1549566379527,1004.46
1549566379536,1004.46
1549566379546,1004.39
1549566379556,1004.39
1549566379566,1004.39
1549566379577,1004.39
1549566379586,1004.39
1549566379596,1004.39
1549566379607,1004.39
1549566379616,1004.39
1549566379628,1004.39
1549566379637,1004.39
1549566379647,1004.39
1549566379657,1004.39
1549566379667,1004.39
1549566379677,1004.39
1549566379698,1004.39
1549566379698,1004.39
1549566379707,1004.39
1549566379717,1004.39
1549566379727,1004.39
1549566379737,1004.4
1549566379747,1004.4
1549566379757,1004.4
1549566379767,1004.4
1549566379777,1004.4
1549566379787,1004.4
1549566379797,1004.4
1549566379807,1004.4
1549566379817,1004.4
1549566379827,1004.4
1549566379837,1004.4
1549566379847,1004.4
1549566379857,1004.4
1549566379867,1004.4
1549566379877,1004.4
1549566379887,1004.4
1549566379898,1004.4
1549566379907,1004.4
1549566379918,1004.4
1549566379927,1004.33
1549566379937,1004.33
1549566379947,1004.33
1549566379957,1004.33
1549566379967,1004.33
1549566379977,1004.33
1549566379987,1004.33
1549566379997,1004.33
1549566380007,1004.33
1549566380017,1004.33
1549566380027,1004.33
1549566380037,1004.33
1549566380047,1004.33
1549566380057,1004.33
1549566380067,1004.33
1549566380077,1004.33
1549566380087,1004.33
1549566380097,1004.33
1549566380107,1004.33
1549566380117,1004.27
1549566380127,1004.27
1549566380137,1004.27
1549566380147,1004.27
1549566380157,1004.27
1549566380166,1004.27
1549566380176,1004.27
1549566380186,1004.27
1549566380196,1004.27
1549566380206,1004.27
1549566380217,1004.27
1549566380227,1004.27
1549566380237,1004.27
1549566380247,1004.27
1549566380257,1004.27
1549566380267,1004.27
1549566380277,1004.27
1549566380287,1004.27
1549566380297,1004.27
1549566380307,1004.27
1549566380317,1004.27
1549566380328,1004.27
1549566380336,1004.27
1549566380347,1004.27
1549566380356,1004.27
1549566380366,1004.27
1549566380377,1004.27
1549566380386,1004.27
1549566380396,1004.27
1549566380407,1004.27
1549566380416,1004.27
1549566380428,1004.27
1549566380437,1004.27
1549566380447,1004.27
1549566380457,1004.27
1549566380467,1004.27
1549566380477,1004.27
1549566380487,1004.21
1549566380497,1004.21
1549566380507,1004.21
1549566380517,1004.21
1549566380527,1004.21
1549566380537,1004.21
1549566380547,1004.21
1549566380557,1004.21
1549566380567,1004.21
1549566380577,1004.21
1549566380587,1004.21
1549566380597,1004.21
1549566380607,1004.21
1549566380617,1004.21
1549566380627,1004.21
1549566380637,1004.21
1549566380647,1004.21
1549566380657,1004.21
1549566380667,1004.21
1549566380677,1004.15
1549566380687,1004.15
1549566380697,1004.15
1549566380707,1004.15
1549566380717,1004.15
1549566380727,1004.15
1549566380736,1004.15
1549566380746,1004.15
1549566380756,1004.15
1549566380766,1004.15
1549566380776,1004.15
1549566380786,1004.15
1549566380796,1004.15
1549566380806,1004.15
1549566380816,1004.15
1549566380827,1004.15
1549566380836,1004.15
1549566380847,1004.15
1549566380857,1004.15
1549566380866,1004.15
1549566380876,1004.15
1549566380886,1004.15
1549566380896,1004.15
1549566380906,1004.15
1549566380916,1004.15
1549566380926,1004.15
1549566380936,1004.15
1549566380946,1004.15
1549566380956,1004.15
1549566380966,1004.15
1549566380976,1004.15
1549566380986,1004.15
1549566380996,1004.15
1549566381006,1004.15
1549566381016,1004.15
1549566381026,1004.15
1549566381036,1004.15
1549566381046,1004.15
1549566381056,1004.09
1549566381066,1004.09
1549566381076,1004.09
1549566381086,1004.09
1549566381096,1004.09
1549566381106,1004.09
1549566381116,1004.09
1549566381126,1004.09
1549566381136,1004.09
1549566381146,1004.09
1549566381156,1004.09
1549566381166,1004.09
1549566381176,1004.09
1549566381186,1004.09
1549566381196,1004.09
1549566381206,1004.09
1549566381216,1004.09
1549566381226,1004.09
1549566381236,1004.09
1549566381246,1004.03
1549566381256,1004.03
1549566381266,1004.03
1549566381276,1004.03
1549566381286,1004.03
1549566381296,1004.03
1549566381306,1004.03
1549566381316,1004.03
1549566381326,1004.03
1549566381336,1004.03
1549566381350,1004.03
1549566381356,1004.03
1549566381366,1004.03
1549566381376,1004.03
1549566381386,1004.03
1549566381396,1004.03
1549566381407,1004.03
1549566381416,1004.03
1549566381426,1004.03
1549566381436,1004.04
1549566381446,1004.04
1549566381456,1004.04
1549566381466,1004.04
1549566381476,1004.04
1549566381486,1004.04
1549566381496,1004.04
1549566381506,1004.04
1549566381516,1004.04
1549566381526,1004.04
1549566381536,1004.04
1549566381546,1004.04
1549566381556,1004.04
1549566381566,1004.04
1549566381576,1004.04
1549566381586,1004.04
1549566381596,1004.04
1549566381606,1004.04
1549566381616,1004.04
1549566381626,1003.98
1549566381636,1003.98
1549566381646,1003.98
1549566381656,1003.98
1549566381666,1003.98
1549566381676,1003.98
1549566381686,1003.98
1549566381696,1003.98
1549566381706,1003.98
1549566381716,1003.98
1549566381726,1003.98
1549566381736,1003.98
1549566381746,1003.98
1549566381756,1003.98
1549566381766,1003.98
1549566381776,1003.98
1549566381786,1003.98
1549566381796,1003.98
1549566381806,1003.98
1549566381818,1003.93
1549566381827,1003.93
1549566381837,1003.93
1549566381846,1003.93
1549566381856,1003.93
1549566381866,1003.93
1549566381877,1003.93
1549566381886,1003.93
1549566381897,1003.93
1549566381906,1003.93
1549566381916,1003.93
1549566381926,1003.93
1549566381936,1003.93
1549566381946,1003.93
1549566381956,1003.93
1549566381966,1003.93
1549566381976,1003.93
1549566381986,1003.93
1549566381996,1003.93
1549566382006,1003.93
1549566382016,1003.93
1549566382026,1003.93
1549566382036,1003.93
1549566382046,1003.93
1549566382056,1003.93
1549566382066,1003.93
1549566382076,1003.93
1549566382086,1003.93
1549566382096,1003.93
1549566382106,1003.93
1549566382116,1003.93
1549566382126,1003.93
1549566382136,1003.93
1549566382146,1003.93
1549566382156,1003.93
1549566382166,1003.93
1549566382176,1003.93
1549566382186,1003.93
1549566382196,1003.88
1549566382206,1003.88
1549566382216,1003.88
1549566382226,1003.88
1549566382236,1003.88
1549566382246,1003.88
1549566382256,1003.88
1549566382266,1003.88
1549566382276,1003.88
1549566382286,1003.88
1549566382296,1003.88
1549566382306,1003.88
1549566382316,1003.88
1549566382327,1003.88
1549566382337,1003.88
1549566382346,1003.88
1549566382356,1003.88
1549566382366,1003.88
1549566382376,1003.88
1549566382386,1003.88
1549566382396,1003.88
1549566382407,1003.88
1549566382416,1003.88
1549566382427,1003.88
1549566382436,1003.88
1549566382446,1003.88
1549566382456,1003.88
1549566382466,1003.88
1549566382476,1003.88
1549566382486,1003.88
1549566382496,1003.88
1549566382506,1003.88
1549566382516,1003.88
1549566382526,1003.88
1549566382536,1003.88
1549566382546,1003.88
1549566382556,1003.88
1549566382566,1003.88
1549566382576,1003.83
1549566382586,1003.83
1549566382596,1003.83
1549566382606,1003.83
1549566382616,1003.83
1549566382626,1003.83
1549566382636,1003.83
1549566382646,1003.83
1549566382656,1003.83
1549566382666,1003.83
1549566382676,1003.83
1549566382686,1003.83
1549566382696,1003.83
1549566382706,1003.83
1549566382716,1003.83
1549566382726,1003.83
1549566382736,1003.83
1549566382746,1003.83
1549566382756,1003.83
1549566382766,1003.79
1549566382776,1003.79
1549566382786,1003.79
1549566382796,1003.79
1549566382806,1003.79
1549566382816,1003.79
1549566382827,1003.79
1549566382836,1003.79
1549566382846,1003.79
1549566382856,1003.79
1549566382866,1003.79
1549566382876,1003.79
1549566382886,1003.79
1549566382896,1003.79
1549566382907,1003.79
1549566382916,1003.79
1549566382926,1003.79
1549566382936,1003.79
1549566382946,1003.79
1549566382956,1003.79
1549566382966,1003.79
1549566382976,1003.79
1549566382986,1003.79
1549566382996,1003.79
1549566383006,1003.79
1549566383016,1003.79
1549566383026,1003.79
1549566383036,1003.79
1549566383046,1003.79
1549566383056,1003.79
1549566383066,1003.79
1549566383076,1003.79
1549566383086,1003.79
1549566383096,1003.79
1549566383106,1003.79
1549566383116,1003.79
1549566383126,1003.79
1549566383136,1003.75
1549566383146,1003.75
1549566383156,1003.75
1549566383166,1003.75
1549566383176,1003.75
1549566383186,1003.75
1549566383196,1003.75
1549566383206,1003.75
1549566383216,1003.75
1549566383226,1003.75
1549566383236,1003.75
1549566383246,1003.75
1549566383256,1003.75
1549566383266,1003.75
