1549566681729,-0.31,-0.53999996,0.0
1549566681736,-0.31,-0.53999996,0.0
1549566681748,0.0,0.0,0.0
1549566681756,0.0,0.0,0.0
1549566681779,0.0,0.0,0.0
1549566681786,0.0,0.0,0.0
1549566681796,0.0,0.0,0.0
1549566681806,0.0,0.0,0.0
1549566681816,0.0,0.0,0.0
1549566681826,0.0,0.0,0.0
1549566681836,0.0,0.0,0.0
1549566681846,0.0,0.0,0.0
1549566681856,0.0,0.0,0.0
1549566681866,0.0,0.0,0.0
1549566681876,0.0,0.0,0.0
1549566681886,0.0,0.0,0.0
1549566681896,0.0,0.0,0.0
1549566681906,0.0,0.0,0.0
1549566681916,0.0,0.0,0.0
1549566681926,0.0,0.0,0.0
1549566681936,0.0,0.0,0.0
1549566681946,0.0,0.0,0.0
1549566681956,0.0,0.0,0.0
1549566681966,0.0,0.0,0.0
1549566681976,0.0,0.0,0.0
1549566681986,0.0,0.0,0.0
1549566681996,0.0,0.0,0.0
1549566682006,0.0,0.0,0.0
1549566682016,0.0,0.0,0.0
1549566682028,0.0,0.0,0.0
1549566682036,0.0,0.0,0.0
1549566682046,0.0,0.0,0.0
1549566682056,0.0,0.0,0.0
1549566682066,0.0,0.0,0.0
1549566682076,0.0,0.0,0.0
1549566682086,0.0,0.0,0.0
1549566682096,0.0,0.0,0.0
1549566682106,0.0,0.0,0.0
1549566682116,0.0,0.0,0.0
1549566682126,0.0,0.0,0.0
1549566682136,0.0,0.0,0.0
1549566682148,0.0,0.0,0.0
1549566682156,0.0,0.0,0.0
1549566682166,0.0,0.0,0.0
1549566682176,0.0,0.0,0.0
1549566682186,0.0,0.0,0.0
1549566682197,0.0,0.0,0.0
1549566682206,0.0,0.0,0.0
1549566682216,0.0,0.0,0.0
1549566682226,0.0,0.0,0.0
1549566682236,0.0,0.0,0.0
1549566682246,0.0,0.0,0.0
1549566682256,0.0,0.0,0.0
1549566682266,0.0,0.0,0.0
1549566682276,0.0,0.0,0.0
1549566682286,0.0,0.0,0.0
1549566682296,0.0,0.0,0.0
1549566682306,0.0,0.0,0.0
1549566682316,0.0,0.0,0.0
1549566682326,0.0,0.0,0.0
1549566682336,0.0,0.0,0.0
1549566682346,0.0,0.0,0.0
1549566682356,0.0,0.0,0.0
1549566682370,0.0,0.0,0.0
1549566682376,0.0,0.0,0.0
1549566682386,0.0,0.0,0.0
1549566682396,-0.39999998,1.64,-2.73
1549566682406,-0.39999998,1.64,-2.73
1549566682416,-0.39999998,1.23,-2.49
1549566682426,-0.32999998,0.76,-2.27
1549566682436,-0.32999998,0.17999999,-2.1299999
1549566682446,-0.32,-0.48,-2.01
1549566682456,-0.31,-1.0799999,-1.9499999
1549566682466,-0.38,-1.52,-1.92
1549566682476,-0.47,-1.8499999,-1.8399999
1549566682486,-0.53,-2.1499999,-1.8199999
1549566682496,-0.62,-2.35,-1.88
1549566682506,-0.74,-2.35,-2.07
1549566682516,-0.84999996,-2.27,-2.33
1549566682526,-0.89,-2.1399999,-2.49
1549566682536,-0.85999995,-1.9699999,-2.4199998
1549566682546,-0.85999995,-1.9699999,-2.4199998
1549566682556,-0.81,-1.66,-2.11
1549566682566,-0.81,-1.1899999,-1.65
1549566682576,-0.85999995,-0.84,-1.14
1549566682586,-0.82,-0.71,-0.42
1549566682602,-0.69,-0.71999997,0.5
1549566682606,-0.45999998,-0.78999996,1.27
1549566682616,-0.17999999,-0.96,1.66
1549566682626,-0.08,-0.91999996,2.0
1549566682637,-0.049999997,-0.51,2.0
1549566682655,-0.02,0.0,1.6999999
1549566682656,0.03,0.53999996,1.64
1549566682666,0.22999999,1.3199999,1.5999999
1549566682677,0.55,1.93,1.41
1549566682687,0.9,2.26,1.24
1549566682696,1.4399999,2.3999999,0.98999995
1549566682706,1.4399999,2.3999999,0.98999995
1549566682716,1.6999999,2.7,0.69
1549566682726,1.64,2.98,0.7
1549566682736,1.4499999,2.98,0.88
1549566682746,1.38,2.61,0.89
1549566682757,1.3,2.05,1.03
1549566682766,1.15,1.54,1.1999999
1549566682776,1.0799999,0.9,1.36
1549566682788,1.0,0.37,1.4
1549566682796,0.9,0.26,1.29
1549566682807,0.91999996,0.35999998,1.13
1549566682816,1.18,0.26,0.97999996
1549566682826,1.22,0.41,0.84999996
1549566682838,0.94,0.94,0.65999997
1549566682846,0.64,1.35,0.39999998
1549566682858,0.32,1.42,0.02
1549566682866,-0.01,1.24,-0.5
1549566682876,-0.01,1.24,-0.5
1549566682888,-0.37,0.84999996,-1.1899999
1549566682896,-0.9,0.51,-2.01
1549566682906,-1.3,0.24,-2.8999999
1549566682917,-1.6999999,0.14,-3.4399998
1549566682926,-1.8299999,-0.08,-3.59
1549566682939,-1.51,-0.45,-3.4299998
1549566682946,-1.39,-0.48,-3.1999998
1549566682956,-1.36,-0.29999998,-3.02
1549566682966,-1.26,-0.25,-3.08
1549566682977,-1.55,-0.42999998,-3.24
1549566682989,-1.87,-0.82,-3.54
1549566682997,-2.03,-1.41,-3.8899999
1549566683007,-1.89,-2.08,-3.6399999
1549566683016,-1.49,-2.35,-2.9399998
1549566683027,-1.49,-2.35,-2.9399998
1549566683040,-1.13,-2.26,-2.1499999
1549566683046,-1.23,-1.9799999,-1.7099999
1549566683056,-1.39,-1.5,-1.68
1549566683066,-1.52,-0.84,-1.8399999
1549566683076,-1.87,-0.39,-2.09
1549566683086,-2.4199998,0.049999997,-2.56
1549566683096,-3.05,0.69,-3.06
1549566683106,-3.75,1.5699999,-3.4399998
1549566683117,-3.75,1.5699999,-3.4399998
1549566683126,-4.45,2.96,-3.74
1549566683136,-4.56,3.27,-3.5
1549566683146,-4.41,3.3999999,-3.33
1549566683156,-3.85,3.21,-3.29
1549566683166,-3.21,2.22,-3.1699998
1549566683176,-2.59,0.96,-2.8
1549566683186,-1.9699999,0.22,-2.3799999
1549566683196,-1.9699999,0.22,-2.3799999
1549566683206,-1.1899999,-0.22999999,-1.8199999
1549566683216,-0.53,-1.09,-1.04
1549566683226,-0.66999996,-2.1399999,-0.56
1549566683236,-0.96999997,-1.9799999,-0.28
1549566683246,-0.89,-1.4599999,-0.03
1549566683256,-0.58,-0.89,0.0
1549566683266,-0.22999999,-0.089999996,-0.06
1549566683276,0.12,0.41,0.06
1549566683286,0.12,0.41,0.06
1549566683296,0.5,0.59999996,0.42
1549566683306,1.28,0.93,0.93
1549566683316,1.74,0.87,1.1899999
1549566683327,2.08,0.65,1.35
1549566683336,2.12,0.31,1.22
1549566683348,2.12,0.31,1.22
1549566683357,2.12,-0.14,1.02
1549566683366,2.11,-0.65999997,0.89
1549566683376,2.03,-1.29,0.94
1549566683386,2.0,-1.89,1.01
1549566683396,2.09,-1.77,1.04
1549566683406,2.18,-2.1499999,1.24
1549566683416,2.1399999,-2.4299998,1.31
1549566683426,2.1,-2.08,1.14
1549566683436,1.9599999,-1.8199999,0.96999997
1549566683446,1.9599999,-1.8199999,0.96999997
1549566683457,1.73,-1.66,0.48999998
1549566683466,1.37,-1.14,-0.21
1549566683477,0.74,-0.48,-0.48
1549566683486,0.21,-0.17999999,0.06
1549566683496,-0.01,-0.37,0.93
1549566683506,0.19999999,-0.66999996,1.6999999
1549566683516,0.85999995,-0.56,2.87
1549566683526,0.85999995,-0.56,2.87
1549566683536,1.4399999,-0.42999998,3.34
1549566683546,2.06,-0.45999998,3.54
1549566683556,2.5,-0.66999996,3.61
1549566683566,2.6499999,-0.68,3.54
1549566683576,2.55,-0.48,3.4099998
1549566683586,2.26,-0.51,3.75
1549566683596,1.66,-0.41,3.59
1549566683606,1.66,-0.41,3.59
1549566683616,0.76,-0.47,2.9299998
1549566683626,-0.16,-1.74,2.0
1549566683636,-0.16,-1.74,2.0
1549566683646,0.11,-2.19,2.22
1549566683660,0.59,-2.48,2.75
1549566683666,0.78999996,-2.01,2.4099998
1549566683700,0.76,-1.8399999,1.66
1549566683701,0.76,-1.8399999,1.66
1549566683701,0.93,-2.6499999,1.6899999
1549566683706,0.84,-3.12,1.04
1549566683716,0.28,-2.6599998,0.32
1549566683729,-0.34,-1.54,-0.11
1549566683736,-0.68,-0.65999997,-0.39999998
1549566683746,-0.7,-0.35,-0.59
1549566683756,-0.63,-0.42999998,-0.66999996
1549566683766,-0.52,-0.32999998,-0.57
1549566683777,-0.52,-0.32999998,-0.57
1549566683786,-0.38,-0.06,-0.34
1549566683796,-0.22,0.17999999,-0.06
1549566683806,-0.04,0.35,0.28
1549566683816,0.14999999,0.42,0.64
1549566683828,0.35,0.51,0.9
1549566683836,0.53999996,0.63,0.96999997
1549566683848,1.0699999,0.76,0.64
1549566683856,1.0699999,0.76,0.64
1549566683866,1.4,0.64,0.35999998
1549566683876,1.74,0.53999996,0.049999997
1549566683886,1.62,1.02,-0.12
1549566683897,1.27,1.1999999,-0.08
1549566683906,0.84,0.65,0.08
1549566683916,0.5,-0.41,0.29999998
1549566683926,0.21,-1.1999999,0.5
1549566683936,0.21,-1.1999999,0.5
1549566683947,-0.02,-1.28,0.53999996
1549566683956,0.04,-1.0799999,0.32999998
1549566683966,0.07,-0.35999998,0.02
1549566683976,0.17999999,0.22999999,-0.17999999
1549566683986,0.51,0.19999999,-0.16
1549566683997,0.62,0.03,-0.099999994
1549566684006,0.78,-0.32999998,-0.08
1549566684016,1.06,-0.7,-0.17
1549566684027,1.1999999,-0.59,-0.17
1549566684036,1.1999999,-0.59,-0.32999998
1549566684047,0.98999995,0.35,-0.47
1549566684056,0.72999996,0.66999996,-0.48
1549566684066,0.42999998,0.78999996,-0.39
1549566684077,0.17999999,0.58,-0.22999999
1549566684086,0.02,0.08,-0.07
1549566684098,-0.049999997,-0.35999998,0.06
1549566684106,-0.049999997,-0.35999998,0.06
1549566684116,-0.089999996,-0.48,0.11
1549566684127,-0.099999994,-0.42999998,0.089999996
1549566684136,-0.049999997,-0.37,0.089999996
1549566684148,-0.02,-0.29999998,0.08
1549566684156,0.0,-0.19,0.06
1549566684166,0.01,-0.049999997,0.02
1549566684176,0.01,0.03,0.0
1549566684186,0.0,0.08,0.0
1549566684199,-0.01,0.049999997,0.0
1549566684206,-0.01,0.049999997,0.0
1549566684216,-0.01,-0.01,0.0
1549566684226,0.0,-0.04,0.0
1549566684236,0.02,-0.06,0.01
1549566684250,0.049999997,-0.07,0.02
1549566684256,0.049999997,-0.07,0.02
1549566684266,0.08,-0.089999996,0.02
1549566684276,0.089999996,-0.12,0.02
1549566684286,0.099999994,-0.14,0.02
1549566684297,0.08,-0.089999996,0.03
1549566684306,0.06,-0.089999996,0.03
1549566684316,0.04,-0.12,0.03
1549566684326,0.03,-0.14,0.04
1549566684336,0.02,-0.17999999,0.049999997
1549566684346,0.02,-0.17999999,0.049999997
1549566684356,0.04,-0.24,0.07
1549566684366,0.049999997,-0.29,0.07
1549566684376,0.03,-0.35999998,0.099999994
1549566684386,0.0,-0.38,0.099999994
1549566684396,-0.04,-0.42,0.099999994
1549566684406,-0.11,-0.48999998,0.089999996
1549566684416,-0.17999999,-0.59,0.089999996
1549566684426,-0.17999999,-0.59,0.089999996
1549566684436,-0.24,-0.69,0.089999996
1549566684446,-0.29999998,-0.79999995,0.099999994
1549566684456,-0.35999998,-0.88,0.11
1549566684466,-0.42999998,-0.95,0.11
1549566684476,-0.51,-1.04,0.11
1549566684487,-0.59,-1.15,0.11
1549566684496,-0.69,-1.29,0.11
1549566684506,-0.79999995,-1.42,0.089999996
1549566684516,-0.79999995,-1.42,0.089999996
1549566684526,-0.9,-1.4699999,0.04
1549566684536,-0.94,-1.35,0.02
1549566684546,-0.90999997,-1.1,0.03
1549566684556,-0.61,-0.48999998,0.099999994
1549566684566,-0.39999998,-0.22999999,0.089999996
1549566684577,-0.22,-0.17999999,0.04
1549566684586,-0.22,-0.17999999,0.04
1549566684596,-0.12,-0.25,-0.01
1549566684606,-0.11,-0.28,-0.02
1549566684616,-0.14,-0.25,-0.01
1549566684626,-0.14,-0.19999999,-0.02
1549566684636,-0.12,-0.14,-0.04
1549566684646,-0.08,-0.07,-0.06
1549566684656,-0.03,0.0,-0.089999996
1549566684666,0.0,0.089999996,-0.11
1549566684676,0.0,0.089999996,-0.11
1549566684686,0.02,0.17999999,-0.13
1549566684696,0.04,0.26,-0.14999999
1549566684706,0.06,0.34,-0.17
1549566684716,0.08,0.39999998,-0.19
1549566684726,0.11,0.44,-0.19999999
1549566684736,0.11,0.48999998,-0.19999999
1549566684746,0.11,0.55,-0.19
1549566684756,0.099999994,0.62,-0.19
1549566684766,0.14,0.68,-0.19999999
1549566684776,0.17,0.75,-0.21
1549566684786,0.21,0.81,-0.22999999
1549566684796,0.21,0.81,-0.22999999
1549566684806,0.24,0.85999995,-0.24
1549566684816,0.25,0.84999996,-0.22999999
1549566684826,0.28,0.89,-0.22
1549566684836,0.32999998,0.91999996,-0.22999999
1549566684846,0.35999998,0.90999997,-0.25
1549566684859,0.39,0.87,-0.28
1549566684866,0.39,0.87,-0.28
1549566684877,0.39999998,0.78,-0.26999998
1549566684886,0.38,0.69,-0.25
1549566684896,0.32999998,0.59999996,-0.22
1549566684906,0.26999998,0.51,-0.19999999
1549566684916,0.17999999,0.42999998,-0.19
1549566684926,0.08,0.37,-0.19
1549566684937,-0.03,0.32999998,-0.19
1549566684946,-0.13,0.29999998,-0.19999999
1549566684956,-0.13,0.29999998,-0.19999999
1549566684966,-0.22,0.29999998,-0.19999999
1549566684976,-0.22,0.25,-0.21
1549566684986,-0.17999999,0.14,-0.19999999
1549566684996,-0.17,0.06,-0.17
1549566685006,-0.17,0.0,-0.14999999
1549566685016,-0.19,-0.07,-0.14
1549566685026,-0.19,-0.07,-0.14
1549566685036,-0.22999999,-0.11,-0.13
1549566685046,-0.26,-0.14,-0.12
1549566685056,-0.26999998,-0.14,-0.11
1549566685066,-0.26999998,-0.13,-0.099999994
1549566685076,-0.25,-0.08,-0.099999994
1549566685086,-0.22,-0.03,-0.099999994
1549566685096,-0.16,0.02,-0.11
1549566685106,-0.11,0.07,-0.099999994
1549566685116,-0.11,0.07,-0.099999994
1549566685126,-0.06,0.089999996,-0.099999994
1549566685136,-0.04,0.11,-0.08
1549566685146,-0.03,0.14,-0.08
1549566685156,-0.04,0.16,-0.08
1549566685166,-0.049999997,0.19999999,-0.07
1549566685176,-0.049999997,0.22999999,-0.08
1549566685186,-0.049999997,0.21,-0.08
1549566685196,-0.04,0.19,-0.08
1549566685206,-0.06,0.19,-0.08
1549566685216,-0.06,0.19,-0.08
1549566685226,-0.07,0.17,-0.08
1549566685236,-0.089999996,0.16,-0.08
1549566685246,-0.089999996,0.14,-0.08
1549566685256,-0.08,0.12,-0.07
1549566685266,-0.089999996,0.099999994,-0.049999997
1549566685276,-0.07,0.08,-0.04
1549566685286,-0.07,0.08,-0.04
1549566685296,-0.07,0.03,-0.03
1549566685306,-0.06,0.0,-0.02
1549566685316,-0.06,-0.01,-0.02
1549566685326,-0.04,-0.03,-0.01
1549566685336,-0.049999997,-0.049999997,-0.01
1549566685346,-0.02,-0.07,-0.01
1549566685357,-0.02,-0.07,0.0
1549566685366,-0.02,-0.07,0.0
1549566685377,-0.02,-0.08,-0.01
1549566685386,-0.02,-0.08,0.0
1549566685396,-0.01,-0.06,0.0
1549566685406,-0.01,-0.06,0.0
1549566685416,0.0,-0.049999997,0.0
1549566685426,0.01,-0.049999997,-0.01
1549566685436,0.03,-0.06,0.0
1549566685446,0.049999997,-0.07,-0.01
1549566685456,0.049999997,-0.07,-0.01
1549566685466,0.04,-0.07,-0.02
1549566685477,0.04,-0.07,-0.02
1549566685486,0.04,-0.07,-0.01
1549566685496,0.06,-0.07,-0.01
1549566685506,0.06,-0.06,0.0
1549566685516,0.07,-0.07,0.0
1549566685526,0.07,-0.08,-0.01
1549566685536,0.07,-0.089999996,0.0
1549566685546,0.08,-0.099999994,-0.01
1549566685556,0.07,-0.099999994,-0.01
1549566685566,0.06,-0.099999994,0.0
1549566685576,0.06,-0.089999996,0.0
1549566685586,0.049999997,-0.089999996,0.0
1549566685596,0.04,-0.089999996,0.0
1549566685607,0.04,-0.099999994,0.0
1549566685616,0.04,-0.099999994,-0.01
1549566685628,0.04,-0.099999994,-0.01
1549566685636,0.04,-0.099999994,-0.02
1549566685646,0.04,-0.089999996,-0.01
1549566685661,0.04,-0.089999996,-0.01
1549566685666,0.03,-0.089999996,-0.01
1549566685700,0.02,-0.07,-0.01
1549566685700,0.02,-0.06,0.0
1549566685700,0.01,-0.06,0.0
1549566685706,0.01,-0.04,-0.01
1549566685716,0.0,-0.03,-0.01
1549566685727,0.0,-0.02,-0.01
1549566685736,0.0,-0.02,-0.01
1549566685746,0.0,-0.01,-0.01
1549566685756,0.01,0.0,-0.01
1549566685766,0.0,0.01,-0.01
1549566685780,-0.01,0.01,-0.01
1549566685786,-0.01,0.01,-0.01
1549566685796,-0.02,0.03,-0.02
1549566685806,-0.02,0.02,-0.02
1549566685816,-0.03,0.03,-0.01
1549566685836,-0.03,0.03,-0.01
1549566685846,-0.03,0.03,-0.01
1549566685856,-0.03,0.04,0.0
1549566685886,-0.04,0.04,0.0
1549566685896,-0.04,0.04,0.0
1549566685906,-0.04,0.03,0.0
1549566685916,-0.04,0.03,0.0
1549566685929,-0.04,0.03,0.0
1549566685936,-0.02,0.02,0.0
1549566685946,-0.02,0.02,0.0
1549566685956,-0.02,0.03,0.0
1549566685966,-0.03,0.04,-0.01
1549566685978,-0.02,0.04,-0.01
1549566685986,-0.03,0.049999997,-0.01
1549566685996,-0.02,0.04,0.0
1549566686006,-0.02,0.03,-0.01
1549566686016,-0.01,0.04,-0.01
1549566686028,-0.02,0.03,-0.01
1549566686036,-0.02,0.03,-0.01
1549566686046,-0.02,0.03,-0.01
1549566686056,-0.01,0.03,-0.02
1549566686066,-0.01,0.02,0.0
1549566686078,-0.01,0.03,-0.01
1549566686086,-0.01,0.02,-0.01
1549566686096,-0.01,0.02,-0.01
1549566686106,-0.01,0.01,-0.01
1549566686116,-0.01,0.01,-0.01
1549566686129,-0.01,0.01,-0.01
1549566686136,-0.01,0.0,-0.01
1549566686146,-0.01,0.01,-0.01
1549566686156,-0.01,0.0,-0.01
1549566686166,-0.01,0.0,-0.01
1549566686176,-0.01,0.0,-0.01
1549566686186,0.0,0.0,-0.01
1549566686197,-0.01,0.0,0.0
1549566686206,0.0,0.0,-0.01
1549566686216,0.0,0.0,-0.01
1549566686226,0.0,-0.01,-0.01
1549566686236,0.0,0.0,-0.01
1549566686246,0.02,-0.02,-0.01
1549566686256,0.01,-0.01,-0.01
1549566686266,0.01,-0.01,-0.02
1549566686276,0.01,-0.01,-0.02
1549566686286,0.02,0.0,-0.01
1549566686296,0.02,0.0,-0.02
1549566686306,0.02,-0.01,-0.02
1549566686316,0.01,-0.02,-0.02
1549566686326,0.01,-0.02,-0.03
1549566686336,0.0,-0.01,-0.02
1549566686347,-0.01,-0.01,-0.02
1549566686356,-0.02,-0.02,-0.03
1549566686367,-0.02,-0.02,-0.03
1549566686376,-0.03,-0.01,-0.03
1549566686386,-0.03,0.0,-0.03
1549566686396,-0.03,-0.01,-0.03
1549566686406,-0.03,-0.01,-0.02
1549566686416,-0.03,0.0,-0.03
1549566686427,-0.03,0.0,-0.03
1549566686436,-0.03,0.0,-0.02
1549566686446,-0.03,0.0,-0.02
1549566686456,-0.02,0.0,-0.03
1549566686466,-0.01,0.0,-0.03
1549566686476,-0.01,0.01,-0.03
1549566686486,-0.01,0.01,-0.03
1549566686496,-0.01,0.03,-0.03
1549566686506,-0.01,0.04,-0.04
1549566686516,0.0,0.04,-0.04
1549566686526,-0.01,0.04,-0.04
1549566686536,-0.01,0.04,-0.04
1549566686546,-0.01,0.049999997,-0.04
1549566686557,-0.02,0.07,-0.049999997
1549566686567,-0.03,0.07,-0.049999997
1549566686576,-0.04,0.049999997,-0.06
1549566686586,-0.04,0.06,-0.049999997
1549566686596,-0.049999997,0.06,-0.049999997
1549566686606,-0.07,0.06,-0.049999997
1549566686616,-0.07,0.049999997,-0.049999997
1549566686626,-0.07,0.049999997,-0.049999997
1549566686636,-0.07,0.049999997,-0.049999997
1549566686646,-0.07,0.049999997,-0.04
1549566686656,-0.07,0.049999997,-0.04
1549566686666,-0.07,0.06,-0.04
1549566686676,-0.07,0.06,-0.049999997
1549566686686,-0.08,0.06,-0.049999997
1549566686696,-0.08,0.06,-0.049999997
1549566686706,-0.089999996,0.07,-0.049999997
1549566686716,-0.07,0.06,-0.049999997
1549566686726,-0.07,0.06,-0.06
1549566686736,-0.06,0.06,-0.049999997
1549566686746,-0.049999997,0.07,-0.049999997
1549566686756,-0.04,0.08,-0.04
1549566686766,-0.03,0.089999996,-0.04
1549566686776,-0.02,0.07,-0.049999997
1549566686786,-0.02,0.07,-0.049999997
1549566686796,-0.02,0.06,-0.06
1549566686806,-0.01,0.07,-0.06
1549566686816,-0.03,0.08,-0.06
1549566686826,-0.04,0.089999996,-0.06
1549566686836,-0.03,0.08,-0.06
1549566686846,-0.03,0.08,-0.06
1549566686856,-0.03,0.08,-0.06
1549566686867,-0.03,0.07,-0.06
1549566686876,-0.03,0.06,-0.06
1549566686886,-0.03,0.08,-0.06
1549566686896,-0.02,0.07,-0.049999997
1549566686906,-0.02,0.049999997,-0.049999997
1549566686916,-0.03,0.04,-0.049999997
1549566686926,-0.02,0.03,-0.049999997
1549566686936,-0.03,0.03,-0.049999997
1549566686946,-0.02,0.02,-0.04
1549566686956,-0.02,0.01,-0.04
1549566686966,-0.01,0.01,-0.04
1549566686976,0.0,0.01,-0.04
1549566686986,0.0,0.04,-0.04
1549566686996,0.0,0.04,-0.04
1549566687006,0.0,0.03,-0.049999997
1549566687016,0.0,0.03,-0.049999997
1549566687026,0.0,0.04,-0.049999997
1549566687036,0.01,0.04,-0.049999997
1549566687046,0.01,0.03,-0.04
1549566687056,0.01,0.049999997,-0.04
1549566687066,0.0,0.06,-0.04
1549566687076,0.01,0.04,-0.04
1549566687086,0.04,0.04,-0.03
1549566687096,0.04,0.049999997,-0.04
1549566687106,0.04,0.049999997,-0.04
1549566687116,0.03,0.049999997,-0.03
1549566687126,0.02,0.04,-0.03
1549566687136,0.02,0.03,-0.04
1549566687146,0.01,0.06,-0.049999997
1549566687156,0.02,0.08,-0.06
1549566687166,0.02,0.089999996,-0.049999997
1549566687176,0.01,0.089999996,-0.04
1549566687186,0.01,0.089999996,-0.04
1549566687196,0.0,0.08,-0.049999997
1549566687206,0.0,0.08,-0.04
1549566687216,-0.01,0.089999996,-0.04
1549566687226,0.0,0.049999997,-0.03
1549566687236,0.0,0.04,-0.02
1549566687246,0.01,0.02,-0.02
1549566687256,0.01,0.02,-0.01
1549566687266,0.01,0.02,-0.01
1549566687276,0.01,0.01,-0.02
1549566687286,0.0,0.01,-0.02
1549566687296,0.0,0.0,-0.02
1549566687306,0.0,0.0,-0.03
1549566687316,0.0,0.0,-0.03
1549566687326,0.02,0.0,-0.02
1549566687336,0.02,0.0,-0.02
1549566687346,0.02,0.0,-0.02
1549566687356,0.01,0.0,-0.01
1549566687366,0.0,0.0,-0.01
1549566687376,0.0,-0.01,0.0
1549566687386,0.01,-0.02,0.0
1549566687396,0.01,-0.02,0.0
1549566687406,0.01,-0.03,0.0
1549566687416,0.01,-0.02,0.0
1549566687426,0.01,-0.02,0.0
1549566687436,0.01,-0.03,0.0
1549566687446,0.01,-0.03,0.0
1549566687456,0.02,-0.04,0.0
1549566687466,0.04,-0.049999997,0.01
1549566687476,0.04,-0.06,0.0
1549566687486,0.03,-0.08,0.01
1549566687496,0.04,-0.08,0.01
1549566687506,0.04,-0.08,0.01
1549566687516,0.049999997,-0.08,0.01
1549566687526,0.049999997,-0.08,0.01
1549566687536,0.049999997,-0.08,0.01
1549566687546,0.04,-0.07,0.01
1549566687556,0.03,-0.07,0.02
1549566687566,0.02,-0.049999997,0.01
1549566687576,0.01,-0.049999997,0.01
1549566687586,0.01,-0.049999997,0.01
1549566687596,0.01,-0.03,0.01
1549566687606,0.01,-0.02,0.01
1549566687616,0.0,-0.02,0.0
1549566687626,0.0,-0.02,0.0
1549566687636,0.0,-0.02,0.0
1549566687646,-0.01,-0.01,0.0
1549566687661,0.0,-0.02,0.0
1549566687667,0.0,-0.02,0.0
1549566687699,0.0,-0.02,0.0
1549566687700,0.0,-0.02,0.0
1549566687700,-0.01,-0.02,0.0
1549566687709,-0.02,-0.02,0.0
1549566687716,-0.03,-0.02,0.0
1549566687726,-0.03,0.0,0.0
1549566687736,-0.02,0.0,0.0
1549566687746,-0.01,0.0,0.0
1549566687756,-0.02,0.0,0.0
1549566687766,-0.02,0.0,0.0
1549566687776,-0.03,0.0,-0.01
1549566687786,-0.04,0.0,-0.01
1549566687796,-0.04,-0.01,0.0
1549566687806,-0.04,-0.01,0.0
1549566687816,-0.03,-0.01,0.0
1549566687826,-0.02,-0.02,0.0
1549566687836,-0.01,-0.02,0.0
1549566687846,-0.01,-0.01,0.0
1549566687856,0.0,-0.01,0.0
1549566687866,0.0,0.0,0.0
1549566687877,0.0,0.0,0.0
1549566687886,-0.01,-0.01,0.0
1549566687896,0.0,-0.01,0.0
1549566687906,0.0,-0.01,0.0
1549566687916,0.0,-0.01,0.0
1549566687926,0.0,-0.01,0.0
1549566687936,0.0,-0.01,0.0
1549566687946,0.0,-0.01,0.0
1549566687956,0.01,0.0,0.0
1549566687966,0.01,0.0,0.0
1549566687977,0.01,0.0,0.0
1549566687986,0.01,-0.01,0.0
1549566687996,0.01,-0.01,0.0
1549566688006,0.01,-0.01,0.0
1549566688016,0.01,-0.01,0.0
1549566688027,0.01,-0.02,0.0
1549566688036,0.01,-0.01,0.0
1549566688046,0.01,-0.01,0.0
1549566688056,0.0,-0.02,0.0
1549566688066,0.01,-0.02,0.0
1549566688077,0.01,-0.02,0.0
1549566688086,0.01,-0.02,0.0
1549566688096,0.01,-0.02,0.0
1549566688106,0.0,-0.02,0.0
1549566688116,0.01,-0.01,0.0
1549566688128,0.01,-0.01,0.0
1549566688136,0.02,-0.02,0.0
1549566688146,0.01,-0.02,0.0
1549566688156,0.0,-0.04,0.0
1549566688166,0.0,-0.03,0.0
1549566688176,0.01,-0.01,0.0
1549566688186,0.01,-0.01,0.0
1549566688198,0.0,-0.01,0.0
1549566688206,0.0,0.0,0.0
1549566688216,0.01,-0.01,-0.01
1549566688226,0.01,-0.01,0.0
1549566688236,0.0,0.0,0.0
1549566688246,0.0,0.0,0.0
1549566688256,0.0,0.0,0.0
1549566688266,0.0,0.0,0.0
1549566688276,0.0,0.0,0.0
1549566688286,0.0,0.0,0.0
1549566688296,0.0,-0.01,0.0
1549566688306,-0.01,-0.01,0.0
1549566688316,-0.01,-0.01,0.0
1549566688326,-0.01,-0.01,0.0
1549566688336,-0.01,-0.01,0.0
1549566688346,-0.01,0.0,0.0
1549566688356,0.0,0.0,0.0
1549566688367,0.0,0.0,0.0
1549566688376,0.0,0.0,0.0
1549566688386,0.0,0.0,0.0
1549566688396,0.0,0.0,0.0
1549566688406,0.0,0.0,0.0
1549566688416,0.0,0.0,0.0
1549566688426,0.0,0.0,0.0
1549566688436,0.0,0.0,0.0
1549566688446,0.0,0.0,0.0
1549566688456,0.01,0.0,0.0
1549566688466,0.01,0.0,0.0
1549566688476,0.0,0.0,0.0
1549566688486,0.0,0.0,0.0
1549566688496,0.0,0.0,0.0
1549566688506,0.0,0.0,0.0
1549566688516,0.0,0.0,0.0
1549566688526,0.0,-0.03,-0.01
1549566688536,0.0,-0.02,-0.01
1549566688548,0.0,-0.01,-0.01
1549566688556,0.0,-0.01,0.0
1549566688566,0.0,-0.01,0.0
1549566688576,-0.01,-0.01,-0.01
1549566688586,-0.02,-0.01,0.0
1549566688596,-0.01,-0.02,-0.01
1549566688606,-0.01,-0.03,0.0
1549566688616,0.0,-0.04,0.0
1549566688626,0.0,-0.04,0.0
1549566688636,0.01,-0.03,0.0
1549566688646,0.01,-0.03,0.0
1549566688656,0.02,-0.03,0.0
1549566688666,0.01,0.0,0.0
1549566688676,0.0,0.0,0.0
1549566688686,0.02,0.0,0.0
1549566688696,0.01,0.0,0.0
1549566688706,0.01,0.0,0.0
1549566688716,0.01,0.0,0.0
1549566688726,0.01,0.0,0.0
1549566688736,0.01,0.0,-0.01
1549566688746,0.01,0.0,-0.01
1549566688756,0.0,0.0,0.0
1549566688766,0.01,0.0,0.0
1549566688776,0.0,-0.01,-0.01
1549566688786,0.0,0.0,0.0
1549566688796,0.0,-0.01,0.0
1549566688806,0.0,-0.01,0.0
1549566688816,0.0,-0.02,0.0
1549566688826,-0.01,-0.02,0.0
1549566688836,-0.02,-0.03,0.0
1549566688846,-0.01,-0.02,0.0
1549566688857,0.0,-0.02,0.0
1549566688866,0.0,-0.02,0.0
1549566688876,0.0,-0.02,0.0
1549566688886,0.0,-0.02,0.0
1549566688896,0.01,-0.01,0.0
1549566688906,0.02,-0.01,0.0
1549566688916,0.02,-0.01,0.0
1549566688926,0.02,-0.01,0.0
1549566688936,0.02,0.0,0.0
1549566688951,0.03,0.0,0.0
1549566688958,0.04,0.0,0.0
1549566688985,0.04,0.0,0.0
1549566688986,0.02,-0.01,0.0
1549566688987,0.01,-0.01,-0.01
1549566688996,0.0,0.0,0.0
1549566689006,0.0,0.0,0.0
1549566689018,0.0,-0.01,-0.01
1549566689030,0.0,0.0,0.0
1549566689036,-0.01,-0.01,0.0
1549566689046,-0.01,-0.01,0.0
1549566689056,0.0,-0.02,0.0
1549566689066,-0.01,-0.01,0.0
1549566689077,-0.02,-0.02,0.0
1549566689087,-0.03,-0.03,-0.01
1549566689096,-0.02,-0.03,0.0
1549566689106,-0.02,-0.03,0.0
1549566689116,-0.01,-0.03,0.0
1549566689126,0.0,-0.01,0.0
1549566689136,0.0,-0.01,0.0
1549566689146,0.01,-0.01,0.0
1549566689156,0.02,-0.01,0.0
1549566689166,0.02,0.0,0.0
1549566689176,0.01,0.0,0.0
1549566689186,0.01,0.0,0.0
1549566689196,0.0,0.0,-0.01
1549566689207,0.0,0.01,-0.01
1549566689227,0.0,0.0,-0.01
1549566689236,0.01,0.0,-0.01
1549566689246,0.02,0.0,-0.01
1549566689256,0.0,0.0,-0.01
1549566689266,0.0,-0.01,-0.01
1549566689277,0.0,-0.01,0.0
1549566689287,0.0,-0.02,0.0
1549566689317,0.0,-0.01,-0.01
1549566689327,-0.01,-0.01,-0.01
1549566689337,-0.01,-0.01,-0.01
1549566689346,-0.01,-0.01,-0.01
1549566689359,-0.02,-0.01,0.0
1549566689366,-0.02,-0.01,0.0
1549566689376,-0.01,-0.01,0.0
1549566689389,0.0,0.0,-0.01
1549566689396,0.01,0.0,-0.01
1549566689406,0.0,0.01,-0.01
1549566689416,0.0,0.0,-0.01
1549566689426,0.0,0.0,-0.01
1549566689437,0.0,0.01,-0.01
1549566689446,0.0,0.0,0.0
1549566689456,0.0,0.0,0.0
1549566689466,0.0,0.0,0.0
1549566689476,0.0,0.0,-0.01
1549566689486,0.0,0.0,-0.01
1549566689496,0.0,0.0,-0.01
1549566689506,0.01,0.0,-0.01
1549566689516,0.0,0.0,0.0
1549566689528,0.0,0.0,-0.01
1549566689536,0.0,0.0,-0.01
1549566689547,-0.01,-0.01,0.0
1549566689557,-0.01,-0.02,-0.01
1549566689567,-0.01,-0.01,-0.01
1549566689576,-0.01,-0.01,-0.01
1549566689586,-0.01,-0.01,-0.01
1549566689596,-0.01,0.0,-0.01
1549566689606,-0.02,0.0,-0.01
1549566689616,-0.02,0.0,-0.01
1549566689626,-0.02,0.0,-0.01
1549566689636,0.0,0.0,-0.01
1549566689646,-0.01,0.0,-0.01
1549566689663,-0.01,0.0,-0.01
1549566689666,-0.01,0.01,-0.01
1549566689676,-0.01,0.01,-0.01
1549566689686,-0.01,0.01,-0.01
1549566689696,-0.01,0.01,-0.01
1549566689707,0.0,0.01,-0.01
1549566689716,-0.01,0.02,-0.01
1549566689726,0.0,0.01,-0.01
1549566689737,0.0,0.01,-0.01
1549566689746,0.0,0.0,-0.01
1549566689757,0.0,0.0,-0.01
1549566689766,0.0,0.0,0.0
1549566689777,0.01,0.0,-0.01
1549566689786,0.01,0.0,-0.01
1549566689797,0.0,0.0,0.0
1549566689807,0.0,0.0,0.0
1549566689816,0.0,0.0,-0.01
1549566689826,0.0,0.0,-0.01
1549566689837,-0.01,-0.01,-0.01
1549566689847,0.0,-0.02,-0.01
1549566689857,0.0,-0.01,-0.01
1549566689870,-0.01,0.0,-0.01
1549566689876,0.0,0.0,-0.01
1549566689886,0.0,0.0,-0.02
1549566689896,0.0,0.0,-0.02
1549566689907,0.0,0.0,-0.01
1549566689916,0.0,-0.01,-0.01
1549566689927,0.0,-0.01,-0.01
1549566689936,0.0,-0.01,-0.01
1549566689946,0.0,0.0,0.0
1549566689957,0.0,0.0,0.0
1549566689966,0.0,0.01,0.0
1549566689977,0.0,0.01,0.0
1549566689986,0.0,0.01,-0.01
1549566689996,0.0,0.01,-0.01
1549566690006,-0.01,0.02,-0.01
1549566690016,-0.01,0.01,-0.02
1549566690026,-0.01,0.01,-0.02
1549566690037,0.0,0.02,-0.02
1549566690046,-0.01,0.02,-0.01
1549566690056,-0.01,0.02,-0.01
1549566690066,0.0,0.03,-0.01
1549566690078,-0.01,0.01,-0.01
1549566690086,-0.02,0.0,-0.01
1549566690096,-0.01,0.0,-0.01
1549566690106,-0.01,0.0,-0.01
1549566690116,-0.01,0.0,-0.01
1549566690127,0.0,0.0,-0.01
1549566690136,0.0,0.0,-0.01
1549566690146,0.0,-0.01,-0.01
1549566690156,-0.01,0.0,-0.01
1549566690168,-0.01,-0.01,-0.01
1549566690177,0.0,-0.01,-0.01
1549566690186,-0.01,-0.01,-0.01
1549566690197,-0.01,-0.01,-0.01
1549566690206,0.0,-0.01,-0.01
1549566690216,0.0,0.0,-0.01
1549566690226,0.0,0.0,-0.01
1549566690236,0.0,-0.01,-0.01
1549566690246,0.0,0.0,0.0
1549566690256,0.0,0.0,-0.01
1549566690266,0.0,0.0,-0.01
1549566690276,0.0,0.0,0.0
1549566690286,0.0,0.0,0.0
1549566690296,0.0,0.0,0.0
1549566690306,0.0,0.01,0.0
1549566690316,0.0,0.0,0.0
1549566690326,0.0,0.01,-0.01
1549566690336,0.0,0.02,-0.01
1549566690346,-0.01,0.02,0.0
1549566690356,-0.01,0.02,0.0
1549566690366,-0.01,0.01,0.0
1549566690376,-0.02,0.01,-0.01
1549566690386,-0.02,0.0,-0.01
1549566690397,-0.02,0.0,-0.01
1549566690406,-0.02,0.0,-0.01
1549566690416,-0.01,0.0,0.0
1549566690429,-0.01,0.0,0.0
1549566690436,-0.01,0.0,0.0
1549566690446,-0.01,0.0,-0.01
1549566690456,0.0,0.0,0.0
1549566690466,-0.01,0.0,-0.01
1549566690478,0.0,0.0,-0.01
1549566690486,-0.01,0.0,-0.01
1549566690496,-0.01,0.0,0.0
1549566690506,0.0,0.0,-0.01
1549566690516,0.0,0.0,-0.01
1549566690526,0.0,0.0,-0.01
1549566690536,0.0,0.01,0.0
1549566690546,0.0,0.0,-0.01
1549566690556,0.01,0.0,-0.01
1549566690566,0.01,0.0,0.0
1549566690576,0.0,0.01,-0.01
1549566690586,0.0,0.01,-0.01
1549566690596,0.01,0.0,0.0
1549566690606,0.0,0.0,0.0
1549566690616,0.01,0.0,0.0
1549566690626,0.01,0.0,0.0
1549566690636,0.01,0.0,0.0
1549566690646,0.01,0.0,0.0
1549566690656,0.0,0.0,0.0
1549566690666,0.0,0.0,0.0
1549566690676,0.0,0.0,0.0
1549566690686,0.0,-0.01,-0.01
1549566690696,-0.01,-0.02,0.0
1549566690706,-0.01,-0.02,0.0
1549566690716,0.0,-0.01,0.0
1549566690726,0.0,-0.02,0.0
1549566690736,0.0,-0.03,0.0
1549566690746,-0.01,-0.03,0.0
1549566690756,-0.01,-0.03,0.0
1549566690766,-0.02,-0.04,0.0
1549566690776,-0.01,-0.01,0.0
1549566690786,0.0,-0.01,0.0
1549566690796,0.01,-0.01,0.0
1549566690806,0.0,-0.01,0.0
1549566690816,0.0,-0.01,0.0
1549566690826,0.01,0.0,0.0
1549566690836,0.01,0.0,0.0
1549566690846,0.01,0.0,0.0
1549566690856,0.01,0.0,0.0
1549566690870,0.01,0.02,0.0
1549566690876,0.01,0.02,0.0
1549566690886,0.01,0.02,0.0
1549566690969,0.01,0.02,-0.01
1549566690969,0.0,0.01,0.0
1549566690969,0.0,0.0,0.0
1549566690969,0.0,0.0,0.0
1549566690969,0.0,0.0,0.0
1549566690971,0.0,-0.01,0.0
1549566690971,0.0,-0.01,0.0
1549566690971,0.0,-0.01,0.0
1549566690985,-0.01,-0.03,0.0
1549566690986,0.0,-0.03,0.0
1549566690996,0.0,-0.03,0.0
1549566691006,-0.01,-0.03,0.0
1549566691016,0.0,-0.03,0.0
1549566691026,-0.01,-0.04,0.0
1549566691036,-0.01,-0.04,0.0
1549566691046,-0.01,-0.02,0.0
1549566691056,0.0,-0.01,0.0
1549566691066,0.0,0.0,-0.01
1549566691076,0.0,0.0,0.0
1549566691086,0.0,0.0,0.0
1549566691096,0.0,0.0,-0.01
1549566691106,0.0,0.0,0.0
1549566691116,0.01,0.01,0.0
1549566691126,0.0,0.0,0.0
1549566691136,0.01,0.01,0.0
1549566691146,0.01,0.01,0.0
1549566691156,0.01,0.01,0.0
1549566691166,0.0,0.01,-0.01
1549566691176,0.0,0.0,0.0
1549566691186,-0.01,0.0,-0.01
1549566691196,0.0,0.0,-0.01
1549566691206,0.0,-0.01,0.0
1549566691216,0.0,-0.01,0.0
1549566691231,-0.01,-0.01,0.0
1549566691236,-0.01,-0.01,0.0
1549566691246,-0.01,-0.01,0.0
1549566691256,-0.02,-0.01,0.0
1549566691266,-0.02,-0.01,0.0
1549566691277,-0.02,-0.02,0.0
1549566691286,-0.01,-0.01,0.0
1549566691296,-0.01,-0.01,0.0
1549566691306,-0.02,0.0,0.0
1549566691316,-0.02,0.0,0.0
1549566691327,-0.01,0.0,0.0
1549566691337,-0.01,0.0,0.0
1549566691347,-0.01,0.02,0.0
1549566691357,0.0,0.01,0.0
1549566691367,0.0,0.01,0.0
1549566691377,0.0,0.02,0.0
1549566691387,0.0,0.01,0.0
1549566691397,0.0,0.01,-0.01
1549566691407,0.0,0.01,-0.01
1549566691417,0.01,0.01,0.0
1549566691427,0.0,0.01,-0.01
1549566691437,0.0,0.0,0.0
1549566691447,0.01,0.0,0.0
1549566691457,0.0,-0.01,0.0
1549566691467,-0.01,0.0,0.0
1549566691477,-0.01,0.0,0.0
1549566691487,-0.01,-0.01,0.0
1549566691497,-0.01,-0.01,0.0
1549566691507,-0.02,-0.01,0.0
1549566691517,-0.02,-0.01,0.0
1549566691527,-0.02,-0.01,0.0
1549566691537,-0.02,0.0,0.0
1549566691547,-0.02,-0.01,0.0
1549566691556,-0.02,-0.01,0.0
1549566691568,0.0,0.0,0.0
1549566691576,0.0,0.0,0.0
1549566691586,0.0,0.0,0.0
1549566691597,0.0,0.0,0.0
1549566691606,0.0,0.0,0.0
1549566691616,0.01,0.0,0.0
1549566691626,0.01,0.0,-0.01
1549566691636,0.01,0.0,-0.01
1549566691660,0.01,0.0,-0.01
1549566691660,0.01,0.0,0.0
1549566691667,0.01,0.0,0.0
1549566691677,0.01,0.0,0.0
1549566691687,0.0,-0.01,0.0
1549566691697,0.0,-0.01,0.0
1549566691707,0.0,-0.01,-0.01
1549566691716,0.0,-0.01,0.0
1549566691727,0.0,-0.01,0.0
1549566691736,-0.01,-0.01,0.0
1549566691746,0.0,-0.02,0.0
1549566691756,0.0,-0.02,0.0
1549566691766,0.0,-0.01,-0.01
1549566691776,-0.01,-0.01,-0.01
1549566691786,-0.02,0.0,-0.01
1549566691796,-0.01,0.0,-0.01
1549566691806,-0.01,0.0,-0.01
1549566691816,-0.01,0.0,-0.01
1549566691827,0.0,0.01,-0.01
1549566691837,0.0,0.01,-0.01
1549566691847,-0.01,0.0,0.0
1549566691857,0.0,0.01,0.0
1549566691866,0.0,0.01,0.0
1549566691877,0.0,0.01,0.0
1549566691886,-0.01,0.01,-0.01
1549566691896,-0.01,0.01,-0.01
1549566691906,0.0,0.01,-0.01
1549566691916,0.0,0.01,-0.01
1549566691926,0.0,0.01,-0.01
1549566691936,0.0,0.01,-0.01
1549566691946,-0.01,0.0,-0.01
1549566691956,-0.01,0.0,-0.01
1549566691966,0.0,0.0,-0.01
1549566691976,0.0,0.0,-0.01
1549566691986,0.0,0.0,-0.01
1549566691996,0.0,0.0,-0.01
1549566692006,0.0,0.0,-0.01
1549566692016,-0.01,0.0,-0.01
1549566692026,-0.01,0.0,-0.01
1549566692036,-0.02,0.0,-0.01
1549566692046,-0.02,0.0,-0.01
1549566692056,-0.01,0.0,-0.01
1549566692066,0.0,0.0,0.0
1549566692076,-0.01,0.0,0.0
1549566692086,-0.01,0.0,-0.01
1549566692096,0.0,0.0,-0.01
1549566692106,0.0,0.0,-0.01
1549566692116,0.01,0.0,-0.01
1549566692126,0.01,0.0,-0.01
1549566692136,0.0,-0.01,0.0
1549566692146,0.02,0.0,-0.01
1549566692156,0.01,0.0,-0.01
1549566692166,0.01,0.0,-0.01
1549566692176,0.0,-0.01,-0.01
1549566692186,0.0,-0.01,-0.01
1549566692196,0.0,-0.01,-0.02
1549566692206,0.0,-0.01,-0.01
1549566692216,0.0,-0.01,-0.01
1549566692226,-0.01,0.0,-0.01
1549566692236,-0.01,0.0,-0.01
1549566692246,-0.01,0.0,-0.01
1549566692256,-0.01,0.0,-0.01
1549566692266,-0.02,0.0,-0.01
1549566692276,-0.01,0.0,-0.01
1549566692286,-0.01,0.0,-0.01
1549566692296,-0.02,0.01,-0.01
1549566692306,-0.03,0.01,-0.01
1549566692316,-0.02,0.01,-0.01
1549566692326,-0.02,0.01,-0.02
1549566692336,-0.02,0.02,-0.01
1549566692346,-0.02,0.02,-0.01
1549566692356,-0.01,0.01,-0.01
1549566692366,-0.01,0.01,-0.01
1549566692377,0.0,0.01,-0.01
1549566692389,0.0,0.0,-0.01
1549566692396,0.0,0.01,-0.01
1549566692412,0.0,0.0,-0.01
1549566692416,0.0,0.0,-0.01
1549566692427,0.0,0.0,-0.01
1549566692436,0.01,0.0,0.0
1549566692446,0.01,-0.01,-0.01
1549566692456,0.01,-0.01,-0.01
1549566692466,0.01,-0.01,-0.01
1549566692476,0.0,-0.01,-0.01
1549566692486,0.0,-0.02,-0.01
1549566692496,0.0,-0.01,-0.01
1549566692506,-0.01,-0.01,-0.01
1549566692516,-0.01,0.0,0.0
1549566692526,-0.01,0.0,-0.01
1549566692536,-0.01,0.0,-0.01
1549566692546,-0.01,0.0,-0.01
1549566692556,-0.02,0.0,-0.01
1549566692566,-0.01,0.01,-0.01
1549566692577,-0.02,0.0,0.0
1549566692586,-0.02,0.01,-0.01
1549566692596,-0.01,0.01,0.0
1549566692606,-0.01,0.01,0.0
1549566692616,0.0,0.01,0.0
1549566692626,0.0,0.01,0.0
1549566692636,0.0,0.01,0.0
1549566692646,0.0,0.01,0.0
1549566692656,0.0,0.02,-0.01
1549566692666,0.0,0.02,-0.01
1549566692679,0.01,0.0,0.0
1549566692686,0.0,0.0,0.0
1549566692696,0.0,0.0,0.0
1549566692706,0.0,0.0,0.0
1549566692716,0.01,-0.02,-0.01
1549566692726,0.0,-0.01,0.0
1549566692736,0.0,-0.02,-0.01
1549566692746,0.0,-0.03,-0.01
1549566692756,0.0,-0.02,-0.01
1549566692766,0.01,-0.02,0.0
1549566692776,0.0,-0.02,-0.01
1549566692786,0.0,-0.02,-0.01
1549566692796,0.0,-0.02,-0.01
1549566692806,0.0,-0.01,-0.01
1549566692816,-0.01,-0.02,-0.01
1549566692826,-0.01,0.0,-0.01
1549566692836,-0.01,0.0,0.0
1549566692846,-0.02,0.0,-0.01
1549566692856,-0.02,0.0,-0.01
1549566692871,-0.02,0.0,-0.01
1549566692876,-0.01,0.0,-0.01
1549566692886,-0.02,0.01,-0.01
1549566692896,-0.01,0.01,0.0
1549566692906,-0.02,0.01,-0.01
1549566692916,0.0,0.01,0.0
1549566692926,0.0,0.02,-0.01
1549566692936,0.0,0.02,-0.01
1549566692946,0.0,0.01,0.0
1549566692956,0.0,0.01,0.0
1549566692966,0.0,0.0,0.0
1549566692976,0.0,0.01,-0.01
1549566692986,0.0,0.01,-0.01
1549566692996,0.0,0.0,-0.01
1549566693006,0.0,0.0,-0.01
1549566693016,-0.01,0.0,-0.01
1549566693026,-0.01,0.0,-0.01
1549566693036,-0.01,0.0,-0.01
1549566693046,-0.01,0.0,-0.01
1549566693056,-0.02,0.0,-0.02
1549566693066,-0.02,0.0,-0.02
1549566693076,-0.03,0.0,-0.01
1549566693086,-0.04,0.0,-0.02
1549566693096,-0.04,0.0,-0.02
1549566693106,-0.04,0.01,-0.01
1549566693116,-0.049999997,0.01,-0.02
1549566693126,-0.049999997,0.01,-0.02
1549566693136,-0.049999997,0.02,-0.02
1549566693146,-0.04,0.02,-0.02
1549566693156,-0.04,0.03,-0.02
1549566693166,-0.04,0.03,-0.01
1549566693176,-0.03,0.03,-0.01
1549566693186,-0.03,0.03,-0.01
1549566693196,-0.03,0.03,0.0
1549566693207,-0.02,0.03,-0.01
1549566693216,-0.02,0.03,-0.01
1549566693226,-0.02,0.03,0.0
1549566693236,-0.01,0.03,0.0
1549566693246,0.0,0.03,0.0
1549566693256,0.0,0.03,0.0
1549566693266,0.0,0.03,0.0
1549566693276,0.0,0.03,0.0
1549566693286,0.0,0.01,0.0
1549566693296,0.01,0.0,0.0
1549566693306,0.01,0.0,0.0
1549566693316,0.03,-0.01,0.01
1549566693326,0.04,-0.02,0.02
1549566693336,0.02,-0.03,0.01
1549566693346,0.03,-0.04,0.01
1549566693359,0.02,-0.03,0.01
1549566693366,0.02,-0.04,0.0
1549566693376,0.02,-0.03,0.0
1549566693386,0.01,-0.02,0.0
1549566693396,0.01,-0.02,0.0
1549566693406,0.01,-0.01,0.0
1549566693416,0.01,-0.02,0.0
1549566693426,0.01,-0.02,0.0
1549566693437,0.01,-0.01,0.0
1549566693446,0.01,-0.01,0.0
1549566693456,0.02,-0.01,0.0
1549566693466,0.01,-0.01,0.0
1549566693477,0.01,-0.01,0.0
1549566693486,0.02,-0.01,0.0
1549566693496,0.02,-0.01,0.0
1549566693506,0.02,0.0,0.0
1549566693516,0.02,0.0,0.0
1549566693526,0.02,0.0,0.0
1549566693536,0.01,0.0,0.0
1549566693546,0.0,0.0,-0.01
1549566693556,0.0,0.0,-0.01
1549566693566,0.0,0.0,-0.01
1549566693576,-0.01,0.0,-0.01
1549566693586,-0.01,0.0,-0.01
1549566693596,-0.01,0.0,-0.01
1549566693606,-0.01,0.0,-0.01
1549566693616,-0.02,-0.01,-0.01
1549566693626,-0.02,0.0,-0.01
1549566693636,-0.03,0.0,-0.01
1549566693646,-0.04,0.0,-0.01
1549566693656,-0.04,0.0,-0.01
1549566693666,-0.04,0.01,-0.01
1549566693676,-0.04,0.01,-0.01
1549566693686,-0.04,0.02,-0.01
1549566693696,-0.04,0.02,-0.01
1549566693706,-0.04,0.02,-0.01
1549566693716,-0.03,0.02,0.0
1549566693726,-0.02,0.03,0.0
1549566693736,-0.01,0.03,0.0
1549566693746,0.0,0.04,0.0
1549566693756,0.0,0.03,0.0
1549566693766,0.0,0.03,0.0
1549566693777,0.0,0.04,-0.01
1549566693786,0.0,0.03,-0.01
1549566693796,0.0,0.02,-0.01
1549566693806,0.0,0.02,0.0
1549566693816,0.0,0.01,-0.01
1549566693826,0.0,0.01,-0.01
1549566693836,0.0,0.0,0.0
1549566693846,0.0,0.0,-0.01
1549566693856,0.0,0.0,-0.01
1549566693866,0.0,-0.01,-0.01
1549566693878,-0.02,-0.01,-0.01
1549566693886,-0.01,-0.01,-0.01
1549566693896,-0.03,-0.01,-0.01
1549566693906,-0.02,0.0,-0.01
1549566693916,-0.02,0.0,0.0
1549566693926,-0.03,-0.01,-0.01
1549566693936,-0.03,-0.01,-0.01
1549566693946,-0.02,-0.01,-0.01
1549566693959,-0.02,0.0,0.0
1549566693967,-0.01,0.0,-0.01
1549566693976,0.0,0.0,0.0
1549566693986,-0.01,0.0,-0.01
1549566693996,0.0,0.01,-0.01
1549566694006,0.0,0.01,-0.01
1549566694016,0.0,0.01,0.0
1549566694026,0.0,0.01,0.0
1549566694036,0.01,0.01,-0.01
1549566694046,0.01,0.0,0.0
1549566694056,0.01,0.0,-0.01
1549566694066,0.0,0.0,-0.02
1549566694076,0.0,0.0,-0.01
1549566694086,0.0,0.0,0.0
1549566694096,0.0,0.0,0.0
1549566694106,0.0,0.0,0.0
1549566694116,0.0,-0.01,0.0
1549566694126,0.0,-0.01,0.0
1549566694136,0.0,0.0,0.0
1549566694146,-0.02,-0.01,0.0
1549566694156,-0.02,-0.01,0.0
1549566694166,-0.02,-0.01,0.0
1549566694176,-0.01,0.0,0.0
1549566694186,-0.01,0.0,0.0
1549566694196,0.0,0.0,-0.01
1549566694206,-0.01,0.0,-0.01
1549566694216,-0.01,0.02,0.0
1549566694227,-0.01,0.01,-0.01
1549566694236,0.0,0.02,0.0
1549566694246,0.0,0.01,0.0
1549566694256,0.0,0.01,0.0
1549566694266,0.0,0.02,0.0
1549566694276,0.0,0.01,-0.01
1549566694286,-0.01,0.01,0.0
1549566694296,0.01,0.01,0.0
1549566694306,0.0,0.0,-0.01
1549566694316,0.0,0.0,-0.01
1549566694326,0.0,-0.01,-0.01
1549566694336,0.0,-0.01,-0.01
1549566694347,0.0,-0.01,0.0
1549566694356,0.0,-0.02,0.0
1549566694367,0.0,-0.02,0.0
1549566694376,0.0,-0.01,0.0
1549566694386,0.0,-0.01,-0.01
1549566694397,0.0,-0.01,-0.01
1549566694406,-0.02,0.0,-0.01
1549566694416,-0.03,0.0,-0.01
1549566694426,-0.02,-0.01,-0.01
1549566694436,-0.03,0.0,-0.01
1549566694446,-0.02,-0.01,-0.01
1549566694456,-0.01,-0.01,0.0
1549566694466,-0.01,0.0,-0.01
1549566694476,-0.02,0.0,-0.01
1549566694486,-0.01,0.0,0.0
1549566694496,0.0,0.0,0.0
1549566694506,0.0,0.0,0.0
1549566694516,0.01,0.0,0.0
1549566694526,0.01,0.0,0.0
1549566694536,0.01,0.0,0.0
1549566694546,0.0,0.0,-0.01
1549566694556,0.0,0.0,-0.01
1549566694566,0.0,0.01,-0.01
1549566694576,0.0,0.01,-0.01
1549566694586,-0.01,0.0,-0.01
1549566694596,-0.01,0.0,-0.01
1549566694606,0.0,-0.01,0.0
1549566694616,0.0,0.0,0.0
1549566694626,0.0,0.0,0.0
1549566694636,0.0,0.0,0.0
1549566694646,-0.01,-0.01,-0.01
1549566694656,-0.01,0.0,-0.01
1549566694666,-0.01,-0.01,0.0
1549566694676,-0.01,0.0,-0.01
1549566694686,0.0,0.0,-0.01
1549566694696,0.0,0.0,-0.01
1549566694706,0.0,0.0,-0.01
1549566694716,0.0,0.0,-0.01
1549566694726,0.0,0.0,-0.01
1549566694736,0.0,0.0,0.0
1549566694746,0.0,-0.01,0.0
1549566694756,0.0,-0.01,0.0
1549566694766,0.0,-0.01,0.0
1549566694776,0.0,0.0,0.0
1549566694786,0.01,0.0,0.0
1549566694796,0.01,0.0,0.0
1549566694806,0.0,0.0,0.0
1549566694816,0.01,0.0,0.0
1549566694827,0.0,0.0,-0.01
1549566694836,-0.01,0.0,-0.01
1549566694846,-0.01,0.0,-0.01
1549566694856,-0.01,0.0,-0.01
1549566694869,-0.01,0.0,0.0
1549566694876,0.0,-0.01,-0.01
1549566694886,0.0,0.0,-0.02
1549566694896,0.0,0.0,-0.01
1549566694906,0.0,0.0,-0.01
1549566694916,0.0,0.0,-0.01
1549566694926,0.0,0.0,-0.01
1549566694936,-0.01,0.0,-0.01
1549566694946,-0.01,0.0,-0.01
1549566694956,-0.01,-0.01,-0.02
1549566694966,-0.01,-0.01,-0.01
1549566694976,-0.01,0.0,-0.01
1549566694986,0.0,0.0,-0.01
1549566694996,-0.01,0.0,-0.01
1549566695006,-0.01,0.0,-0.01
1549566695016,-0.01,0.0,-0.01
1549566695026,-0.01,0.0,-0.01
1549566695036,0.0,0.0,0.0
1549566695046,-0.01,0.0,-0.01
1549566695056,-0.01,0.0,0.0
1549566695066,-0.01,0.0,-0.01
1549566695076,0.0,0.0,0.0
1549566695086,0.0,0.0,0.0
1549566695096,0.0,0.0,-0.01
1549566695106,0.0,0.01,-0.01
1549566695116,0.0,0.01,-0.01
1549566695126,0.0,0.0,0.0
1549566695136,0.0,0.0,0.0
1549566695146,0.0,0.0,0.0
1549566695156,0.0,0.0,-0.01
1549566695166,0.0,0.0,-0.01
1549566695176,0.0,0.0,-0.01
1549566695186,0.0,0.0,-0.01
1549566695196,0.0,0.0,0.0
1549566695206,0.0,0.0,0.0
1549566695216,0.0,0.0,-0.01
1549566695226,0.0,0.0,-0.01
1549566695236,-0.01,0.0,-0.01
1549566695246,0.0,0.0,-0.01
1549566695256,0.0,0.0,0.0
1549566695266,0.0,0.0,0.0
1549566695276,0.0,0.0,0.0
1549566695286,0.0,0.0,0.0
1549566695296,0.0,0.0,0.0
1549566695306,0.0,-0.01,0.0
1549566695316,0.0,-0.01,0.0
1549566695326,0.0,-0.01,0.0
1549566695336,0.0,0.0,0.0
1549566695346,0.0,0.0,0.0
1549566695357,0.0,0.0,0.0
1549566695366,0.0,-0.01,0.0
1549566695376,0.0,0.0,0.0
1549566695386,0.0,0.0,0.0
1549566695396,0.0,0.0,0.0
1549566695406,0.0,0.0,0.0
1549566695416,0.01,0.0,-0.01
1549566695426,0.01,0.0,-0.01
1549566695436,0.01,0.0,-0.01
1549566695446,0.0,0.0,0.0
1549566695456,0.0,0.0,0.0
1549566695466,0.0,0.0,-0.01
1549566695476,0.0,0.0,-0.01
1549566695486,0.0,0.0,0.0
1549566695496,0.0,0.0,0.0
1549566695506,0.0,0.0,0.0
1549566695516,-0.01,0.0,-0.01
1549566695526,-0.01,0.0,-0.01
1549566695536,-0.01,0.0,-0.01
1549566695546,-0.01,0.0,-0.01
1549566695556,-0.01,0.0,0.0
1549566695566,-0.02,0.0,-0.01
1549566695576,-0.01,0.0,0.0
1549566695586,-0.01,0.0,-0.01
1549566695596,-0.01,0.0,-0.01
1549566695606,-0.01,0.0,0.0
1549566695616,-0.01,0.0,0.0
1549566695626,0.0,0.0,0.0
1549566695636,0.0,0.0,-0.01
1549566695646,0.0,0.0,0.0
1549566695656,0.0,0.0,0.0
1549566695666,0.0,0.0,0.0
1549566695676,0.01,0.0,0.0
1549566695686,0.01,0.0,0.0
1549566695696,0.01,0.0,0.0
1549566695706,0.02,0.0,0.0
1549566695716,0.01,0.0,0.0
1549566695726,0.01,-0.01,0.0
1549566695736,0.02,-0.01,0.0
1549566695746,0.02,-0.02,0.0
1549566695756,0.02,-0.02,0.0
1549566695766,0.02,-0.02,0.0
1549566695777,0.01,-0.02,0.0
1549566695786,0.02,-0.02,0.0
1549566695796,0.01,-0.02,0.0
1549566695806,0.0,-0.01,0.0
1549566695816,0.0,-0.02,0.0
1549566695826,0.0,-0.02,0.0
1549566695836,0.0,-0.01,0.0
1549566695846,0.0,-0.01,0.0
1549566695857,0.0,-0.02,0.0
1549566695866,0.0,-0.01,0.0
1549566695877,-0.01,0.0,-0.02
1549566695886,-0.01,0.0,-0.02
1549566695896,-0.01,0.0,-0.02
1549566695906,-0.02,0.0,-0.02
1549566695916,-0.03,0.01,-0.02
1549566695926,-0.03,0.01,-0.02
1549566695937,-0.02,0.01,-0.03
1549566695946,-0.02,0.02,-0.03
1549566695956,-0.03,0.02,-0.02
1549566695966,-0.02,0.02,-0.02
1549566695976,-0.03,0.01,-0.02
1549566695986,-0.03,0.01,-0.02
1549566695996,-0.03,0.01,-0.02
1549566696006,-0.03,0.01,-0.02
1549566696016,-0.03,0.0,-0.02
1549566696026,-0.03,0.0,-0.02
1549566696036,-0.04,0.0,-0.03
1549566696046,-0.03,0.0,-0.03
1549566696056,-0.04,0.01,-0.01
1549566696066,-0.04,0.01,-0.01
1549566696076,-0.06,0.01,-0.02
1549566696086,-0.06,0.01,-0.02
1549566696096,-0.049999997,0.01,-0.01
1549566696106,-0.049999997,0.01,-0.01
1549566696116,-0.04,0.02,-0.01
1549566696126,-0.04,0.01,-0.01
1549566696136,-0.02,0.03,-0.01
1549566696146,-0.02,0.03,-0.01
1549566696156,-0.01,0.02,0.0
1549566696166,0.0,0.03,0.0
1549566696176,0.0,0.03,0.0
1549566696186,0.0,0.03,0.0
1549566696196,0.0,0.03,0.0
1549566696206,0.0,0.02,0.0
1549566696216,0.01,0.01,0.0
1549566696226,0.02,0.0,0.0
1549566696236,0.02,0.0,0.0
1549566696246,0.02,0.0,0.0
1549566696256,0.02,-0.01,0.01
1549566696266,0.02,-0.02,0.01
1549566696276,0.02,-0.03,0.02
1549566696286,0.02,-0.04,0.02
1549566696296,0.0,-0.06,0.03
1549566696306,0.0,-0.06,0.04
1549566696316,0.0,-0.06,0.03
1549566696326,0.0,-0.06,0.03
1549566696336,0.0,-0.06,0.03
1549566696347,0.0,-0.06,0.03
1549566696356,-0.02,-0.08,0.03
1549566696366,-0.02,-0.08,0.03
1549566696376,-0.02,-0.089999996,0.03
1549566696386,-0.02,-0.089999996,0.03
1549566696396,-0.049999997,-0.089999996,0.04
1549566696406,-0.049999997,-0.089999996,0.04
1549566696416,-0.049999997,-0.07,0.03
1549566696426,-0.04,-0.06,0.03
1549566696436,-0.04,-0.04,0.04
1549566696446,-0.06,-0.02,0.04
1549566696456,-0.04,0.0,0.049999997
1549566696466,-0.01,0.0,0.06
1549566696476,0.0,0.03,0.07
1549566696486,0.0,0.06,0.06
1549566696496,0.0,0.06,0.06
1549566696506,0.0,0.07,0.049999997
1549566696516,0.0,0.07,0.04
1549566696526,0.01,0.06,0.03
1549566696536,0.02,0.08,0.03
1549566696546,0.02,0.099999994,0.02
1549566696556,0.02,0.04,0.02
1549566696582,0.02,0.04,0.02
1549566696585,0.04,0.02,0.02
1549566696588,0.03,0.02,0.03
1549566696596,0.0,0.03,0.03
1549566696606,-0.02,0.0,0.02
1549566696616,-0.01,-0.06,0.0
1549566696626,0.03,-0.089999996,0.0
1549566696636,0.07,-0.089999996,0.01
1549566696656,0.12,-0.08,0.02
1549566696656,0.12,-0.07,0.02
1549566696666,0.12,-0.07,0.02
1549566696676,0.14,-0.12,0.01
1549566696686,0.14,-0.11,0.04
1549566696696,0.12,-0.08,0.07
1549566696706,0.099999994,-0.07,0.07
1549566696716,0.12,-0.11,0.08
1549566696726,0.19,-0.14,0.12
1549566696736,0.26,-0.17,0.17999999
1549566696746,0.42,-0.26999998,0.32
1549566696756,0.48,-0.08,0.53
1549566696766,0.34,0.19999999,0.59999996
1549566696776,0.22999999,0.29,0.57
1549566696786,0.099999994,0.39999998,0.59999996
1549566696796,0.04,0.31,0.53999996
1549566696806,0.099999994,0.08,0.45999998
1549566696816,0.099999994,0.08,0.45999998
1549566696826,0.19,-0.06,0.53
1549566696836,0.22999999,-0.26999998,0.55
1549566696846,0.26,-0.32999998,0.56
1549566696856,0.25,-0.31,0.56
1549566696869,0.22,-0.47,0.42999998
1549566696876,0.22,-0.47,0.42999998
1549566696886,0.19999999,-0.45999998,0.35999998
1549566696896,0.11,-0.48,0.25
1549566696906,0.02,-0.51,0.08
1549566696916,-0.01,-0.52,-0.12
1549566696926,0.049999997,-0.52,-0.26
1549566696936,0.16,-0.39999998,-0.35999998
1549566696946,0.29,-0.21,-0.32999998
1549566696956,0.31,-0.03,-0.099999994
1549566696966,0.19,0.04,0.19
1549566696976,0.19,0.04,0.19
1549566696986,0.04,-0.01,0.29999998
1549566696996,0.24,0.21,0.35999998
1549566697006,0.90999997,0.78999996,0.049999997
1549566697016,0.90999997,0.78999996,0.049999997
1549566697026,1.03,0.95,-0.16
1549566697036,0.96,1.04,-0.31
1549566697046,0.68,1.02,-0.37
1549566697056,0.31,0.84,-0.41
1549566697066,0.01,0.42999998,-0.45999998
1549566697076,-0.11,0.02,-0.5
1549566697086,-0.14999999,-0.099999994,-0.42
1549566697096,-0.12,0.11,-0.12
1549566697106,0.0,0.38,0.17999999
1549566697116,0.089999996,0.5,0.34
1549566697126,0.07,0.42999998,0.35999998
1549566697136,0.07,0.42999998,0.35999998
1549566697146,0.01,0.17999999,0.29999998
1549566697156,-0.01,-0.07,0.21
1549566697166,0.049999997,-0.16,0.11
1549566697176,0.14,-0.17,0.17999999
1549566697186,0.29,0.02,0.32
1549566697196,0.35,0.17999999,0.32999998
1549566697206,0.25,0.22,0.24
1549566697216,0.13,0.22,0.099999994
1549566697226,0.13,0.22,0.099999994
1549566697236,0.07,0.19,0.049999997
1549566697246,0.13,0.19,0.06
1549566697256,0.17,0.19999999,0.0
1549566697266,0.14,0.16,-0.04
1549566697276,0.17999999,0.14999999,0.03
1549566697286,0.17999999,0.28,-0.01
1549566697296,0.17999999,0.28,-0.01
1549566697306,0.08,0.25,-0.07
1549566697316,0.07,0.13,0.099999994
1549566697326,0.13,0.24,0.24
1549566697336,0.14999999,0.35,0.22999999
1549566697346,0.12,0.38,0.14999999
1549566697357,0.04,0.42,0.0
1549566697366,-0.01,0.37,0.06
1549566697376,-0.049999997,0.24,0.089999996
1549566697386,-0.049999997,0.24,0.089999996
1549566697396,-0.17999999,-0.14,0.049999997
1549566697406,-0.24,-0.5,0.01
1549566697416,-0.17999999,-0.76,0.01
1549566697426,-0.21,-0.90999997,0.07
1549566697436,-0.79999995,-1.3399999,-0.089999996
1549566697446,-1.15,-2.01,-0.53
1549566697456,-0.85999995,-2.55,-0.35999998
1549566697466,-0.25,-1.4399999,0.19
1549566697476,-0.22999999,-0.69,0.17999999
1549566697486,-0.22999999,-0.69,0.17999999
1549566697496,-0.32999998,-0.45,0.089999996
1549566697506,-0.5,-0.41,0.03
1549566697516,-0.61,-0.32,-0.06
1549566697526,-0.64,0.0,-0.25
1549566697536,-0.61,0.42,-0.42999998
1549566697546,-0.58,0.71999997,-0.56
1549566697556,-0.48,0.79999995,-0.53999996
1549566697566,-0.34,0.62,-0.39
1549566697576,-0.34,0.62,-0.39
1549566697586,-0.13,0.31,-0.17999999
1549566697596,0.06,0.01,-0.03
1549566697606,0.06,-0.049999997,-0.04
1549566697616,-0.29999998,0.17,-0.07
1549566697626,-0.59999996,0.12,-0.07
1549566697636,-0.53999996,0.01,-0.06
1549566697646,-0.53999996,0.01,-0.06
1549566697656,-0.37,0.12,-0.049999997
1549566697666,-0.26,0.24,-0.02
1549566697676,-0.26999998,0.29999998,0.0
1549566697686,-0.31,0.22,0.04
1549566697696,-0.32999998,0.089999996,0.099999994
1549566697706,-0.35,-0.02,0.13
1549566697716,-0.35,0.07,0.099999994
1549566697726,-0.35,0.07,0.099999994
1549566697736,-0.29,0.17999999,0.049999997
1549566697746,-0.19999999,0.19,0.03
1549566697756,-0.17,0.28,0.03
1549566697766,-0.19,0.39,0.02
1549566697776,-0.17999999,0.47,0.0
1549566697787,-0.22999999,0.44,0.01
1549566697796,-0.31,0.29999998,0.06
1549566697806,-0.35999998,0.17999999,0.17
1549566697816,-0.22,-0.14999999,0.26
1549566697826,-0.22,-0.14999999,0.26
1549566697836,0.04,-0.32999998,0.29999998
1549566697846,0.51,-0.14,0.26999998
1549566697859,0.42,-0.14999999,0.22999999
1549566697866,0.42,-0.14999999,0.22999999
1549566697879,0.22,-0.21,0.13
1549566697886,0.21,-0.29,0.16
1549566697896,0.21,-0.39,0.14999999
1549566697907,0.19,-0.42,0.12
1549566697916,0.14999999,-0.41,0.11
1549566697926,0.11,-0.26999998,0.11
1549566697937,0.11,-0.26999998,0.11
1549566697946,0.06,-0.14999999,-0.01
1549566697956,-0.02,-0.17999999,-0.099999994
1549566697966,-0.14,-0.07,-0.24
1549566697976,-0.11,0.0,-0.42
1549566697986,-0.11,0.099999994,-0.57
1549566697996,-0.099999994,0.04,-0.93
1549566698006,0.01,-0.08,-1.37
1549566698016,0.01,-0.08,-1.37
1549566698026,0.089999996,-0.17999999,-1.61
1549566698036,0.12,-0.29,-1.79
1549566698046,0.11,-0.31,-1.89
1549566698056,0.07,-0.14,-1.93
1549566698066,0.0,0.06,-1.99
1549566698076,0.02,0.37,-2.23
1549566698086,0.04,0.5,-2.3799999
1549566698096,0.04,0.5,-2.3799999
1549566698106,-0.099999994,0.83,-2.32
1549566698116,-0.16,1.31,-2.53
1549566698126,-0.42,1.43,-2.85
1549566698136,-0.65,1.13,-3.1499999
1549566698146,-0.65999997,0.42,-3.08
1549566698156,-0.72999996,0.35999998,-2.28
1549566698166,-0.71,0.32999998,-1.55
1549566698177,-0.65999997,-0.24,-0.93
1549566698186,-0.65999997,-0.24,-0.93
1549566698196,-0.65,-0.39,-0.39999998
1549566698206,-1.11,0.71999997,0.57
1549566698216,-1.11,0.71999997,0.57
1549566698226,-0.90999997,1.05,0.42999998
1549566698236,-0.58,0.55,0.049999997
1549566698246,-0.28,0.59999996,-0.11
1549566698256,-0.28,0.59999996,-0.11
1549566698266,-0.21,0.95,-0.049999997
1549566698276,-0.17,1.04,-0.12
1549566698286,-0.28,1.12,-0.089999996
1549566698296,-0.29,1.48,-0.099999994
1549566698306,-0.22999999,1.55,-0.16
1549566698316,-0.22999999,1.81,-0.099999994
1549566698326,-0.31,2.21,-0.22
1549566698336,-0.31,2.21,-0.22
1549566698350,-0.22999999,3.02,-0.52
1549566698356,0.06,3.73,-0.78
1549566698366,0.37,3.6699998,-1.01
1549566698377,0.71999997,3.5,-1.02
1549566698386,0.74,3.29,-0.39
1549566698396,0.01,2.34,0.78
1549566698406,-0.69,1.74,2.02
1549566698416,-0.71999997,1.1999999,3.0
1549566698426,0.0,0.56,3.1399999
1549566698436,1.3399999,0.45999998,2.57
1549566698446,2.04,1.23,2.1699998
1549566698456,1.5,1.4699999,2.54
1549566698466,0.71999997,0.53999996,3.0
1549566698476,0.34,-1.0,3.36
1549566698486,0.17,-2.56,3.97
1549566698496,0.01,-3.11,4.5899997
1549566698506,0.01,-3.11,4.5899997
1549566698516,-0.21,-2.83,4.8599997
1549566698526,-0.29,-2.5,4.94
1549566698536,-0.14,-2.33,4.66
1549566698546,0.19,-2.45,4.11
1549566698557,0.76,-2.69,3.52
1549566698566,1.11,-2.99,3.05
1549566698577,1.02,-3.07,2.59
1549566698586,0.41,-2.6399999,2.04
1549566698596,-0.59999996,-1.81,1.4599999
1549566698606,-1.5699999,-1.05,0.9
1549566698616,-2.44,-0.32,0.19
1549566698626,-3.36,0.41,-0.65999997
1549566698636,-4.24,1.38,-1.63
1549566698646,-4.65,2.2,-2.37
1549566698656,-4.8199997,2.98,-2.97
1549566698666,-4.8199997,2.98,-2.97
1549566698676,-4.69,4.0699997,-3.56
1549566698686,-4.5,5.06,-4.14
1549566698696,-4.24,5.69,-4.68
1549566698706,-3.59,5.72,-5.12
1549566698716,-2.76,5.6299996,-5.4
1549566698726,-1.73,5.42,-5.6299996
1549566698736,-0.74,4.98,-5.95
1549566698746,-0.74,4.98,-5.95
1549566698756,0.35999998,4.39,-6.44
1549566698766,0.45,4.73,-6.5299997
1549566698776,0.42,5.7599998,-6.6299996
1549566698786,0.26999998,7.0099998,-6.69
1549566698796,0.049999997,7.8599997,-6.7599998
1549566698806,-0.089999996,8.37,-6.81
1549566698816,-0.12,8.33,-6.58
1549566698826,-0.12,8.33,-6.58
1549566698836,0.07,7.85,-5.96
1549566698846,0.41,7.27,-4.99
1549566698856,0.79999995,6.5699997,-3.8899999
1549566698869,1.12,5.98,-3.05
1549566698876,1.27,5.37,-2.74
1549566698886,1.3,4.56,-2.75
1549566698896,1.29,3.61,-2.86
1549566698906,1.29,3.61,-2.86
1549566698916,1.01,2.3799999,-3.0
1549566698926,0.7,2.21,-2.8799999
1549566698936,0.31,2.1399999,-2.73
1549566698946,-0.089999996,2.1399999,-2.57
1549566698956,-0.39,2.4199998,-2.3799999
1549566698966,-0.52,2.8,-2.1599998
1549566698976,-0.51,2.9299998,-1.89
1549566698986,-0.51,2.9299998,-1.89
1549566698996,-0.42999998,2.8899999,-1.63
1549566699006,-0.37,2.6599998,-1.4
1549566699016,-0.39,2.24,-1.27
1549566699026,-0.48,1.76,-1.24
1549566699036,-0.58,1.3,-1.22
1549566699046,-0.59,0.93,-1.15
1549566699056,-0.59,0.52,-0.98999995
1549566699066,-0.59,0.52,-0.98999995
1549566699076,-0.59999996,0.12,-0.78999996
1549566699086,-0.65,-0.089999996,-0.57
1549566699096,-1.06,0.089999996,-0.25
1549566699106,-1.28,0.22999999,-0.17
1549566699116,-1.39,0.14,-0.099999994
1549566699126,-1.24,-0.24,0.0
1549566699136,-0.71999997,-0.68,0.08
1549566699146,-0.71999997,-0.68,0.08
1549566699156,0.03,-0.95,0.08
1549566699166,0.68,-0.9,0.06
1549566699176,0.88,-0.53999996,0.089999996
1549566699186,0.64,0.0,0.14
1549566699196,0.17999999,0.55,0.22
1549566699206,-0.24,0.90999997,0.32
1549566699216,-0.47,0.98999995,0.37
1549566699226,-0.47,0.98999995,0.37
1549566699236,-0.45,0.77,0.41
1549566699246,-0.29,0.48,0.39
1549566699256,-0.099999994,0.35999998,0.29999998
1549566699266,0.01,0.26999998,0.22999999
1549566699276,0.12,0.08,0.17999999
1549566699286,0.16,0.049999997,0.11
1549566699296,0.19999999,-0.01,0.01
1549566699306,0.19999999,-0.01,0.01
1549566699316,0.22,-0.11,-0.07
1549566699326,0.24,-0.22999999,-0.11
1549566699336,0.22999999,-0.29999998,-0.16
1549566699346,0.19,-0.26999998,-0.24
1549566699357,0.16,-0.17,-0.32
1549566699366,0.12,-0.29,-0.39999998
1549566699376,-0.03,-0.48,-0.37
1549566699386,-0.17999999,-0.44,-0.26
1549566699396,-0.17999999,-0.44,-0.26
1549566699406,-0.29,-0.28,-0.22
1549566699416,-0.32999998,-0.049999997,-0.22
1549566699426,-0.31,0.19,-0.29
