1549566464406,1009.32
1549566464407,1009.36
1549566464422,1009.36
1549566464428,1009.36
1549566464437,1009.36
1549566464446,1009.36
1549566464456,1009.36
1549566464467,1009.36
1549566464477,1009.36
1549566464486,1009.36
1549566464497,1009.36
1549566464507,1009.36
1549566464516,1009.36
1549566464527,1009.36
1549566464537,1009.36
1549566464547,1009.36
1549566464556,1009.36
1549566464566,1009.36
1549566464577,1009.38
1549566464587,1009.38
1549566464597,1009.38
1549566464606,1009.38
1549566464616,1009.38
1549566464626,1009.38
1549566464636,1009.38
1549566464647,1009.38
1549566464656,1009.38
1549566464667,1009.38
1549566464676,1009.38
1549566464686,1009.38
1549566464696,1009.38
1549566464706,1009.38
1549566464717,1009.38
1549566464728,1009.38
1549566464737,1009.38
1549566464746,1009.38
1549566464756,1009.38
1549566464767,1009.41
1549566464776,1009.41
1549566464786,1009.41
1549566464796,1009.41
1549566464806,1009.41
1549566464816,1009.41
1549566464827,1009.41
1549566464836,1009.41
1549566464847,1009.41
1549566464856,1009.41
1549566464866,1009.41
1549566464876,1009.41
1549566464886,1009.41
1549566464896,1009.41
1549566464906,1009.41
1549566464917,1009.41
1549566464926,1009.41
1549566464936,1009.41
1549566464946,1009.41
1549566464956,1009.43
1549566464967,1009.43
1549566464976,1009.43
1549566464986,1009.43
1549566464996,1009.43
1549566465006,1009.43
1549566465016,1009.43
1549566465026,1009.43
1549566465036,1009.43
1549566465046,1009.43
1549566465056,1009.43
1549566465066,1009.43
1549566465076,1009.43
1549566465086,1009.43
1549566465096,1009.43
1549566465106,1009.43
1549566465116,1009.43
1549566465126,1009.43
1549566465136,1009.43
1549566465146,1009.45
1549566465157,1009.45
1549566465166,1009.45
1549566465177,1009.45
1549566465186,1009.45
1549566465196,1009.45
1549566465206,1009.45
1549566465216,1009.45
1549566465226,1009.45
1549566465237,1009.45
1549566465246,1009.45
1549566465256,1009.45
1549566465266,1009.45
1549566465277,1009.45
1549566465286,1009.45
1549566465296,1009.45
1549566465306,1009.45
1549566465316,1009.45
1549566465326,1009.45
1549566465336,1009.46
1549566465346,1009.46
1549566465356,1009.46
1549566465366,1009.46
1549566465376,1009.46
1549566465386,1009.46
1549566465396,1009.46
1549566465406,1009.46
1549566465416,1009.46
1549566465426,1009.46
1549566465436,1009.46
1549566465446,1009.46
1549566465456,1009.46
1549566465466,1009.46
1549566465476,1009.46
1549566465486,1009.46
1549566465497,1009.46
1549566465507,1009.46
1549566465517,1009.46
1549566465527,1009.48
1549566465536,1009.48
1549566465546,1009.48
1549566465556,1009.48
1549566465566,1009.48
1549566465577,1009.48
1549566465586,1009.48
1549566465596,1009.48
1549566465606,1009.48
1549566465617,1009.48
1549566465627,1009.48
1549566465637,1009.48
1549566465650,1009.48
1549566465662,1009.48
1549566465667,1009.48
1549566465678,1009.48
1549566465687,1009.48
1549566465696,1009.48
1549566465706,1009.48
1549566465716,1009.51
1549566465727,1009.51
1549566465736,1009.51
1549566465747,1009.51
1549566465757,1009.51
1549566465767,1009.51
1549566465777,1009.51
1549566465788,1009.51
1549566465797,1009.51
1549566465807,1009.51
1549566465817,1009.51
1549566465827,1009.51
1549566465837,1009.51
1549566465847,1009.51
1549566465857,1009.51
1549566465867,1009.51
1549566465877,1009.51
1549566465887,1009.51
1549566465897,1009.51
1549566465907,1009.52
1549566465920,1009.52
1549566465927,1009.52
1549566465937,1009.52
1549566465947,1009.52
1549566465957,1009.52
1549566465967,1009.52
1549566465977,1009.52
1549566465996,1009.52
1549566465997,1009.52
1549566466006,1009.52
1549566466017,1009.52
1549566466027,1009.52
1549566466036,1009.52
1549566466046,1009.52
1549566466056,1009.52
1549566466066,1009.52
1549566466077,1009.52
1549566466087,1009.52
1549566466097,1009.53
1549566466107,1009.53
1549566466117,1009.53
1549566466127,1009.53
1549566466137,1009.53
1549566466146,1009.53
1549566466156,1009.53
1549566466167,1009.53
1549566466177,1009.53
1549566466186,1009.53
1549566466197,1009.53
1549566466206,1009.53
1549566466217,1009.53
1549566466227,1009.53
1549566466237,1009.53
1549566466246,1009.53
1549566466256,1009.53
1549566466266,1009.53
1549566466276,1009.53
1549566466286,1009.56
1549566466296,1009.56
1549566466306,1009.56
1549566466316,1009.56
1549566466326,1009.56
1549566466336,1009.56
1549566466346,1009.56
1549566466364,1009.56
1549566466370,1009.56
1549566466376,1009.56
1549566466404,1009.56
1549566466404,1009.56
1549566466406,1009.56
1549566466417,1009.56
1549566466426,1009.56
1549566466436,1009.56
1549566466447,1009.56
1549566466456,1009.56
1549566466467,1009.56
1549566466476,1009.57
1549566466486,1009.57
1549566466496,1009.57
1549566466506,1009.57
1549566466517,1009.57
1549566466526,1009.57
1549566466536,1009.57
1549566466546,1009.57
1549566466556,1009.57
1549566466567,1009.57
1549566466576,1009.57
1549566466586,1009.57
1549566466596,1009.57
1549566466606,1009.57
1549566466617,1009.57
1549566466626,1009.57
1549566466636,1009.57
1549566466646,1009.57
1549566466656,1009.57
1549566466668,1009.58
1549566466676,1009.58
1549566466686,1009.58
1549566466696,1009.58
1549566466707,1009.58
1549566466719,1009.58
1549566466726,1009.58
1549566466736,1009.58
1549566466746,1009.58
1549566466756,1009.58
1549566466768,1009.58
1549566466776,1009.58
1549566466786,1009.58
1549566466796,1009.58
1549566466806,1009.58
1549566466819,1009.58
1549566466826,1009.58
1549566466837,1009.58
1549566466846,1009.58
1549566466856,1009.6
1549566466869,1009.6
1549566466876,1009.6
1549566466886,1009.6
1549566466896,1009.6
1549566466906,1009.6
1549566466916,1009.6
1549566466926,1009.6
1549566466936,1009.6
1549566466946,1009.6
1549566466956,1009.6
1549566466967,1009.6
1549566466976,1009.6
1549566466986,1009.6
1549566466996,1009.6
1549566467006,1009.6
1549566467016,1009.6
1549566467026,1009.6
1549566467036,1009.61
1549566467046,1009.61
1549566467056,1009.61
1549566467066,1009.61
1549566467076,1009.61
1549566467086,1009.61
1549566467096,1009.61
1549566467106,1009.61
1549566467116,1009.61
1549566467126,1009.61
1549566467136,1009.61
1549566467146,1009.61
1549566467157,1009.61
1549566467166,1009.61
1549566467176,1009.61
1549566467186,1009.61
1549566467196,1009.61
1549566467206,1009.61
1549566467216,1009.61
1549566467226,1009.62
1549566467236,1009.62
1549566467247,1009.62
1549566467256,1009.62
1549566467266,1009.62
1549566467276,1009.62
1549566467286,1009.62
1549566467296,1009.62
1549566467306,1009.62
1549566467316,1009.62
1549566467326,1009.62
1549566467336,1009.62
1549566467346,1009.62
1549566467356,1009.62
1549566467366,1009.62
1549566467376,1009.62
1549566467386,1009.62
1549566467396,1009.62
1549566467406,1009.62
1549566467416,1009.64
1549566467426,1009.64
1549566467436,1009.64
1549566467446,1009.64
1549566467456,1009.64
1549566467466,1009.64
1549566467476,1009.64
1549566467486,1009.64
1549566467496,1009.64
1549566467506,1009.64
1549566467516,1009.64
1549566467526,1009.64
1549566467536,1009.64
1549566467546,1009.64
1549566467556,1009.64
1549566467566,1009.64
1549566467576,1009.64
1549566467586,1009.64
1549566467596,1009.64
1549566467606,1009.65
1549566467616,1009.65
1549566467626,1009.65
1549566467636,1009.65
1549566467646,1009.65
1549566467658,1009.65
1549566467666,1009.65
1549566467678,1009.65
1549566467686,1009.65
1549566467696,1009.65
1549566467706,1009.65
1549566467716,1009.65
1549566467726,1009.65
1549566467737,1009.65
1549566467746,1009.65
1549566467756,1009.65
1549566467766,1009.65
1549566467776,1009.65
1549566467786,1009.65
1549566467796,1009.65
1549566467806,1009.65
1549566467816,1009.65
1549566467826,1009.65
1549566467836,1009.65
1549566467846,1009.65
1549566467856,1009.65
1549566467866,1009.65
1549566467876,1009.65
1549566467886,1009.65
1549566467896,1009.65
1549566467906,1009.65
1549566467916,1009.65
1549566467926,1009.65
1549566467936,1009.65
1549566467946,1009.65
1549566467956,1009.65
1549566467966,1009.65
1549566467976,1009.65
1549566467986,1009.66
1549566467996,1009.66
1549566468006,1009.66
1549566468016,1009.66
1549566468026,1009.66
1549566468036,1009.66
1549566468046,1009.66
1549566468056,1009.66
1549566468066,1009.66
1549566468076,1009.66
1549566468086,1009.66
1549566468096,1009.66
1549566468106,1009.66
1549566468116,1009.66
1549566468126,1009.66
1549566468136,1009.66
1549566468149,1009.66
1549566468156,1009.66
1549566468166,1009.66
1549566468179,1009.67
1549566468186,1009.67
1549566468196,1009.67
1549566468206,1009.67
1549566468216,1009.67
1549566468227,1009.67
1549566468236,1009.67
1549566468246,1009.67
1549566468256,1009.67
1549566468266,1009.67
1549566468276,1009.67
1549566468286,1009.67
1549566468296,1009.67
1549566468306,1009.67
1549566468316,1009.67
1549566468326,1009.67
1549566468336,1009.67
1549566468346,1009.67
1549566468356,1009.67
1549566468368,1009.69
1549566468376,1009.69
1549566468403,1009.69
1549566468403,1009.69
1549566468406,1009.69
1549566468418,1009.69
1549566468426,1009.69
1549566468436,1009.69
1549566468447,1009.69
1549566468456,1009.69
1549566468467,1009.69
1549566468476,1009.69
1549566468487,1009.69
1549566468496,1009.69
1549566468507,1009.69
1549566468517,1009.69
1549566468526,1009.69
1549566468537,1009.69
1549566468546,1009.69
1549566468557,1009.7
1549566468567,1009.7
1549566468576,1009.7
1549566468586,1009.7
1549566468596,1009.7
1549566468606,1009.7
1549566468617,1009.7
1549566468626,1009.7
1549566468636,1009.7
1549566468646,1009.7
1549566468656,1009.7
1549566468667,1009.7
1549566468677,1009.7
1549566468686,1009.7
1549566468696,1009.7
1549566468707,1009.7
1549566468717,1009.7
1549566468727,1009.7
1549566468737,1009.7
1549566468747,1009.7
1549566468757,1009.7
1549566468768,1009.7
1549566468777,1009.7
1549566468787,1009.7
1549566468800,1009.7
1549566468806,1009.7
1549566468817,1009.7
1549566468827,1009.7
1549566468837,1009.7
1549566468846,1009.7
1549566468857,1009.7
1549566468867,1009.7
1549566468877,1009.7
1549566468887,1009.7
1549566468897,1009.7
1549566468907,1009.7
1549566468918,1009.7
1549566468927,1009.7
1549566468937,1009.71
1549566468947,1009.71
1549566468957,1009.71
1549566468970,1009.71
1549566468976,1009.71
1549566468986,1009.71
1549566468996,1009.71
1549566469006,1009.71
1549566469016,1009.71
1549566469027,1009.71
1549566469036,1009.71
1549566469046,1009.71
1549566469056,1009.71
1549566469067,1009.71
1549566469077,1009.71
1549566469087,1009.71
1549566469097,1009.71
1549566469107,1009.71
1549566469117,1009.71
1549566469127,1009.72
1549566469137,1009.72
1549566469147,1009.72
1549566469158,1009.72
1549566469167,1009.72
1549566469177,1009.72
1549566469187,1009.72
1549566469197,1009.72
1549566469206,1009.72
1549566469216,1009.72
1549566469227,1009.72
1549566469236,1009.72
1549566469248,1009.72
1549566469256,1009.72
1549566469266,1009.72
1549566469277,1009.72
1549566469286,1009.72
1549566469297,1009.72
1549566469307,1009.72
1549566469317,1009.72
1549566469327,1009.72
1549566469337,1009.72
1549566469347,1009.72
1549566469357,1009.72
1549566469367,1009.72
1549566469377,1009.72
1549566469387,1009.72
1549566469397,1009.72
1549566469407,1009.72
1549566469417,1009.72
1549566469427,1009.72
1549566469437,1009.72
1549566469447,1009.72
1549566469457,1009.72
1549566469467,1009.72
1549566469477,1009.72
1549566469487,1009.72
1549566469497,1009.73
1549566469507,1009.73
1549566469517,1009.73
1549566469527,1009.73
1549566469537,1009.73
1549566469547,1009.73
1549566469557,1009.73
1549566469567,1009.73
1549566469577,1009.73
1549566469587,1009.73
1549566469597,1009.73
1549566469607,1009.73
1549566469617,1009.73
1549566469627,1009.73
1549566469637,1009.73
1549566469648,1009.73
1549566469659,1009.73
1549566469667,1009.73
1549566469678,1009.73
1549566469687,1009.74
1549566469696,1009.74
1549566469706,1009.74
1549566469717,1009.74
1549566469726,1009.74
1549566469737,1009.74
1549566469746,1009.74
1549566469756,1009.74
1549566469766,1009.74
1549566469776,1009.74
1549566469786,1009.74
1549566469796,1009.74
1549566469806,1009.74
1549566469816,1009.74
1549566469827,1009.74
1549566469836,1009.74
1549566469846,1009.74
1549566469856,1009.74
1549566469866,1009.74
1549566469876,1009.73
1549566469886,1009.73
1549566469896,1009.73
1549566469906,1009.73
1549566469916,1009.73
1549566469926,1009.73
1549566469936,1009.73
1549566469946,1009.73
1549566469956,1009.73
1549566469966,1009.73
1549566469976,1009.73
1549566469986,1009.73
1549566469996,1009.73
1549566470006,1009.73
1549566470016,1009.73
1549566470026,1009.73
1549566470036,1009.73
1549566470046,1009.73
1549566470056,1009.73
1549566470066,1009.74
1549566470076,1009.74
1549566470086,1009.74
1549566470096,1009.74
1549566470106,1009.74
1549566470116,1009.74
1549566470126,1009.74
1549566470136,1009.74
1549566470147,1009.74
1549566470156,1009.74
1549566470166,1009.74
1549566470176,1009.74
1549566470186,1009.74
1549566470196,1009.74
1549566470206,1009.74
1549566470216,1009.74
1549566470227,1009.74
1549566470236,1009.74
1549566470246,1009.74
1549566470256,1009.73
1549566470266,1009.73
1549566470276,1009.73
1549566470286,1009.73
1549566470296,1009.73
1549566470306,1009.73
1549566470316,1009.73
1549566470326,1009.73
1549566470336,1009.73
1549566470346,1009.73
1549566470356,1009.73
1549566470369,1009.73
1549566470376,1009.73
1549566470402,1009.73
1549566470403,1009.73
1549566470406,1009.73
1549566470417,1009.73
1549566470426,1009.73
1549566470436,1009.73
1549566470447,1009.73
1549566470456,1009.73
1549566470467,1009.73
1549566470477,1009.73
1549566470486,1009.73
1549566470497,1009.73
1549566470506,1009.73
1549566470516,1009.73
1549566470527,1009.73
1549566470537,1009.73
1549566470547,1009.73
1549566470556,1009.73
1549566470567,1009.73
1549566470576,1009.73
1549566470587,1009.73
1549566470598,1009.73
1549566470607,1009.73
1549566470617,1009.73
1549566470627,1009.73
1549566470636,1009.74
1549566470646,1009.74
1549566470656,1009.74
1549566470667,1009.74
1549566470677,1009.74
1549566470686,1009.74
1549566470696,1009.74
1549566470707,1009.74
1549566470717,1009.74
1549566470726,1009.74
1549566470736,1009.74
1549566470746,1009.74
1549566470756,1009.74
1549566470768,1009.74
1549566470777,1009.74
1549566470787,1009.74
1549566470797,1009.74
1549566470807,1009.74
1549566470817,1009.74
1549566470827,1009.72
1549566470837,1009.72
1549566470847,1009.72
1549566470856,1009.72
1549566470868,1009.72
1549566470876,1009.72
1549566470886,1009.72
1549566470896,1009.72
1549566470906,1009.72
1549566470918,1009.72
1549566470927,1009.72
1549566470936,1009.72
1549566470947,1009.72
1549566470957,1009.72
1549566470968,1009.72
1549566470977,1009.72
1549566471021,1009.72
1549566471021,1009.72
1549566471021,1009.72
1549566471022,1009.71
1549566471026,1009.71
1549566471037,1009.71
1549566471046,1009.71
1549566471056,1009.71
1549566471066,1009.71
1549566471076,1009.71
1549566471086,1009.71
1549566471097,1009.71
1549566471110,1009.71
1549566471116,1009.71
1549566471127,1009.71
1549566471140,1009.71
1549566471146,1009.71
1549566471156,1009.71
1549566471166,1009.71
1549566471176,1009.71
1549566471186,1009.71
1549566471196,1009.71
1549566471206,1009.72
1549566471216,1009.72
1549566471227,1009.72
1549566471237,1009.72
1549566471246,1009.72
1549566471256,1009.72
1549566471266,1009.72
1549566471276,1009.72
1549566471286,1009.72
1549566471296,1009.72
1549566471306,1009.72
1549566471316,1009.72
1549566471326,1009.72
1549566471336,1009.72
1549566471346,1009.72
1549566471356,1009.72
1549566471366,1009.72
1549566471376,1009.72
1549566471386,1009.72
1549566471396,1009.7
1549566471406,1009.7
1549566471416,1009.7
1549566471426,1009.7
1549566471436,1009.7
1549566471446,1009.7
1549566471456,1009.7
1549566471466,1009.7
1549566471476,1009.7
1549566471486,1009.7
1549566471496,1009.7
1549566471506,1009.7
1549566471516,1009.7
1549566471526,1009.7
1549566471536,1009.7
1549566471546,1009.7
1549566471556,1009.7
1549566471566,1009.7
1549566471576,1009.68
1549566471586,1009.68
1549566471596,1009.68
1549566471606,1009.68
1549566471616,1009.68
1549566471626,1009.68
1549566471636,1009.68
1549566471646,1009.68
1549566471657,1009.68
1549566471666,1009.68
1549566471678,1009.68
1549566471686,1009.68
1549566471696,1009.68
1549566471706,1009.68
1549566471716,1009.68
1549566471726,1009.68
1549566471737,1009.68
1549566471746,1009.68
1549566471756,1009.68
1549566471766,1009.69
1549566471776,1009.69
1549566471786,1009.69
1549566471796,1009.69
1549566471806,1009.69
1549566471816,1009.69
1549566471826,1009.69
1549566471836,1009.69
1549566471846,1009.69
1549566471856,1009.69
1549566471866,1009.69
1549566471876,1009.69
1549566471886,1009.69
1549566471896,1009.69
1549566471906,1009.69
1549566471916,1009.69
1549566471926,1009.69
1549566471936,1009.69
1549566471946,1009.69
1549566471956,1009.66
1549566471966,1009.66
1549566471976,1009.66
1549566471986,1009.66
1549566471996,1009.66
1549566472006,1009.66
1549566472016,1009.66
1549566472026,1009.66
1549566472036,1009.66
1549566472046,1009.66
1549566472056,1009.66
1549566472066,1009.66
1549566472076,1009.66
1549566472086,1009.66
1549566472096,1009.66
1549566472106,1009.66
1549566472116,1009.66
1549566472126,1009.66
1549566472136,1009.66
1549566472148,1009.67
1549566472156,1009.67
1549566472166,1009.67
1549566472176,1009.67
1549566472186,1009.67
1549566472197,1009.67
1549566472206,1009.67
1549566472216,1009.67
1549566472227,1009.67
1549566472236,1009.67
1549566472246,1009.67
1549566472256,1009.67
1549566472266,1009.67
1549566472276,1009.67
1549566472286,1009.67
1549566472296,1009.67
1549566472306,1009.67
1549566472316,1009.67
1549566472326,1009.67
1549566472336,1009.64
1549566472346,1009.64
1549566472356,1009.64
1549566472369,1009.64
1549566472376,1009.64
1549566472386,1009.64
1549566472396,1009.64
1549566472406,1009.64
1549566472418,1009.64
1549566472426,1009.64
1549566472436,1009.64
1549566472447,1009.64
1549566472456,1009.64
1549566472467,1009.64
1549566472477,1009.64
1549566472486,1009.64
1549566472497,1009.64
1549566472506,1009.64
1549566472517,1009.64
1549566472527,1009.62
1549566472536,1009.62
1549566472547,1009.62
1549566472556,1009.62
1549566472566,1009.62
1549566472576,1009.62
1549566472586,1009.62
1549566472597,1009.62
1549566472606,1009.62
1549566472617,1009.62
1549566472626,1009.62
1549566472637,1009.62
1549566472647,1009.62
1549566472657,1009.62
1549566472667,1009.62
1549566472677,1009.62
1549566472687,1009.62
1549566472697,1009.62
1549566472707,1009.62
1549566472717,1009.62
1549566472729,1009.62
1549566472737,1009.62
1549566472749,1009.62
1549566472757,1009.62
1549566472766,1009.62
1549566472776,1009.62
1549566472786,1009.62
1549566472796,1009.62
1549566472807,1009.62
1549566472816,1009.62
1549566472826,1009.62
1549566472836,1009.62
1549566472846,1009.62
1549566472857,1009.62
1549566472867,1009.62
1549566472877,1009.62
1549566472887,1009.62
1549566472897,1009.62
1549566472907,1009.59
1549566472917,1009.59
1549566472926,1009.59
1549566472937,1009.59
1549566472947,1009.59
1549566472956,1009.59
1549566472966,1009.59
1549566472976,1009.59
1549566472987,1009.59
1549566472997,1009.59
1549566473006,1009.59
1549566473017,1009.59
1549566473026,1009.59
1549566473037,1009.59
1549566473046,1009.59
1549566473056,1009.59
1549566473067,1009.59
1549566473077,1009.59
1549566473087,1009.59
1549566473098,1009.56
1549566473107,1009.56
1549566473117,1009.56
1549566473127,1009.56
1549566473137,1009.56
1549566473147,1009.56
1549566473159,1009.56
1549566473167,1009.56
1549566473177,1009.56
1549566473186,1009.56
1549566473196,1009.56
1549566473206,1009.56
1549566473217,1009.56
1549566473227,1009.56
1549566473238,1009.56
1549566473247,1009.56
1549566473256,1009.56
1549566473266,1009.56
1549566473277,1009.56
1549566473286,1009.56
1549566473297,1009.56
1549566473307,1009.56
1549566473317,1009.56
1549566473327,1009.56
1549566473337,1009.56
1549566473347,1009.56
1549566473357,1009.56
1549566473367,1009.56
1549566473377,1009.56
1549566473387,1009.56
1549566473397,1009.56
1549566473407,1009.56
1549566473417,1009.56
1549566473427,1009.56
1549566473437,1009.56
1549566473447,1009.56
1549566473457,1009.56
1549566473467,1009.56
1549566473477,1009.52
1549566473487,1009.52
1549566473497,1009.52
1549566473507,1009.52
1549566473517,1009.52
1549566473527,1009.52
1549566473537,1009.52
1549566473547,1009.52
1549566473557,1009.52
1549566473567,1009.52
1549566473577,1009.52
1549566473587,1009.52
1549566473597,1009.52
1549566473607,1009.52
1549566473617,1009.52
1549566473627,1009.52
1549566473637,1009.52
1549566473647,1009.52
1549566473659,1009.52
1549566473667,1009.49
1549566473677,1009.49
1549566473686,1009.49
1549566473696,1009.49
1549566473707,1009.49
1549566473717,1009.49
1549566473727,1009.49
1549566473738,1009.49
1549566473747,1009.49
1549566473757,1009.49
1549566473767,1009.49
1549566473777,1009.49
1549566473787,1009.49
1549566473797,1009.49
1549566473807,1009.49
1549566473817,1009.49
1549566473827,1009.49
1549566473837,1009.49
1549566473847,1009.49
1549566473857,1009.5
1549566473867,1009.5
1549566473877,1009.5
1549566473887,1009.5
1549566473897,1009.5
1549566473907,1009.5
1549566473917,1009.5
1549566473927,1009.5
1549566473937,1009.5
1549566473947,1009.5
1549566473957,1009.5
1549566473967,1009.5
1549566473977,1009.5
1549566473987,1009.5
1549566473997,1009.5
1549566474007,1009.5
1549566474017,1009.5
1549566474027,1009.5
1549566474037,1009.5
1549566474047,1009.45
1549566474057,1009.45
1549566474067,1009.45
1549566474077,1009.45
1549566474087,1009.45
1549566474097,1009.45
1549566474107,1009.45
1549566474117,1009.45
1549566474127,1009.45
1549566474137,1009.45
1549566474151,1009.45
1549566474157,1009.45
1549566474167,1009.45
1549566474177,1009.45
1549566474187,1009.45
1549566474197,1009.45
1549566474207,1009.45
1549566474217,1009.45
1549566474229,1009.41
1549566474237,1009.41
1549566474247,1009.41
1549566474257,1009.41
1549566474267,1009.41
1549566474277,1009.41
1549566474287,1009.41
1549566474297,1009.41
1549566474307,1009.41
1549566474317,1009.41
1549566474327,1009.41
1549566474337,1009.41
1549566474347,1009.41
1549566474357,1009.41
1549566474367,1009.41
1549566474377,1009.41
1549566474387,1009.41
1549566474397,1009.41
1549566474407,1009.41
1549566474417,1009.42
1549566474427,1009.42
1549566474437,1009.42
1549566474447,1009.42
1549566474457,1009.42
1549566474467,1009.42
1549566474477,1009.42
1549566474487,1009.42
1549566474497,1009.42
1549566474507,1009.42
1549566474517,1009.42
1549566474527,1009.42
1549566474537,1009.42
1549566474547,1009.42
1549566474557,1009.42
1549566474567,1009.42
1549566474577,1009.42
1549566474587,1009.42
1549566474597,1009.42
1549566474607,1009.38
1549566474617,1009.38
1549566474627,1009.38
1549566474637,1009.38
1549566474651,1009.38
1549566474658,1009.38
1549566474667,1009.38
1549566474676,1009.38
1549566474686,1009.38
1549566474697,1009.38
1549566474706,1009.38
1549566474717,1009.38
1549566474727,1009.38
1549566474738,1009.38
1549566474747,1009.38
1549566474757,1009.38
1549566474767,1009.38
1549566474777,1009.38
1549566474787,1009.38
1549566474797,1009.38
1549566474807,1009.38
1549566474817,1009.38
1549566474828,1009.38
1549566474837,1009.38
1549566474848,1009.38
1549566474857,1009.38
1549566474867,1009.38
1549566474877,1009.38
1549566474887,1009.38
1549566474897,1009.38
1549566474908,1009.38
1549566474917,1009.38
1549566474927,1009.38
1549566474937,1009.38
1549566474947,1009.38
1549566474957,1009.38
1549566474967,1009.38
1549566474977,1009.38
1549566474987,1009.34
1549566474997,1009.34
1549566475007,1009.34
1549566475017,1009.34
1549566475027,1009.34
1549566475037,1009.34
1549566475047,1009.34
1549566475057,1009.34
1549566475067,1009.34
1549566475077,1009.34
1549566475087,1009.34
1549566475097,1009.34
1549566475107,1009.34
1549566475117,1009.34
1549566475127,1009.34
1549566475137,1009.34
1549566475147,1009.34
1549566475159,1009.34
1549566475168,1009.34
1549566475177,1009.3
1549566475186,1009.3
1549566475196,1009.3
1549566475206,1009.3
1549566475217,1009.3
1549566475226,1009.3
1549566475238,1009.3
1549566475246,1009.3
1549566475257,1009.3
1549566475267,1009.3
1549566475277,1009.3
1549566475287,1009.3
1549566475297,1009.3
1549566475307,1009.3
1549566475317,1009.3
1549566475327,1009.3
1549566475337,1009.3
1549566475347,1009.3
1549566475357,1009.3
1549566475367,1009.3
1549566475377,1009.3
1549566475387,1009.3
1549566475397,1009.3
1549566475407,1009.3
1549566475417,1009.3
1549566475427,1009.3
1549566475437,1009.3
1549566475447,1009.3
1549566475457,1009.3
1549566475467,1009.3
1549566475477,1009.3
1549566475487,1009.3
1549566475497,1009.3
1549566475507,1009.3
1549566475517,1009.3
1549566475527,1009.3
1549566475537,1009.3
1549566475547,1009.3
1549566475557,1009.26
1549566475567,1009.26
1549566475577,1009.26
1549566475587,1009.26
1549566475597,1009.26
1549566475607,1009.26
1549566475617,1009.26
1549566475627,1009.26
1549566475637,1009.26
1549566475647,1009.26
1549566475658,1009.26
1549566475667,1009.26
1549566475677,1009.26
1549566475687,1009.26
1549566475697,1009.26
1549566475706,1009.26
1549566475716,1009.26
1549566475726,1009.26
1549566475737,1009.26
1549566475746,1009.21
1549566475757,1009.21
1549566475766,1009.21
1549566475776,1009.21
1549566475786,1009.21
1549566475797,1009.21
1549566475807,1009.21
1549566475817,1009.21
1549566475827,1009.21
1549566475837,1009.21
1549566475847,1009.21
1549566475857,1009.21
1549566475867,1009.21
1549566475877,1009.21
1549566475887,1009.21
1549566475897,1009.21
1549566475908,1009.21
1549566475917,1009.21
1549566475927,1009.21
1549566475937,1009.22
1549566475947,1009.22
1549566475957,1009.22
1549566475969,1009.22
1549566475977,1009.22
1549566476004,1009.22
1549566476004,1009.22
1549566476007,1009.22
1549566476017,1009.22
1549566476028,1009.22
1549566476037,1009.22
1549566476047,1009.22
1549566476057,1009.22
1549566476067,1009.22
1549566476077,1009.22
1549566476087,1009.22
1549566476097,1009.22
1549566476107,1009.22
1549566476117,1009.22
1549566476127,1009.17
1549566476137,1009.17
1549566476147,1009.17
1549566476157,1009.17
1549566476167,1009.17
1549566476177,1009.17
1549566476187,1009.17
1549566476196,1009.17
1549566476207,1009.17
1549566476216,1009.17
1549566476228,1009.17
1549566476238,1009.17
1549566476246,1009.17
1549566476256,1009.17
1549566476267,1009.17
1549566476277,1009.17
1549566476287,1009.17
1549566476297,1009.17
1549566476307,1009.17
1549566476317,1009.13
1549566476327,1009.13
1549566476337,1009.13
1549566476347,1009.13
1549566476357,1009.13
1549566476367,1009.13
1549566476377,1009.13
1549566476387,1009.13
1549566476397,1009.13
1549566476407,1009.13
1549566476417,1009.13
1549566476427,1009.13
1549566476437,1009.13
1549566476447,1009.13
1549566476457,1009.13
1549566476467,1009.13
1549566476477,1009.13
1549566476487,1009.13
1549566476497,1009.13
1549566476507,1009.13
1549566476517,1009.13
1549566476527,1009.13
1549566476537,1009.13
1549566476547,1009.13
1549566476557,1009.13
1549566476567,1009.13
1549566476577,1009.13
1549566476587,1009.13
1549566476597,1009.13
1549566476607,1009.13
1549566476617,1009.13
1549566476627,1009.13
1549566476637,1009.13
1549566476649,1009.13
1549566476657,1009.13
1549566476667,1009.13
1549566476676,1009.13
1549566476686,1009.13
1549566476696,1009.08
1549566476706,1009.08
1549566476717,1009.08
1549566476728,1009.08
1549566476737,1009.08
1549566476747,1009.08
1549566476756,1009.08
1549566476767,1009.08
1549566476777,1009.08
1549566476787,1009.08
1549566476797,1009.08
1549566476807,1009.08
1549566476817,1009.08
1549566476827,1009.08
1549566476837,1009.08
1549566476847,1009.08
1549566476857,1009.08
1549566476867,1009.08
1549566476877,1009.08
1549566476887,1009.09
1549566476897,1009.09
1549566476907,1009.09
1549566476917,1009.09
1549566476927,1009.09
1549566476937,1009.09
1549566476947,1009.09
1549566476957,1009.09
1549566476967,1009.09
1549566476977,1009.09
1549566476987,1009.09
1549566476997,1009.09
1549566477007,1009.09
1549566477017,1009.09
1549566477026,1009.09
1549566477036,1009.09
1549566477047,1009.09
1549566477056,1009.09
1549566477070,1009.09
1549566477076,1009.03
1549566477086,1009.03
1549566477096,1009.03
1549566477106,1009.03
1549566477117,1009.03
1549566477127,1009.03
1549566477137,1009.03
1549566477147,1009.03
1549566477157,1009.03
1549566477167,1009.03
1549566477176,1009.03
1549566477186,1009.03
1549566477196,1009.03
1549566477206,1009.03
1549566477216,1009.03
1549566477227,1009.03
1549566477236,1009.03
1549566477246,1009.03
1549566477256,1009.03
1549566477266,1008.99
1549566477276,1008.99
1549566477286,1008.99
1549566477296,1008.99
1549566477306,1008.99
1549566477317,1008.99
1549566477326,1008.99
1549566477336,1008.99
1549566477346,1008.99
1549566477356,1008.99
1549566477366,1008.99
1549566477376,1008.99
1549566477386,1008.99
1549566477396,1008.99
1549566477406,1008.99
1549566477416,1008.99
1549566477426,1008.99
1549566477436,1008.99
1549566477446,1008.99
1549566477456,1008.99
1549566477466,1008.99
1549566477476,1008.99
1549566477486,1008.99
1549566477496,1008.99
1549566477506,1008.99
1549566477516,1008.99
1549566477526,1008.99
1549566477536,1008.99
1549566477546,1008.99
1549566477556,1008.99
1549566477566,1008.99
1549566477576,1008.99
1549566477586,1008.99
1549566477596,1008.99
1549566477606,1008.99
1549566477616,1008.99
1549566477626,1008.99
1549566477636,1008.99
1549566477646,1008.93
1549566477658,1008.93
1549566477666,1008.93
1549566477676,1008.93
1549566477686,1008.93
1549566477696,1008.93
1549566477706,1008.93
1549566477717,1008.93
1549566477726,1008.93
1549566477737,1008.93
1549566477746,1008.93
1549566477756,1008.93
1549566477767,1008.93
1549566477776,1008.93
1549566477786,1008.93
1549566477796,1008.93
1549566477806,1008.93
1549566477816,1008.93
1549566477826,1008.89
1549566477836,1008.89
1549566477846,1008.89
1549566477856,1008.89
1549566477867,1008.89
1549566477877,1008.89
1549566477887,1008.89
1549566477897,1008.89
1549566477907,1008.89
1549566477917,1008.89
1549566477927,1008.89
1549566477937,1008.89
1549566477947,1008.89
1549566477957,1008.89
1549566477967,1008.89
1549566477977,1008.89
1549566477987,1008.89
1549566477997,1008.89
1549566478007,1008.89
1549566478017,1008.89
1549566478027,1008.89
1549566478037,1008.89
1549566478047,1008.89
1549566478057,1008.89
1549566478067,1008.89
1549566478077,1008.89
1549566478087,1008.89
1549566478097,1008.89
1549566478107,1008.89
1549566478117,1008.89
1549566478127,1008.89
1549566478137,1008.89
1549566478147,1008.89
1549566478159,1008.89
1549566478167,1008.89
1549566478178,1008.89
1549566478186,1008.89
1549566478196,1008.89
1549566478206,1008.83
1549566478216,1008.83
1549566478226,1008.83
1549566478237,1008.83
1549566478246,1008.83
1549566478256,1008.83
1549566478267,1008.83
1549566478276,1008.83
1549566478286,1008.83
1549566478296,1008.83
1549566478306,1008.83
1549566478317,1008.83
1549566478327,1008.83
1549566478337,1008.83
1549566478347,1008.83
1549566478357,1008.83
1549566478367,1008.83
1549566478377,1008.83
1549566478387,1008.83
1549566478397,1008.79
1549566478407,1008.79
1549566478417,1008.79
1549566478427,1008.79
1549566478437,1008.79
1549566478447,1008.79
1549566478457,1008.79
1549566478467,1008.79
1549566478477,1008.79
1549566478487,1008.79
1549566478497,1008.79
1549566478507,1008.79
1549566478517,1008.79
1549566478527,1008.79
1549566478537,1008.79
1549566478547,1008.79
1549566478557,1008.79
1549566478567,1008.79
1549566478577,1008.79
1549566478587,1008.79
1549566478597,1008.79
1549566478607,1008.79
1549566478617,1008.79
1549566478627,1008.79
1549566478637,1008.79
1549566478650,1008.79
1549566478657,1008.79
1549566478666,1008.79
1549566478676,1008.79
1549566478686,1008.79
1549566478696,1008.79
1549566478706,1008.79
1549566478716,1008.79
1549566478726,1008.79
1549566478736,1008.79
1549566478746,1008.79
1549566478756,1008.79
1549566478766,1008.79
1549566478776,1008.74
1549566478786,1008.74
1549566478796,1008.74
1549566478806,1008.74
1549566478816,1008.74
1549566478826,1008.74
1549566478836,1008.74
1549566478846,1008.74
1549566478856,1008.74
1549566478866,1008.74
1549566478876,1008.74
1549566478886,1008.74
1549566478896,1008.74
1549566478906,1008.74
1549566478916,1008.74
1549566478926,1008.74
1549566478936,1008.74
1549566478946,1008.74
1549566478956,1008.74
1549566478966,1008.69
1549566478976,1008.69
1549566478986,1008.69
1549566478996,1008.69
1549566479006,1008.69
1549566479016,1008.69
1549566479026,1008.69
1549566479036,1008.69
1549566479046,1008.69
1549566479056,1008.69
1549566479066,1008.69
1549566479076,1008.69
1549566479086,1008.69
1549566479096,1008.69
1549566479106,1008.69
1549566479116,1008.69
1549566479126,1008.69
1549566479136,1008.69
1549566479146,1008.69
1549566479156,1008.69
1549566479169,1008.69
1549566479176,1008.69
1549566479186,1008.69
1549566479196,1008.69
1549566479206,1008.69
1549566479216,1008.69
1549566479227,1008.69
1549566479236,1008.69
1549566479246,1008.69
1549566479256,1008.69
1549566479266,1008.69
1549566479276,1008.69
1549566479286,1008.69
1549566479296,1008.69
1549566479306,1008.69
1549566479316,1008.69
1549566479326,1008.69
1549566479336,1008.69
1549566479346,1008.63
1549566479356,1008.63
1549566479366,1008.63
1549566479376,1008.63
1549566479386,1008.63
1549566479396,1008.63
1549566479406,1008.63
1549566479416,1008.63
1549566479426,1008.63
1549566479436,1008.63
1549566479446,1008.63
1549566479456,1008.63
1549566479466,1008.63
1549566479476,1008.63
1549566479486,1008.63
1549566479496,1008.63
1549566479506,1008.63
1549566479516,1008.63
1549566479526,1008.63
1549566479536,1008.64
1549566479546,1008.64
1549566479556,1008.64
1549566479566,1008.64
1549566479576,1008.64
1549566479586,1008.64
1549566479596,1008.64
1549566479606,1008.64
1549566479616,1008.64
1549566479626,1008.64
1549566479636,1008.64
1549566479647,1008.64
1549566479658,1008.64
1549566479666,1008.64
1549566479676,1008.64
1549566479686,1008.64
1549566479696,1008.64
1549566479706,1008.64
1549566479716,1008.64
1549566479726,1008.58
1549566479737,1008.58
1549566479746,1008.58
1549566479756,1008.58
1549566479766,1008.58
1549566479776,1008.58
1549566479786,1008.58
1549566479796,1008.58
1549566479806,1008.58
1549566479816,1008.58
1549566479827,1008.58
1549566479836,1008.58
1549566479846,1008.58
1549566479856,1008.58
1549566479866,1008.58
1549566479876,1008.58
1549566479886,1008.58
1549566479896,1008.58
1549566479906,1008.58
1549566479916,1008.53
1549566479926,1008.53
1549566479936,1008.53
1549566479946,1008.53
1549566479956,1008.53
1549566479966,1008.53
1549566479976,1008.53
1549566479986,1008.53
1549566479996,1008.53
1549566480009,1008.53
1549566480016,1008.53
1549566480027,1008.53
1549566480036,1008.53
1549566480046,1008.53
1549566480058,1008.53
1549566480066,1008.53
1549566480080,1008.53
1549566480086,1008.53
1549566480096,1008.53
1549566480107,1008.54
1549566480116,1008.54
1549566480127,1008.54
1549566480136,1008.54
1549566480146,1008.54
1549566480156,1008.54
1549566480166,1008.54
1549566480176,1008.54
1549566480186,1008.54
1549566480196,1008.54
1549566480206,1008.54
1549566480216,1008.54
1549566480226,1008.54
1549566480236,1008.54
1549566480246,1008.54
1549566480256,1008.54
1549566480266,1008.54
1549566480276,1008.54
1549566480286,1008.54
1549566480296,1008.48
1549566480306,1008.48
1549566480316,1008.48
1549566480326,1008.48
1549566480336,1008.48
1549566480346,1008.48
1549566480356,1008.48
1549566480366,1008.48
1549566480376,1008.48
1549566480386,1008.48
1549566480396,1008.48
1549566480406,1008.48
1549566480416,1008.48
1549566480426,1008.48
1549566480436,1008.48
1549566480446,1008.48
1549566480456,1008.48
1549566480466,1008.48
1549566480476,1008.42
1549566480486,1008.42
1549566480496,1008.42
1549566480506,1008.42
1549566480516,1008.42
1549566480526,1008.42
1549566480536,1008.42
1549566480546,1008.42
1549566480556,1008.42
1549566480566,1008.42
1549566480576,1008.42
1549566480586,1008.42
1549566480596,1008.42
1549566480606,1008.42
1549566480616,1008.42
1549566480626,1008.42
1549566480636,1008.42
1549566480646,1008.42
1549566480656,1008.42
1549566480666,1008.43
1549566480676,1008.43
1549566480686,1008.43
1549566480696,1008.43
1549566480706,1008.43
1549566480716,1008.43
1549566480727,1008.43
1549566480736,1008.43
1549566480746,1008.43
1549566480756,1008.43
1549566480766,1008.43
1549566480776,1008.43
1549566480786,1008.43
1549566480796,1008.43
1549566480806,1008.43
1549566480816,1008.43
1549566480826,1008.43
1549566480836,1008.43
1549566480846,1008.43
1549566480856,1008.37
1549566480866,1008.37
1549566480876,1008.37
1549566480886,1008.37
1549566480896,1008.37
1549566480906,1008.37
1549566480916,1008.37
1549566480926,1008.37
1549566480936,1008.37
1549566480946,1008.37
1549566480956,1008.37
1549566480966,1008.37
1549566480976,1008.37
1549566481008,1008.37
1549566481009,1008.37
1549566481009,1008.37
1549566481016,1008.37
1549566481027,1008.37
1549566481036,1008.37
1549566481046,1008.31
1549566481056,1008.31
1549566481066,1008.31
1549566481076,1008.31
1549566481086,1008.31
1549566481096,1008.31
1549566481106,1008.31
1549566481116,1008.31
1549566481126,1008.31
1549566481136,1008.31
1549566481146,1008.31
1549566481156,1008.31
1549566481170,1008.31
1549566481177,1008.31
1549566481186,1008.31
1549566481196,1008.31
1549566481206,1008.31
1549566481216,1008.31
1549566481227,1008.31
1549566481236,1008.32
1549566481246,1008.32
1549566481256,1008.32
1549566481266,1008.32
1549566481276,1008.32
1549566481286,1008.32
1549566481296,1008.32
1549566481306,1008.32
1549566481316,1008.32
1549566481326,1008.32
1549566481336,1008.32
1549566481346,1008.32
1549566481356,1008.32
1549566481366,1008.32
1549566481376,1008.32
1549566481386,1008.32
1549566481396,1008.32
1549566481406,1008.32
1549566481416,1008.32
1549566481426,1008.26
1549566481436,1008.26
1549566481446,1008.26
1549566481456,1008.26
1549566481466,1008.26
1549566481476,1008.26
1549566481486,1008.26
1549566481496,1008.26
1549566481506,1008.26
1549566481516,1008.26
1549566481526,1008.26
1549566481536,1008.26
1549566481546,1008.26
1549566481556,1008.26
1549566481566,1008.26
1549566481576,1008.26
1549566481586,1008.26
1549566481596,1008.26
1549566481606,1008.26
1549566481616,1008.26
1549566481626,1008.26
1549566481636,1008.26
1549566481646,1008.26
1549566481658,1008.26
1549566481666,1008.26
1549566481676,1008.26
1549566481686,1008.26
1549566481696,1008.26
1549566481706,1008.26
1549566481716,1008.26
1549566481726,1008.26
1549566481736,1008.26
1549566481746,1008.26
1549566481756,1008.26
1549566481766,1008.26
1549566481776,1008.26
1549566481786,1008.26
1549566481796,1008.26
1549566481806,1008.2
1549566481816,1008.2
1549566481826,1008.2
1549566481836,1008.2
1549566481846,1008.2
1549566481856,1008.2
1549566481866,1008.2
1549566481876,1008.2
1549566481886,1008.2
1549566481896,1008.2
1549566481906,1008.2
1549566481916,1008.2
1549566481926,1008.2
1549566481936,1008.2
1549566481946,1008.2
1549566481956,1008.2
1549566481966,1008.2
1549566481976,1008.2
1549566481986,1008.2
1549566481996,1008.14
1549566482006,1008.14
1549566482016,1008.14
1549566482026,1008.14
1549566482036,1008.14
1549566482046,1008.14
1549566482056,1008.14
1549566482066,1008.14
1549566482076,1008.14
1549566482086,1008.14
1549566482096,1008.14
1549566482106,1008.14
1549566482116,1008.14
1549566482126,1008.14
1549566482136,1008.14
1549566482146,1008.14
1549566482157,1008.14
1549566482166,1008.14
1549566482178,1008.14
1549566482186,1008.15
1549566482196,1008.15
1549566482206,1008.15
1549566482216,1008.15
1549566482226,1008.15
1549566482237,1008.15
1549566482246,1008.15
1549566482256,1008.15
1549566482266,1008.15
1549566482276,1008.15
1549566482286,1008.15
1549566482296,1008.15
1549566482306,1008.15
1549566482316,1008.15
1549566482326,1008.15
1549566482336,1008.15
1549566482346,1008.15
1549566482356,1008.15
1549566482366,1008.15
1549566482376,1008.09
1549566482386,1008.09
1549566482396,1008.09
1549566482406,1008.09
1549566482416,1008.09
1549566482426,1008.09
1549566482436,1008.09
1549566482446,1008.09
1549566482456,1008.09
1549566482466,1008.09
1549566482476,1008.09
1549566482486,1008.09
1549566482496,1008.09
1549566482506,1008.09
1549566482516,1008.09
1549566482526,1008.09
1549566482536,1008.09
1549566482546,1008.09
1549566482556,1008.09
1549566482566,1008.03
1549566482576,1008.03
1549566482586,1008.03
1549566482596,1008.03
1549566482606,1008.03
1549566482616,1008.03
1549566482626,1008.03
1549566482636,1008.03
1549566482646,1008.03
1549566482656,1008.03
1549566482666,1008.03
1549566482676,1008.03
1549566482686,1008.03
1549566482696,1008.03
1549566482706,1008.03
1549566482716,1008.03
1549566482727,1008.03
1549566482736,1008.03
1549566482746,1008.03
1549566482756,1008.03
1549566482766,1008.03
1549566482776,1008.03
1549566482786,1008.03
1549566482796,1008.03
1549566482806,1008.03
1549566482816,1008.03
1549566482826,1008.03
1549566482836,1008.03
1549566482846,1008.03
1549566482856,1008.03
1549566482866,1008.03
1549566482876,1008.03
1549566482886,1008.03
1549566482896,1008.03
1549566482906,1008.03
1549566482916,1008.03
1549566482926,1008.03
1549566482936,1008.03
1549566482946,1007.97
1549566482956,1007.97
1549566482966,1007.97
1549566482976,1007.97
1549566482986,1007.97
1549566482996,1007.97
1549566483006,1007.97
1549566483016,1007.97
1549566483026,1007.97
1549566483036,1007.97
1549566483046,1007.97
1549566483056,1007.97
1549566483066,1007.97
1549566483076,1007.97
1549566483086,1007.97
1549566483096,1007.97
1549566483106,1007.97
1549566483116,1007.97
1549566483126,1007.97
1549566483136,1007.91
1549566483146,1007.91
1549566483156,1007.91
1549566483169,1007.91
1549566483176,1007.91
1549566483186,1007.91
1549566483196,1007.91
1549566483206,1007.91
1549566483216,1007.91
1549566483226,1007.91
1549566483236,1007.91
1549566483246,1007.91
1549566483256,1007.91
1549566483266,1007.91
1549566483276,1007.91
1549566483286,1007.91
1549566483296,1007.91
1549566483306,1007.91
1549566483316,1007.92
1549566483326,1007.92
1549566483336,1007.92
1549566483346,1007.92
1549566483356,1007.92
1549566483366,1007.92
1549566483376,1007.92
1549566483386,1007.92
1549566483396,1007.92
1549566483406,1007.92
1549566483416,1007.92
1549566483426,1007.92
1549566483436,1007.92
1549566483446,1007.92
1549566483456,1007.92
1549566483466,1007.92
1549566483476,1007.92
1549566483486,1007.92
1549566483496,1007.92
1549566483506,1007.85
1549566483516,1007.85
1549566483526,1007.85
1549566483536,1007.85
1549566483546,1007.85
1549566483556,1007.85
1549566483566,1007.85
1549566483576,1007.85
1549566483586,1007.85
1549566483596,1007.85
1549566483606,1007.85
1549566483616,1007.85
1549566483626,1007.85
1549566483636,1007.85
1549566483646,1007.85
1549566483658,1007.85
1549566483666,1007.85
1549566483676,1007.85
1549566483686,1007.85
1549566483696,1007.79
1549566483706,1007.79
1549566483716,1007.79
1549566483726,1007.79
1549566483737,1007.79
1549566483746,1007.79
1549566483756,1007.79
1549566483766,1007.79
1549566483776,1007.79
1549566483786,1007.79
1549566483796,1007.79
1549566483806,1007.79
1549566483816,1007.79
1549566483826,1007.79
1549566483836,1007.79
1549566483846,1007.79
1549566483856,1007.79
1549566483866,1007.79
1549566483876,1007.79
1549566483886,1007.8
1549566483896,1007.8
1549566483906,1007.8
1549566483916,1007.8
1549566483926,1007.8
1549566483936,1007.8
1549566483946,1007.8
1549566483956,1007.8
1549566483966,1007.8
1549566483976,1007.8
1549566483986,1007.8
1549566483996,1007.8
1549566484006,1007.8
1549566484016,1007.8
1549566484026,1007.8
1549566484036,1007.8
1549566484046,1007.8
1549566484056,1007.8
1549566484066,1007.8
1549566484076,1007.74
1549566484086,1007.74
1549566484096,1007.74
1549566484106,1007.74
1549566484116,1007.74
1549566484126,1007.74
1549566484136,1007.74
1549566484146,1007.74
1549566484158,1007.74
1549566484166,1007.74
1549566484177,1007.74
1549566484186,1007.74
1549566484196,1007.74
1549566484206,1007.74
1549566484216,1007.74
1549566484226,1007.74
1549566484237,1007.74
1549566484246,1007.74
1549566484256,1007.74
1549566484266,1007.74
1549566484276,1007.74
1549566484286,1007.74
1549566484296,1007.74
1549566484306,1007.74
1549566484316,1007.74
1549566484326,1007.74
1549566484336,1007.74
1549566484346,1007.74
1549566484356,1007.74
1549566484366,1007.74
1549566484376,1007.74
1549566484386,1007.74
1549566484396,1007.74
1549566484406,1007.74
1549566484416,1007.74
1549566484426,1007.74
1549566484436,1007.74
1549566484466,1007.74
1549566484466,1007.68
1549566484466,1007.68
1549566484495,1007.68
1549566484496,1007.68
1549566484506,1007.68
1549566484516,1007.68
1549566484526,1007.68
1549566484528,1007.68
1549566484536,1007.68
1549566484546,1007.68
1549566484556,1007.68
1549566484566,1007.68
1549566484576,1007.68
1549566484586,1007.68
1549566484596,1007.68
1549566484606,1007.68
1549566484616,1007.68
1549566484626,1007.68
1549566484636,1007.68
1549566484647,1007.62
1549566484656,1007.62
1549566484666,1007.62
1549566484676,1007.62
1549566484687,1007.62
1549566484697,1007.62
1549566484706,1007.62
1549566484716,1007.62
1549566484727,1007.62
1549566484736,1007.62
1549566484747,1007.62
1549566484756,1007.62
1549566484766,1007.62
1549566484779,1007.62
1549566484786,1007.62
1549566484797,1007.62
1549566484807,1007.62
1549566484817,1007.62
1549566484827,1007.62
1549566484837,1007.63
1549566484847,1007.63
1549566484857,1007.63
1549566484867,1007.63
1549566484877,1007.63
1549566484887,1007.63
1549566484897,1007.63
1549566484907,1007.63
1549566484917,1007.63
1549566484927,1007.63
1549566484937,1007.63
1549566484947,1007.63
1549566484957,1007.63
1549566484967,1007.63
1549566484977,1007.63
1549566484986,1007.63
1549566484996,1007.63
1549566485006,1007.63
1549566485016,1007.63
1549566485027,1007.56
1549566485036,1007.56
1549566485046,1007.56
1549566485056,1007.56
1549566485066,1007.56
1549566485077,1007.56
1549566485086,1007.56
1549566485096,1007.56
1549566485106,1007.56
1549566485116,1007.56
1549566485127,1007.56
1549566485136,1007.56
1549566485146,1007.56
1549566485156,1007.56
1549566485169,1007.56
1549566485177,1007.56
1549566485186,1007.56
1549566485196,1007.56
1549566485206,1007.56
1549566485217,1007.51
1549566485226,1007.51
1549566485236,1007.51
1549566485246,1007.51
1549566485256,1007.51
1549566485266,1007.51
1549566485276,1007.51
1549566485286,1007.51
1549566485296,1007.51
1549566485306,1007.51
1549566485316,1007.51
1549566485326,1007.51
1549566485336,1007.51
1549566485346,1007.51
1549566485356,1007.51
1549566485366,1007.51
1549566485377,1007.51
1549566485386,1007.51
1549566485396,1007.51
1549566485406,1007.51
1549566485416,1007.51
1549566485427,1007.51
1549566485437,1007.51
1549566485447,1007.51
1549566485457,1007.51
1549566485467,1007.51
1549566485477,1007.51
1549566485487,1007.51
1549566485497,1007.51
1549566485507,1007.51
1549566485517,1007.51
1549566485527,1007.51
1549566485537,1007.51
1549566485547,1007.51
1549566485557,1007.51
1549566485567,1007.51
1549566485577,1007.51
1549566485587,1007.45
1549566485597,1007.45
1549566485607,1007.45
1549566485617,1007.45
1549566485628,1007.45
1549566485637,1007.45
1549566485647,1007.45
1549566485660,1007.45
1549566485667,1007.45
1549566485676,1007.45
1549566485686,1007.45
1549566485696,1007.45
1549566485706,1007.45
1549566485716,1007.45
1549566485726,1007.45
1549566485737,1007.45
1549566485746,1007.45
1549566485756,1007.45
1549566485766,1007.45
1549566485776,1007.39
1549566485786,1007.39
1549566485796,1007.39
1549566485806,1007.39
1549566485816,1007.39
1549566485826,1007.39
1549566485837,1007.39
1549566485847,1007.39
1549566485857,1007.39
1549566485867,1007.39
1549566485877,1007.39
1549566485887,1007.39
1549566485897,1007.39
1549566485907,1007.39
1549566485917,1007.39
1549566485927,1007.39
1549566485937,1007.39
1549566485947,1007.39
1549566485957,1007.39
1549566485967,1007.39
1549566485977,1007.39
1549566485987,1007.39
1549566486008,1007.39
1549566486008,1007.39
1549566486017,1007.39
1549566486028,1007.39
1549566486037,1007.39
1549566486047,1007.39
1549566486057,1007.39
1549566486067,1007.39
1549566486077,1007.39
1549566486087,1007.39
1549566486097,1007.39
1549566486107,1007.39
1549566486117,1007.39
1549566486127,1007.39
1549566486137,1007.39
1549566486147,1007.39
1549566486158,1007.32
1549566486167,1007.32
1549566486179,1007.32
1549566486187,1007.32
1549566486197,1007.32
1549566486208,1007.32
1549566486217,1007.32
1549566486227,1007.32
1549566486237,1007.32
1549566486246,1007.32
1549566486256,1007.32
1549566486266,1007.32
1549566486277,1007.32
1549566486286,1007.32
1549566486296,1007.32
1549566486306,1007.32
1549566486317,1007.32
1549566486327,1007.32
1549566486337,1007.32
1549566486347,1007.33
1549566486357,1007.33
1549566486367,1007.33
1549566486377,1007.33
1549566486387,1007.33
1549566486397,1007.33
1549566486407,1007.33
1549566486417,1007.33
1549566486427,1007.33
1549566486437,1007.33
1549566486447,1007.33
1549566486457,1007.33
1549566486467,1007.33
1549566486477,1007.33
1549566486487,1007.33
1549566486497,1007.33
1549566486507,1007.33
1549566486517,1007.33
1549566486527,1007.33
1549566486537,1007.26
1549566486547,1007.26
1549566486557,1007.26
1549566486567,1007.26
1549566486577,1007.26
1549566486587,1007.26
1549566486597,1007.26
1549566486607,1007.26
1549566486617,1007.26
1549566486627,1007.26
1549566486637,1007.26
1549566486647,1007.26
1549566486657,1007.26
1549566486669,1007.26
1549566486680,1007.26
1549566486686,1007.26
1549566486696,1007.26
1549566486706,1007.26
1549566486716,1007.26
1549566486727,1007.21
1549566486736,1007.21
1549566486748,1007.21
1549566486756,1007.21
1549566486767,1007.21
1549566486778,1007.21
1549566486787,1007.21
1549566486797,1007.21
1549566486807,1007.21
1549566486817,1007.21
1549566486827,1007.21
1549566486837,1007.21
1549566486847,1007.21
1549566486857,1007.21
1549566486867,1007.21
1549566486877,1007.21
1549566486887,1007.21
1549566486897,1007.21
1549566486907,1007.21
1549566486917,1007.21
1549566486927,1007.21
1549566486937,1007.21
1549566486947,1007.21
1549566486957,1007.21
1549566486967,1007.21
1549566486977,1007.21
1549566486987,1007.21
1549566486997,1007.21
1549566487007,1007.21
1549566487017,1007.21
1549566487027,1007.21
1549566487037,1007.21
1549566487047,1007.21
1549566487057,1007.21
1549566487067,1007.21
1549566487077,1007.21
1549566487087,1007.21
1549566487097,1007.21
1549566487107,1007.14
1549566487117,1007.14
1549566487127,1007.14
1549566487137,1007.14
1549566487149,1007.14
1549566487157,1007.14
1549566487167,1007.14
1549566487177,1007.14
1549566487186,1007.14
1549566487196,1007.14
1549566487206,1007.14
1549566487217,1007.14
1549566487227,1007.14
1549566487236,1007.14
1549566487246,1007.14
1549566487256,1007.14
1549566487267,1007.14
1549566487276,1007.14
1549566487286,1007.09
1549566487296,1007.09
1549566487306,1007.09
1549566487316,1007.09
1549566487326,1007.09
1549566487336,1007.09
1549566487347,1007.09
1549566487356,1007.09
1549566487367,1007.09
1549566487377,1007.09
1549566487387,1007.09
1549566487397,1007.09
1549566487407,1007.09
1549566487417,1007.09
1549566487427,1007.09
1549566487437,1007.09
1549566487447,1007.09
1549566487457,1007.09
1549566487467,1007.09
1549566487477,1007.09
1549566487487,1007.09
1549566487497,1007.09
1549566487507,1007.09
1549566487517,1007.09
1549566487527,1007.09
1549566487537,1007.09
1549566487547,1007.09
1549566487557,1007.09
1549566487567,1007.09
1549566487577,1007.09
1549566487587,1007.09
1549566487597,1007.09
1549566487607,1007.09
1549566487617,1007.09
1549566487627,1007.09
1549566487637,1007.09
1549566487646,1007.09
1549566487658,1007.09
1549566487666,1007.02
1549566487677,1007.02
1549566487687,1007.02
1549566487696,1007.02
1549566487706,1007.02
1549566487716,1007.02
1549566487726,1007.02
1549566487737,1007.02
1549566487746,1007.02
1549566487756,1007.02
1549566487767,1007.02
1549566487776,1007.02
1549566487787,1007.02
1549566487796,1007.02
1549566487806,1007.02
1549566487816,1007.02
1549566487827,1007.02
1549566487836,1007.02
1549566487846,1007.02
1549566487856,1006.96
1549566487866,1006.96
1549566487876,1006.96
1549566487886,1006.96
1549566487896,1006.96
1549566487906,1006.96
1549566487916,1006.96
1549566487926,1006.96
1549566487936,1006.96
1549566487946,1006.96
1549566487956,1006.96
1549566487967,1006.96
1549566487977,1006.96
1549566487987,1006.96
1549566487997,1006.96
1549566488007,1006.96
1549566488017,1006.96
1549566488027,1006.96
1549566488037,1006.96
1549566488047,1006.97
1549566488057,1006.97
1549566488067,1006.97
1549566488077,1006.97
1549566488087,1006.97
1549566488097,1006.97
1549566488107,1006.97
1549566488117,1006.97
1549566488127,1006.97
1549566488137,1006.97
1549566488146,1006.97
1549566488156,1006.97
1549566488166,1006.97
1549566488176,1006.97
1549566488186,1006.97
1549566488196,1006.97
1549566488212,1006.97
1549566488216,1006.97
1549566488226,1006.97
1549566488237,1006.9
1549566488246,1006.9
1549566488256,1006.9
1549566488266,1006.9
1549566488276,1006.9
1549566488286,1006.9
1549566488296,1006.9
1549566488306,1006.9
1549566488316,1006.9
1549566488326,1006.9
1549566488336,1006.9
1549566488346,1006.9
1549566488356,1006.9
1549566488366,1006.9
1549566488376,1006.9
1549566488386,1006.9
1549566488396,1006.9
1549566488406,1006.9
1549566488416,1006.9
1549566488426,1006.9
1549566488436,1006.9
1549566488446,1006.9
1549566488456,1006.9
1549566488466,1006.9
1549566488477,1006.9
1549566488486,1006.9
1549566488496,1006.9
1549566488506,1006.9
1549566488516,1006.9
1549566488527,1006.9
1549566488536,1006.9
1549566488546,1006.9
1549566488556,1006.9
1549566488566,1006.9
1549566488576,1006.9
1549566488586,1006.9
1549566488596,1006.9
1549566488606,1006.9
1549566488616,1006.83
1549566488626,1006.83
1549566488636,1006.83
1549566488646,1006.83
1549566488656,1006.83
1549566488666,1006.83
1549566488680,1006.83
1549566488686,1006.83
1549566488696,1006.83
1549566488707,1006.83
1549566488716,1006.83
1549566488726,1006.83
1549566488738,1006.83
1549566488746,1006.83
1549566488757,1006.83
1549566488767,1006.83
1549566488777,1006.83
1549566488787,1006.83
1549566488797,1006.83
1549566488807,1006.77
1549566488817,1006.77
1549566488827,1006.77
1549566488837,1006.77
1549566488847,1006.77
1549566488857,1006.77
1549566488867,1006.77
1549566488877,1006.77
1549566488887,1006.77
1549566488897,1006.77
1549566488907,1006.77
1549566488917,1006.77
1549566488927,1006.77
1549566488937,1006.77
1549566488947,1006.77
1549566488957,1006.77
1549566488967,1006.77
1549566488977,1006.77
1549566488987,1006.77
1549566488997,1006.78
1549566489007,1006.78
1549566489017,1006.78
1549566489027,1006.78
1549566489037,1006.78
1549566489047,1006.78
1549566489057,1006.78
1549566489067,1006.78
1549566489077,1006.78
1549566489087,1006.78
1549566489097,1006.78
1549566489107,1006.78
1549566489117,1006.78
1549566489127,1006.78
1549566489137,1006.78
1549566489148,1006.78
1549566489156,1006.78
1549566489166,1006.78
1549566489176,1006.78
1549566489186,1006.71
1549566489196,1006.71
1549566489206,1006.71
1549566489216,1006.71
1549566489227,1006.71
1549566489236,1006.71
1549566489246,1006.71
1549566489256,1006.71
1549566489266,1006.71
1549566489276,1006.71
1549566489286,1006.71
1549566489296,1006.71
1549566489306,1006.71
1549566489316,1006.71
1549566489327,1006.71
1549566489337,1006.71
1549566489347,1006.71
1549566489357,1006.71
1549566489367,1006.71
1549566489377,1006.64
1549566489387,1006.64
1549566489397,1006.64
1549566489407,1006.64
1549566489417,1006.64
1549566489427,1006.64
1549566489437,1006.64
1549566489447,1006.64
1549566489457,1006.64
1549566489467,1006.64
1549566489477,1006.64
1549566489487,1006.64
1549566489497,1006.64
1549566489506,1006.64
1549566489516,1006.64
1549566489526,1006.64
1549566489536,1006.64
1549566489546,1006.64
1549566489556,1006.65
1549566489566,1006.65
1549566489576,1006.65
1549566489586,1006.65
1549566489596,1006.65
1549566489607,1006.65
1549566489617,1006.65
1549566489627,1006.65
1549566489637,1006.65
1549566489648,1006.65
1549566489660,1006.65
1549566489667,1006.65
1549566489677,1006.65
1549566489686,1006.65
1549566489696,1006.65
1549566489706,1006.65
1549566489716,1006.65
1549566489726,1006.65
1549566489738,1006.65
1549566489746,1006.58
1549566489756,1006.58
1549566489768,1006.58
1549566489777,1006.58
1549566489787,1006.58
1549566489797,1006.58
1549566489807,1006.58
1549566489817,1006.58
1549566489828,1006.58
1549566489837,1006.58
1549566489848,1006.58
1549566489857,1006.58
1549566489867,1006.58
1549566489877,1006.58
1549566489887,1006.58
1549566489897,1006.58
1549566489907,1006.58
1549566489917,1006.58
1549566489927,1006.58
1549566489937,1006.51
1549566489947,1006.51
1549566489957,1006.51
1549566489967,1006.51
1549566489977,1006.51
1549566489987,1006.51
1549566489997,1006.51
1549566490007,1006.51
1549566490017,1006.51
1549566490027,1006.51
1549566490037,1006.51
1549566490047,1006.51
1549566490057,1006.51
1549566490067,1006.51
1549566490077,1006.51
1549566490087,1006.51
1549566490097,1006.51
1549566490107,1006.51
1549566490117,1006.51
1549566490127,1006.52
1549566490137,1006.52
1549566490147,1006.52
1549566490157,1006.52
1549566490166,1006.52
1549566490176,1006.52
1549566490186,1006.52
1549566490196,1006.52
1549566490206,1006.52
1549566490216,1006.52
1549566490226,1006.52
1549566490236,1006.52
1549566490246,1006.52
1549566490256,1006.52
1549566490266,1006.52
1549566490276,1006.52
1549566490286,1006.52
1549566490296,1006.52
1549566490306,1006.52
1549566490316,1006.45
1549566490326,1006.45
1549566490336,1006.45
1549566490346,1006.45
1549566490356,1006.45
1549566490366,1006.45
1549566490376,1006.45
1549566490386,1006.45
1549566490396,1006.45
1549566490406,1006.45
1549566490416,1006.45
1549566490426,1006.45
1549566490436,1006.45
1549566490446,1006.45
1549566490456,1006.45
1549566490466,1006.45
1549566490476,1006.45
1549566490486,1006.45
1549566490496,1006.45
1549566490506,1006.38
1549566490516,1006.38
1549566490526,1006.38
1549566490536,1006.38
1549566490546,1006.38
1549566490556,1006.38
1549566490566,1006.38
1549566490576,1006.38
1549566490586,1006.38
1549566490596,1006.38
1549566490606,1006.38
1549566490616,1006.38
1549566490626,1006.38
1549566490636,1006.38
1549566490646,1006.38
1549566490656,1006.38
1549566490666,1006.38
1549566490679,1006.38
1549566490686,1006.38
1549566490696,1006.39
1549566490706,1006.39
1549566490716,1006.39
1549566490726,1006.39
1549566490737,1006.39
1549566490746,1006.39
1549566490756,1006.39
1549566490766,1006.39
1549566490776,1006.39
1549566490786,1006.39
1549566490796,1006.39
1549566490806,1006.39
1549566490816,1006.39
1549566490826,1006.39
1549566490836,1006.39
1549566490846,1006.39
1549566490856,1006.39
1549566490866,1006.39
1549566490876,1006.39
1549566490886,1006.32
1549566490896,1006.32
1549566490906,1006.32
1549566490917,1006.32
1549566490926,1006.32
1549566490936,1006.32
1549566490946,1006.32
1549566490956,1006.32
1549566490966,1006.32
1549566490976,1006.32
1549566490986,1006.32
1549566491034,1006.32
1549566491034,1006.32
1549566491034,1006.32
1549566491035,1006.32
1549566491036,1006.32
1549566491047,1006.32
1549566491056,1006.32
1549566491066,1006.32
1549566491076,1006.32
1549566491086,1006.32
1549566491096,1006.32
1549566491106,1006.32
1549566491116,1006.32
1549566491126,1006.32
1549566491136,1006.32
1549566491147,1006.32
1549566491156,1006.32
1549566491167,1006.32
1549566491177,1006.32
1549566491186,1006.32
1549566491196,1006.32
1549566491206,1006.32
1549566491216,1006.32
1549566491227,1006.32
1549566491236,1006.32
1549566491246,1006.32
1549566491256,1006.32
1549566491266,1006.25
1549566491276,1006.25
1549566491286,1006.25
1549566491296,1006.25
1549566491306,1006.25
1549566491316,1006.25
1549566491326,1006.25
1549566491336,1006.25
1549566491346,1006.25
1549566491356,1006.25
1549566491366,1006.25
1549566491376,1006.25
1549566491386,1006.25
1549566491396,1006.25
1549566491406,1006.25
1549566491416,1006.25
1549566491426,1006.25
1549566491436,1006.25
1549566491446,1006.25
1549566491456,1006.19
1549566491466,1006.19
1549566491476,1006.19
1549566491486,1006.19
1549566491496,1006.19
1549566491506,1006.19
1549566491516,1006.19
1549566491527,1006.19
1549566491536,1006.19
1549566491546,1006.19
1549566491556,1006.19
1549566491566,1006.19
1549566491577,1006.19
1549566491586,1006.19
1549566491596,1006.19
1549566491606,1006.19
1549566491616,1006.19
1549566491626,1006.19
1549566491636,1006.19
1549566491646,1006.19
1549566491656,1006.19
1549566491670,1006.19
1549566491677,1006.19
1549566491686,1006.19
1549566491696,1006.19
1549566491706,1006.19
1549566491716,1006.19
1549566491726,1006.19
1549566491737,1006.19
1549566491746,1006.19
1549566491756,1006.19
1549566491766,1006.19
1549566491776,1006.19
1549566491786,1006.19
1549566491796,1006.19
1549566491806,1006.19
1549566491816,1006.19
1549566491827,1006.19
1549566491836,1006.12
1549566491846,1006.12
1549566491856,1006.12
1549566491866,1006.12
1549566491876,1006.12
1549566491886,1006.12
1549566491896,1006.12
1549566491906,1006.12
1549566491916,1006.12
1549566491927,1006.12
1549566491937,1006.12
1549566491947,1006.12
1549566491957,1006.12
1549566491967,1006.12
1549566491977,1006.12
1549566491987,1006.12
1549566491997,1006.12
1549566492007,1006.12
1549566492017,1006.12
1549566492027,1006.06
1549566492037,1006.06
1549566492047,1006.06
1549566492057,1006.06
1549566492067,1006.06
1549566492077,1006.06
1549566492087,1006.06
1549566492097,1006.06
1549566492107,1006.06
1549566492117,1006.06
1549566492127,1006.06
1549566492137,1006.06
1549566492147,1006.06
1549566492158,1006.06
1549566492166,1006.06
1549566492176,1006.06
1549566492186,1006.06
1549566492196,1006.06
1549566492207,1006.06
1549566492216,1006.07
1549566492226,1006.07
1549566492237,1006.07
1549566492246,1006.07
1549566492257,1006.07
1549566492267,1006.07
1549566492277,1006.07
1549566492287,1006.07
1549566492297,1006.07
1549566492307,1006.07
1549566492317,1006.07
1549566492327,1006.07
1549566492337,1006.07
1549566492347,1006.07
1549566492357,1006.07
1549566492367,1006.07
1549566492377,1006.07
1549566492387,1006.07
1549566492397,1006.0
1549566492407,1006.0
1549566492417,1006.0
1549566492427,1006.0
1549566492437,1006.0
1549566492447,1006.0
1549566492457,1006.0
1549566492467,1006.0
1549566492477,1006.0
1549566492487,1006.0
1549566492497,1006.0
1549566492507,1006.0
1549566492517,1006.0
1549566492527,1006.0
1549566492537,1006.0
1549566492547,1006.0
1549566492557,1006.0
1549566492567,1006.0
1549566492577,1006.0
1549566492587,1006.0
1549566492597,1005.93
1549566492607,1005.93
1549566492617,1005.93
1549566492627,1005.93
1549566492637,1005.93
1549566492647,1005.93
1549566492657,1005.93
1549566492666,1005.93
1549566492680,1005.93
1549566492686,1005.93
1549566492696,1005.93
1549566492707,1005.93
1549566492716,1005.93
1549566492726,1005.93
1549566492737,1005.93
1549566492746,1005.93
1549566492756,1005.93
1549566492766,1005.93
1549566492776,1005.93
1549566492786,1005.94
1549566492796,1005.94
1549566492806,1005.94
1549566492816,1005.94
1549566492826,1005.94
1549566492837,1005.94
1549566492847,1005.94
1549566492857,1005.94
1549566492867,1005.94
1549566492877,1005.94
1549566492888,1005.94
1549566492897,1005.94
1549566492907,1005.94
1549566492916,1005.94
1549566492926,1005.94
1549566492936,1005.94
1549566492946,1005.94
1549566492956,1005.94
1549566492966,1005.94
1549566492976,1005.87
1549566492987,1005.87
1549566492997,1005.87
1549566493007,1005.87
1549566493017,1005.87
1549566493027,1005.87
1549566493036,1005.87
1549566493046,1005.87
1549566493056,1005.87
1549566493066,1005.87
1549566493077,1005.87
1549566493086,1005.87
1549566493096,1005.87
1549566493106,1005.87
1549566493116,1005.87
1549566493127,1005.87
1549566493137,1005.87
1549566493147,1005.87
1549566493157,1005.87
1549566493168,1005.87
1549566493176,1005.87
1549566493186,1005.87
1549566493196,1005.87
1549566493206,1005.87
1549566493216,1005.87
1549566493227,1005.87
1549566493236,1005.87
1549566493247,1005.87
1549566493256,1005.87
1549566493266,1005.87
1549566493276,1005.87
1549566493286,1005.87
1549566493296,1005.87
1549566493306,1005.87
1549566493316,1005.87
1549566493327,1005.87
1549566493337,1005.87
1549566493347,1005.8
1549566493357,1005.8
1549566493367,1005.8
1549566493377,1005.8
1549566493387,1005.8
1549566493397,1005.8
1549566493407,1005.8
1549566493417,1005.8
1549566493427,1005.8
1549566493437,1005.8
1549566493447,1005.8
1549566493457,1005.8
1549566493467,1005.8
1549566493477,1005.8
1549566493487,1005.8
1549566493497,1005.8
1549566493507,1005.8
1549566493517,1005.8
1549566493527,1005.8
1549566493537,1005.74
1549566493547,1005.74
1549566493557,1005.74
1549566493567,1005.74
1549566493577,1005.74
1549566493587,1005.74
1549566493597,1005.74
1549566493607,1005.74
1549566493617,1005.74
1549566493627,1005.74
1549566493637,1005.74
1549566493647,1005.74
1549566493658,1005.74
1549566493670,1005.74
1549566493676,1005.74
1549566493686,1005.74
1549566493696,1005.74
1549566493706,1005.74
1549566493716,1005.74
1549566493726,1005.75
1549566493738,1005.75
1549566493746,1005.75
1549566493756,1005.75
1549566493766,1005.75
1549566493776,1005.75
1549566493786,1005.75
1549566493796,1005.75
1549566493806,1005.75
1549566493816,1005.75
1549566493826,1005.75
1549566493837,1005.75
1549566493847,1005.75
1549566493857,1005.75
1549566493867,1005.75
1549566493877,1005.75
1549566493887,1005.75
1549566493897,1005.75
1549566493907,1005.75
1549566493917,1005.68
1549566493927,1005.68
1549566493937,1005.68
1549566493947,1005.68
1549566493957,1005.68
1549566493967,1005.68
1549566493977,1005.68
1549566493987,1005.68
1549566493997,1005.68
1549566494007,1005.68
1549566494017,1005.68
1549566494027,1005.68
1549566494037,1005.68
1549566494047,1005.68
1549566494057,1005.68
1549566494067,1005.68
1549566494077,1005.68
1549566494087,1005.68
1549566494097,1005.68
1549566494107,1005.62
1549566494117,1005.62
1549566494126,1005.62
1549566494136,1005.62
1549566494146,1005.62
1549566494159,1005.62
1549566494166,1005.62
1549566494176,1005.62
1549566494187,1005.62
1549566494196,1005.62
1549566494206,1005.62
1549566494216,1005.62
1549566494226,1005.62
1549566494238,1005.62
1549566494247,1005.62
1549566494256,1005.62
1549566494266,1005.62
1549566494277,1005.62
1549566494287,1005.62
1549566494297,1005.62
1549566494307,1005.62
1549566494317,1005.62
1549566494327,1005.62
1549566494337,1005.62
1549566494347,1005.62
1549566494357,1005.62
1549566494367,1005.62
1549566494377,1005.62
1549566494387,1005.62
1549566494397,1005.62
1549566494407,1005.62
1549566494417,1005.62
1549566494427,1005.62
1549566494437,1005.62
1549566494447,1005.62
1549566494457,1005.62
1549566494467,1005.62
1549566494477,1005.62
1549566494487,1005.56
1549566494497,1005.56
1549566494507,1005.56
1549566494517,1005.56
1549566494527,1005.56
1549566494537,1005.56
1549566494547,1005.56
1549566494557,1005.56
1549566494567,1005.56
1549566494577,1005.56
1549566494587,1005.56
1549566494597,1005.56
1549566494607,1005.56
1549566494617,1005.56
1549566494627,1005.56
1549566494637,1005.56
1549566494647,1005.56
1549566494659,1005.56
1549566494667,1005.56
1549566494678,1005.49
1549566494686,1005.49
1549566494696,1005.49
1549566494707,1005.49
1549566494716,1005.49
1549566494726,1005.49
1549566494737,1005.49
1549566494746,1005.49
1549566494756,1005.49
1549566494766,1005.49
1549566494776,1005.49
1549566494786,1005.49
1549566494796,1005.49
1549566494806,1005.49
1549566494816,1005.49
1549566494826,1005.49
1549566494838,1005.49
1549566494846,1005.49
1549566494857,1005.49
1549566494867,1005.5
1549566494877,1005.5
1549566494887,1005.5
1549566494897,1005.5
1549566494907,1005.5
1549566494917,1005.5
1549566494927,1005.5
1549566494937,1005.5
1549566494947,1005.5
1549566494957,1005.5
1549566494967,1005.5
1549566494977,1005.5
1549566494987,1005.5
1549566494997,1005.5
1549566495007,1005.5
1549566495017,1005.5
1549566495027,1005.5
1549566495037,1005.5
1549566495047,1005.5
1549566495057,1005.43
1549566495067,1005.43
1549566495078,1005.43
1549566495087,1005.43
1549566495097,1005.43
1549566495107,1005.43
1549566495117,1005.43
1549566495128,1005.43
1549566495137,1005.43
1549566495147,1005.43
1549566495157,1005.43
1549566495167,1005.43
1549566495176,1005.43
1549566495186,1005.43
1549566495196,1005.43
1549566495206,1005.43
1549566495216,1005.43
1549566495226,1005.43
1549566495236,1005.43
1549566495247,1005.37
1549566495257,1005.37
1549566495267,1005.37
1549566495277,1005.37
1549566495287,1005.37
1549566495297,1005.37
1549566495307,1005.37
1549566495317,1005.37
1549566495327,1005.37
1549566495337,1005.37
1549566495347,1005.37
1549566495357,1005.37
1549566495367,1005.37
1549566495377,1005.37
1549566495387,1005.37
1549566495397,1005.37
1549566495407,1005.37
1549566495417,1005.37
1549566495427,1005.37
1549566495437,1005.38
1549566495447,1005.38
1549566495457,1005.38
1549566495467,1005.38
1549566495477,1005.38
1549566495487,1005.38
1549566495497,1005.38
1549566495507,1005.38
1549566495517,1005.38
1549566495527,1005.38
1549566495537,1005.38
1549566495547,1005.38
1549566495557,1005.38
1549566495567,1005.38
1549566495577,1005.38
1549566495587,1005.38
1549566495597,1005.38
1549566495607,1005.38
1549566495617,1005.31
1549566495627,1005.31
1549566495637,1005.31
1549566495647,1005.31
1549566495657,1005.31
1549566495670,1005.31
1549566495676,1005.31
1549566495686,1005.31
1549566495696,1005.31
1549566495707,1005.31
1549566495716,1005.31
1549566495726,1005.31
1549566495737,1005.31
1549566495746,1005.31
1549566495757,1005.31
1549566495767,1005.31
1549566495777,1005.31
1549566495787,1005.31
1549566495797,1005.31
1549566495807,1005.32
1549566495817,1005.32
1549566495827,1005.32
1549566495837,1005.32
1549566495847,1005.32
1549566495857,1005.32
1549566495867,1005.32
1549566495877,1005.32
1549566495887,1005.32
1549566495897,1005.32
1549566495906,1005.32
1549566495916,1005.32
1549566495926,1005.32
1549566495936,1005.32
1549566495946,1005.32
1549566495956,1005.32
1549566495966,1005.32
1549566495976,1005.32
1549566495986,1005.32
1549566496007,1005.25
1549566496007,1005.25
1549566496016,1005.25
1549566496026,1005.25
1549566496036,1005.25
1549566496046,1005.25
1549566496056,1005.25
1549566496066,1005.25
1549566496076,1005.25
1549566496086,1005.25
1549566496096,1005.25
1549566496106,1005.25
1549566496116,1005.25
1549566496126,1005.25
1549566496136,1005.25
1549566496146,1005.25
1549566496159,1005.25
1549566496166,1005.25
1549566496177,1005.25
1549566496186,1005.19
1549566496196,1005.19
1549566496206,1005.19
1549566496216,1005.19
1549566496227,1005.19
1549566496237,1005.19
1549566496246,1005.19
1549566496256,1005.19
1549566496266,1005.19
1549566496276,1005.19
1549566496286,1005.19
1549566496296,1005.19
1549566496306,1005.19
1549566496316,1005.19
1549566496326,1005.19
1549566496336,1005.19
1549566496346,1005.19
1549566496356,1005.19
1549566496366,1005.19
1549566496376,1005.2
1549566496386,1005.2
1549566496396,1005.2
1549566496406,1005.2
1549566496416,1005.2
1549566496426,1005.2
1549566496436,1005.2
1549566496446,1005.2
1549566496456,1005.2
1549566496466,1005.2
1549566496476,1005.2
1549566496486,1005.2
1549566496496,1005.2
1549566496506,1005.2
1549566496516,1005.2
1549566496526,1005.2
1549566496536,1005.2
1549566496546,1005.2
1549566496556,1005.2
1549566496566,1005.13
1549566496576,1005.13
1549566496586,1005.13
1549566496596,1005.13
1549566496606,1005.13
1549566496616,1005.13
1549566496626,1005.13
1549566496636,1005.13
1549566496646,1005.13
1549566496657,1005.13
1549566496667,1005.13
1549566496678,1005.13
1549566496686,1005.13
1549566496696,1005.13
1549566496706,1005.13
1549566496716,1005.13
1549566496726,1005.13
1549566496736,1005.13
1549566496746,1005.13
1549566496756,1005.07
1549566496766,1005.07
1549566496776,1005.07
1549566496786,1005.07
1549566496796,1005.07
1549566496806,1005.07
1549566496816,1005.07
1549566496826,1005.07
1549566496836,1005.07
1549566496846,1005.07
1549566496856,1005.07
1549566496866,1005.07
1549566496876,1005.07
1549566496886,1005.07
1549566496896,1005.07
1549566496906,1005.07
1549566496916,1005.07
1549566496926,1005.07
1549566496936,1005.07
1549566496946,1005.08
1549566496956,1005.08
1549566496966,1005.08
1549566496976,1005.08
1549566496986,1005.08
1549566496996,1005.08
1549566497006,1005.08
1549566497017,1005.08
1549566497027,1005.08
1549566497037,1005.08
1549566497046,1005.08
1549566497056,1005.08
1549566497066,1005.08
1549566497076,1005.08
1549566497086,1005.08
1549566497096,1005.08
1549566497106,1005.08
1549566497117,1005.08
1549566497126,1005.08
1549566497136,1005.01
1549566497146,1005.01
1549566497156,1005.01
1549566497166,1005.01
1549566497177,1005.01
1549566497186,1005.01
1549566497196,1005.01
1549566497206,1005.01
1549566497216,1005.01
1549566497227,1005.01
1549566497236,1005.01
1549566497247,1005.01
1549566497256,1005.01
1549566497266,1005.01
1549566497276,1005.01
1549566497286,1005.01
1549566497296,1005.01
1549566497306,1005.01
1549566497316,1005.01
1549566497326,1004.95
1549566497336,1004.95
1549566497346,1004.95
1549566497356,1004.95
1549566497366,1004.95
1549566497377,1004.95
1549566497386,1004.95
1549566497396,1004.95
1549566497406,1004.95
1549566497416,1004.95
1549566497426,1004.95
1549566497436,1004.95
1549566497446,1004.95
1549566497456,1004.95
1549566497466,1004.95
1549566497477,1004.95
1549566497486,1004.95
1549566497496,1004.95
1549566497506,1004.95
1549566497516,1004.96
1549566497526,1004.96
1549566497536,1004.96
1549566497546,1004.96
1549566497556,1004.96
1549566497566,1004.96
1549566497576,1004.96
1549566497586,1004.96
1549566497596,1004.96
1549566497606,1004.96
1549566497616,1004.96
1549566497626,1004.96
1549566497636,1004.96
1549566497646,1004.96
1549566497656,1004.96
1549566497669,1004.96
1549566497676,1004.96
1549566497686,1004.96
1549566497696,1004.96
1549566497706,1004.89
1549566497716,1004.89
1549566497727,1004.89
1549566497736,1004.89
1549566497746,1004.89
1549566497756,1004.89
1549566497766,1004.89
1549566497776,1004.89
1549566497786,1004.89
1549566497796,1004.89
1549566497806,1004.89
1549566497816,1004.89
1549566497826,1004.89
1549566497836,1004.89
1549566497846,1004.89
1549566497856,1004.89
1549566497866,1004.89
1549566497876,1004.89
1549566497886,1004.89
1549566497896,1004.9
1549566497906,1004.9
1549566497916,1004.9
1549566497926,1004.9
1549566497936,1004.9
1549566497946,1004.9
1549566497956,1004.9
1549566497966,1004.9
1549566497976,1004.9
1549566497986,1004.9
1549566497996,1004.9
1549566498006,1004.9
1549566498016,1004.9
1549566498026,1004.9
1549566498036,1004.9
1549566498046,1004.9
1549566498056,1004.9
1549566498066,1004.9
1549566498076,1004.9
1549566498086,1004.83
1549566498096,1004.83
1549566498106,1004.83
1549566498116,1004.83
1549566498126,1004.83
1549566498136,1004.83
1549566498147,1004.83
1549566498158,1004.83
1549566498166,1004.83
1549566498176,1004.83
1549566498186,1004.83
1549566498196,1004.83
1549566498206,1004.83
1549566498230,1004.83
1549566498230,1004.83
1549566498237,1004.83
1549566498246,1004.83
1549566498256,1004.83
1549566498266,1004.83
1549566498276,1004.77
1549566498286,1004.77
1549566498296,1004.77
1549566498306,1004.77
1549566498316,1004.77
1549566498327,1004.77
1549566498336,1004.77
1549566498346,1004.77
1549566498356,1004.77
1549566498366,1004.77
1549566498377,1004.77
1549566498387,1004.77
1549566498397,1004.77
1549566498407,1004.77
1549566498417,1004.77
1549566498427,1004.77
1549566498437,1004.77
1549566498447,1004.77
1549566498457,1004.77
1549566498467,1004.78
1549566498477,1004.78
1549566498487,1004.78
1549566498497,1004.78
1549566498507,1004.78
1549566498517,1004.78
1549566498527,1004.78
1549566498537,1004.78
1549566498547,1004.78
1549566498557,1004.78
1549566498567,1004.78
1549566498577,1004.78
1549566498587,1004.78
1549566498597,1004.78
1549566498607,1004.78
1549566498617,1004.78
1549566498627,1004.78
1549566498637,1004.78
1549566498647,1004.78
1549566498658,1004.71
1549566498667,1004.71
1549566498676,1004.71
1549566498686,1004.71
1549566498696,1004.71
1549566498706,1004.71
1549566498717,1004.71
1549566498726,1004.71
1549566498737,1004.71
1549566498746,1004.71
1549566498756,1004.71
1549566498766,1004.71
1549566498776,1004.71
1549566498786,1004.71
1549566498796,1004.71
1549566498806,1004.71
1549566498816,1004.71
1549566498826,1004.71
1549566498836,1004.71
1549566498846,1004.65
1549566498856,1004.65
1549566498866,1004.65
1549566498876,1004.65
1549566498886,1004.65
1549566498896,1004.65
1549566498906,1004.65
1549566498916,1004.65
1549566498926,1004.65
1549566498936,1004.65
1549566498946,1004.65
1549566498956,1004.65
1549566498966,1004.65
1549566498976,1004.65
1549566498986,1004.65
1549566498996,1004.65
1549566499006,1004.65
1549566499016,1004.65
1549566499026,1004.65
1549566499036,1004.66
1549566499046,1004.66
1549566499056,1004.66
1549566499066,1004.66
1549566499076,1004.66
1549566499086,1004.66
1549566499096,1004.66
1549566499106,1004.66
1549566499116,1004.66
1549566499126,1004.66
1549566499136,1004.66
1549566499146,1004.66
1549566499156,1004.66
1549566499166,1004.66
1549566499177,1004.66
1549566499186,1004.66
1549566499196,1004.66
1549566499206,1004.66
1549566499216,1004.66
1549566499226,1004.59
1549566499236,1004.59
1549566499247,1004.59
1549566499256,1004.59
1549566499266,1004.59
1549566499277,1004.59
1549566499286,1004.59
1549566499296,1004.59
1549566499306,1004.59
1549566499317,1004.59
1549566499327,1004.59
1549566499337,1004.59
1549566499347,1004.59
1549566499357,1004.59
1549566499367,1004.59
1549566499377,1004.59
1549566499386,1004.59
1549566499396,1004.59
1549566499406,1004.59
1549566499416,1004.53
1549566499426,1004.53
1549566499436,1004.53
1549566499446,1004.53
1549566499456,1004.53
1549566499466,1004.53
1549566499477,1004.53
1549566499487,1004.53
1549566499497,1004.53
1549566499507,1004.53
1549566499517,1004.53
1549566499527,1004.53
1549566499537,1004.53
1549566499547,1004.53
1549566499557,1004.53
1549566499567,1004.53
1549566499577,1004.53
1549566499587,1004.53
1549566499597,1004.53
1549566499607,1004.54
1549566499617,1004.54
1549566499627,1004.54
1549566499636,1004.54
1549566499647,1004.54
1549566499656,1004.54
1549566499666,1004.54
1549566499677,1004.54
1549566499686,1004.54
1549566499696,1004.54
1549566499706,1004.54
1549566499716,1004.54
1549566499726,1004.54
1549566499736,1004.54
1549566499747,1004.54
1549566499756,1004.54
1549566499766,1004.54
1549566499776,1004.54
1549566499786,1004.54
1549566499796,1004.47
1549566499806,1004.47
1549566499816,1004.47
1549566499827,1004.47
1549566499836,1004.47
1549566499847,1004.47
1549566499856,1004.47
1549566499866,1004.47
1549566499876,1004.47
1549566499886,1004.47
1549566499896,1004.47
1549566499906,1004.47
1549566499916,1004.47
1549566499926,1004.47
1549566499936,1004.47
1549566499946,1004.47
1549566499956,1004.47
1549566499966,1004.47
1549566499976,1004.47
1549566499986,1004.41
1549566499996,1004.41
1549566500006,1004.41
1549566500016,1004.41
1549566500026,1004.41
1549566500036,1004.41
1549566500046,1004.41
1549566500056,1004.41
1549566500066,1004.41
1549566500076,1004.41
1549566500086,1004.41
1549566500096,1004.41
1549566500106,1004.41
1549566500116,1004.41
1549566500126,1004.41
1549566500136,1004.41
1549566500147,1004.41
1549566500158,1004.41
1549566500166,1004.41
1549566500176,1004.41
1549566500186,1004.41
1549566500196,1004.41
1549566500206,1004.41
1549566500216,1004.41
1549566500226,1004.41
1549566500238,1004.41
1549566500246,1004.41
1549566500256,1004.41
1549566500266,1004.41
1549566500276,1004.41
1549566500286,1004.41
1549566500296,1004.41
1549566500306,1004.41
1549566500316,1004.41
1549566500326,1004.41
1549566500337,1004.41
1549566500347,1004.41
1549566500357,1004.34
1549566500367,1004.34
1549566500377,1004.34
1549566500387,1004.34
1549566500397,1004.34
1549566500407,1004.34
1549566500417,1004.34
1549566500427,1004.34
1549566500437,1004.34
1549566500447,1004.34
1549566500457,1004.34
1549566500470,1004.34
1549566500477,1004.34
1549566500487,1004.34
1549566500497,1004.34
1549566500507,1004.34
1549566500517,1004.34
1549566500527,1004.34
1549566500537,1004.34
1549566500547,1004.35
1549566500557,1004.35
1549566500567,1004.35
1549566500577,1004.35
1549566500587,1004.35
1549566500597,1004.35
1549566500607,1004.35
1549566500617,1004.35
1549566500627,1004.35
1549566500637,1004.35
1549566500647,1004.35
1549566500658,1004.35
1549566500667,1004.35
1549566500676,1004.35
1549566500686,1004.35
1549566500696,1004.35
1549566500706,1004.35
1549566500716,1004.35
1549566500726,1004.35
1549566500737,1004.28
1549566500746,1004.28
1549566500756,1004.28
1549566500766,1004.28
1549566500776,1004.28
1549566500786,1004.28
1549566500796,1004.28
1549566500806,1004.28
1549566500817,1004.28
1549566500827,1004.28
1549566500837,1004.28
1549566500847,1004.28
1549566500857,1004.28
1549566500867,1004.28
1549566500877,1004.28
1549566500887,1004.28
1549566500897,1004.28
1549566500907,1004.28
1549566500917,1004.28
1549566500927,1004.22
1549566500937,1004.22
1549566500947,1004.22
1549566500957,1004.22
1549566500967,1004.22
1549566500977,1004.22
1549566500987,1004.22
1549566501008,1004.22
1549566501008,1004.22
1549566501017,1004.22
1549566501026,1004.22
1549566501037,1004.22
1549566501046,1004.22
1549566501056,1004.22
1549566501066,1004.22
1549566501076,1004.22
1549566501086,1004.22
1549566501096,1004.22
1549566501106,1004.22
1549566501117,1004.23
1549566501127,1004.23
1549566501137,1004.23
1549566501147,1004.23
1549566501157,1004.23
1549566501168,1004.23
1549566501177,1004.23
1549566501186,1004.23
1549566501196,1004.23
1549566501206,1004.23
1549566501217,1004.23
1549566501227,1004.23
1549566501237,1004.23
1549566501247,1004.23
1549566501256,1004.23
1549566501266,1004.23
1549566501276,1004.23
1549566501286,1004.23
1549566501296,1004.23
1549566501306,1004.16
1549566501316,1004.16
1549566501326,1004.16
1549566501336,1004.16
1549566501346,1004.16
1549566501356,1004.16
1549566501367,1004.16
1549566501377,1004.16
1549566501387,1004.16
1549566501397,1004.16
1549566501407,1004.16
1549566501417,1004.16
1549566501427,1004.16
1549566501437,1004.16
1549566501447,1004.16
1549566501457,1004.16
1549566501467,1004.16
1549566501477,1004.16
1549566501487,1004.16
1549566501497,1004.1
1549566501507,1004.1
1549566501517,1004.1
1549566501527,1004.1
1549566501537,1004.1
1549566501547,1004.1
1549566501557,1004.1
1549566501567,1004.1
1549566501577,1004.1
1549566501587,1004.1
1549566501597,1004.1
1549566501607,1004.1
1549566501617,1004.1
1549566501627,1004.1
1549566501637,1004.1
1549566501647,1004.1
1549566501657,1004.1
1549566501671,1004.1
1549566501677,1004.1
1549566501687,1004.1
1549566501696,1004.1
1549566501706,1004.1
1549566501716,1004.1
1549566501726,1004.1
1549566501736,1004.1
1549566501747,1004.1
1549566501756,1004.1
1549566501766,1004.1
1549566501776,1004.1
1549566501786,1004.1
1549566501796,1004.1
1549566501806,1004.1
1549566501816,1004.1
1549566501826,1004.1
1549566501836,1004.1
1549566501846,1004.1
1549566501856,1004.1
1549566501866,1004.1
1549566501876,1004.04
1549566501886,1004.04
1549566501896,1004.04
1549566501906,1004.04
1549566501916,1004.04
1549566501926,1004.04
1549566501936,1004.04
1549566501946,1004.04
1549566501956,1004.04
1549566501966,1004.04
1549566501976,1004.04
1549566501986,1004.04
1549566501996,1004.04
1549566502006,1004.04
1549566502016,1004.04
1549566502026,1004.04
1549566502036,1004.04
1549566502046,1004.04
1549566502056,1004.04
1549566502066,1003.97
1549566502076,1003.97
1549566502086,1003.97
1549566502096,1003.97
1549566502106,1003.97
1549566502116,1003.97
1549566502126,1003.97
1549566502136,1003.97
1549566502146,1003.97
1549566502157,1003.97
1549566502167,1003.97
1549566502176,1003.97
1549566502186,1003.97
1549566502196,1003.97
1549566502206,1003.97
1549566502216,1003.97
1549566502226,1003.97
1549566502237,1003.97
1549566502246,1003.97
1549566502256,1003.97
1549566502266,1003.97
1549566502276,1003.97
1549566502286,1003.97
1549566502296,1003.97
1549566502306,1003.97
1549566502316,1003.97
1549566502326,1003.97
1549566502336,1003.97
1549566502346,1003.97
1549566502356,1003.97
1549566502366,1003.97
1549566502376,1003.97
1549566502386,1003.97
1549566502396,1003.97
1549566502406,1003.97
1549566502416,1003.97
1549566502426,1003.97
1549566502436,1003.91
1549566502446,1003.91
1549566502456,1003.91
1549566502466,1003.91
1549566502476,1003.91
1549566502486,1003.91
1549566502496,1003.91
1549566502506,1003.91
1549566502516,1003.91
1549566502526,1003.91
1549566502536,1003.91
1549566502546,1003.91
1549566502556,1003.91
1549566502566,1003.91
1549566502576,1003.91
1549566502586,1003.91
1549566502596,1003.91
1549566502606,1003.91
1549566502616,1003.91
1549566502626,1003.91
1549566502636,1003.91
1549566502646,1003.91
1549566502657,1003.91
1549566502666,1003.91
1549566502676,1003.91
1549566502686,1003.91
1549566502696,1003.91
1549566502706,1003.91
1549566502716,1003.91
1549566502726,1003.91
1549566502737,1003.91
1549566502746,1003.91
1549566502756,1003.91
1549566502766,1003.91
1549566502776,1003.91
1549566502786,1003.91
1549566502796,1003.91
1549566502806,1003.91
1549566502816,1003.84
1549566502826,1003.84
1549566502836,1003.84
1549566502846,1003.84
1549566502856,1003.84
1549566502866,1003.84
1549566502876,1003.84
1549566502886,1003.84
1549566502896,1003.84
1549566502906,1003.84
1549566502916,1003.84
1549566502926,1003.84
1549566502936,1003.84
1549566502946,1003.84
1549566502956,1003.84
1549566502966,1003.84
1549566502976,1003.84
1549566502986,1003.84
1549566502997,1003.84
1549566503007,1003.78
1549566503017,1003.78
1549566503027,1003.78
1549566503037,1003.78
1549566503047,1003.78
1549566503057,1003.78
1549566503067,1003.78
1549566503077,1003.78
1549566503087,1003.78
1549566503097,1003.78
1549566503107,1003.78
1549566503117,1003.78
1549566503127,1003.78
1549566503137,1003.78
1549566503147,1003.78
1549566503157,1003.78
1549566503168,1003.78
1549566503177,1003.78
1549566503186,1003.78
1549566503196,1003.79
1549566503206,1003.79
1549566503216,1003.79
1549566503227,1003.79
1549566503236,1003.79
1549566503246,1003.79
1549566503256,1003.79
1549566503266,1003.79
1549566503276,1003.79
1549566503286,1003.79
1549566503296,1003.79
1549566503306,1003.79
1549566503316,1003.79
1549566503326,1003.79
1549566503336,1003.79
1549566503346,1003.79
1549566503356,1003.79
1549566503366,1003.79
1549566503376,1003.79
1549566503386,1003.72
1549566503396,1003.72
1549566503406,1003.72
1549566503416,1003.72
1549566503426,1003.72
1549566503436,1003.72
1549566503446,1003.72
1549566503456,1003.72
1549566503466,1003.72
1549566503476,1003.72
1549566503486,1003.72
1549566503496,1003.72
1549566503506,1003.72
1549566503516,1003.72
1549566503526,1003.72
1549566503536,1003.72
1549566503546,1003.72
1549566503556,1003.72
1549566503566,1003.72
1549566503577,1003.65
1549566503587,1003.65
1549566503597,1003.65
1549566503607,1003.65
1549566503617,1003.65
1549566503627,1003.65
1549566503637,1003.65
1549566503647,1003.65
1549566503657,1003.65
1549566503670,1003.65
1549566503677,1003.65
1549566503687,1003.65
1549566503696,1003.65
1549566503706,1003.65
1549566503716,1003.65
1549566503726,1003.65
1549566503736,1003.65
1549566503747,1003.65
1549566503756,1003.65
1549566503766,1003.66
1549566503776,1003.66
1549566503786,1003.66
1549566503796,1003.66
1549566503806,1003.66
1549566503816,1003.66
1549566503826,1003.66
1549566503837,1003.66
1549566503847,1003.66
1549566503857,1003.66
1549566503867,1003.66
1549566503877,1003.66
1549566503887,1003.66
1549566503897,1003.66
1549566503907,1003.66
1549566503917,1003.66
1549566503927,1003.66
1549566503937,1003.66
1549566503947,1003.66
1549566503957,1003.6
1549566503967,1003.6
1549566503977,1003.6
1549566503987,1003.6
1549566503997,1003.6
1549566504007,1003.6
1549566504017,1003.6
1549566504027,1003.6
1549566504037,1003.6
1549566504047,1003.6
1549566504057,1003.6
1549566504067,1003.6
1549566504077,1003.6
1549566504087,1003.6
1549566504097,1003.6
1549566504107,1003.6
1549566504117,1003.6
1549566504127,1003.6
1549566504137,1003.6
1549566504147,1003.53
1549566504158,1003.53
1549566504167,1003.53
1549566504176,1003.53
1549566504186,1003.53
1549566504196,1003.53
1549566504206,1003.53
1549566504216,1003.53
1549566504226,1003.53
1549566504238,1003.53
1549566504246,1003.53
1549566504256,1003.53
1549566504266,1003.53
1549566504276,1003.53
1549566504286,1003.53
1549566504296,1003.53
1549566504306,1003.53
1549566504316,1003.53
1549566504326,1003.53
1549566504337,1003.54
1549566504347,1003.54
1549566504357,1003.54
1549566504367,1003.54
1549566504377,1003.54
1549566504387,1003.54
1549566504397,1003.54
1549566504407,1003.54
1549566504417,1003.54
1549566504427,1003.54
1549566504437,1003.54
1549566504447,1003.54
1549566504457,1003.54
1549566504467,1003.54
1549566504477,1003.54
1549566504487,1003.54
1549566504497,1003.54
1549566504507,1003.54
1549566504517,1003.54
1549566504527,1003.47
1549566504537,1003.47
1549566504547,1003.47
1549566504557,1003.47
1549566504567,1003.47
1549566504577,1003.47
1549566504587,1003.47
1549566504597,1003.47
1549566504607,1003.47
1549566504617,1003.47
1549566504627,1003.47
1549566504637,1003.47
1549566504649,1003.47
1549566504657,1003.47
1549566504667,1003.47
1549566504676,1003.47
1549566504686,1003.47
1549566504696,1003.47
1549566504706,1003.47
1549566504716,1003.47
1549566504726,1003.47
1549566504737,1003.47
1549566504746,1003.47
1549566504756,1003.47
1549566504766,1003.47
1549566504776,1003.47
1549566504786,1003.47
1549566504796,1003.47
1549566504806,1003.47
1549566504816,1003.47
1549566504827,1003.47
1549566504837,1003.47
1549566504848,1003.47
1549566504857,1003.47
1549566504867,1003.47
1549566504877,1003.47
1549566504887,1003.47
1549566504897,1003.47
1549566504907,1003.41
1549566504917,1003.41
1549566504927,1003.41
1549566504937,1003.41
1549566504947,1003.41
1549566504957,1003.41
1549566504967,1003.41
1549566504977,1003.41
1549566504987,1003.41
1549566504997,1003.41
1549566505007,1003.41
1549566505017,1003.41
1549566505027,1003.41
1549566505037,1003.41
1549566505047,1003.41
1549566505057,1003.41
1549566505067,1003.41
1549566505077,1003.41
1549566505087,1003.34
1549566505097,1003.34
1549566505107,1003.34
1549566505117,1003.34
1549566505127,1003.34
1549566505137,1003.34
1549566505147,1003.34
1549566505157,1003.34
1549566505167,1003.34
1549566505186,1003.34
1549566505196,1003.34
1549566505206,1003.34
1549566505216,1003.34
1549566505226,1003.34
1549566505237,1003.34
1549566505246,1003.34
1549566505267,1003.34
1549566505276,1003.35
1549566505286,1003.35
1549566505296,1003.35
1549566505306,1003.35
1549566505317,1003.35
1549566505327,1003.35
1549566505337,1003.35
1549566505347,1003.35
1549566505357,1003.35
1549566505367,1003.35
1549566505377,1003.35
1549566505387,1003.35
1549566505397,1003.35
1549566505407,1003.35
1549566505417,1003.35
1549566505427,1003.35
1549566505437,1003.35
1549566505447,1003.35
1549566505457,1003.35
1549566505467,1003.28
1549566505477,1003.28
1549566505487,1003.28
1549566505497,1003.28
1549566505507,1003.28
1549566505517,1003.28
1549566505527,1003.28
1549566505537,1003.28
1549566505547,1003.28
1549566505557,1003.28
1549566505567,1003.28
1549566505577,1003.28
1549566505587,1003.28
1549566505597,1003.28
1549566505607,1003.28
1549566505617,1003.28
1549566505627,1003.28
1549566505637,1003.28
1549566505647,1003.28
1549566505657,1003.22
1549566505667,1003.22
1549566505676,1003.22
1549566505686,1003.22
1549566505696,1003.22
1549566505706,1003.22
1549566505727,1003.22
1549566505736,1003.22
1549566505747,1003.22
1549566505756,1003.22
1549566505766,1003.22
1549566505776,1003.22
1549566505786,1003.22
1549566505796,1003.22
1549566505806,1003.22
1549566505816,1003.22
1549566505827,1003.22
1549566505836,1003.22
1549566505847,1003.23
1549566505857,1003.23
1549566505867,1003.23
1549566505877,1003.23
1549566505887,1003.23
1549566505897,1003.23
1549566505907,1003.23
1549566505917,1003.23
1549566505927,1003.23
1549566505937,1003.23
1549566505947,1003.23
1549566505957,1003.23
1549566505967,1003.23
1549566505977,1003.23
1549566505987,1003.23
1549566506009,1003.23
1549566506009,1003.23
1549566506017,1003.23
1549566506043,1003.23
1549566506043,1003.16
1549566506046,1003.16
1549566506057,1003.16
1549566506066,1003.16
1549566506076,1003.16
1549566506086,1003.16
1549566506096,1003.16
1549566506106,1003.16
1549566506116,1003.16
1549566506126,1003.16
1549566506136,1003.16
1549566506146,1003.16
1549566506156,1003.16
1549566506167,1003.16
1549566506176,1003.16
1549566506186,1003.16
1549566506196,1003.16
1549566506206,1003.16
1549566506217,1003.16
1549566506226,1003.1
1549566506237,1003.1
1549566506247,1003.1
1549566506257,1003.1
1549566506267,1003.1
1549566506277,1003.1
1549566506286,1003.1
1549566506296,1003.1
1549566506306,1003.1
1549566506316,1003.1
1549566506326,1003.1
1549566506336,1003.1
1549566506346,1003.1
1549566506356,1003.1
1549566506366,1003.1
1549566506376,1003.1
1549566506386,1003.1
1549566506397,1003.1
1549566506406,1003.1
1549566506416,1003.11
1549566506426,1003.11
1549566506436,1003.11
1549566506447,1003.11
1549566506456,1003.11
1549566506466,1003.11
1549566506476,1003.11
1549566506486,1003.11
1549566506497,1003.11
1549566506506,1003.11
1549566506516,1003.11
1549566506527,1003.11
1549566506536,1003.11
1549566506547,1003.11
1549566506557,1003.11
1549566506567,1003.11
1549566506577,1003.11
1549566506587,1003.11
1549566506597,1003.11
1549566506607,1003.04
1549566506617,1003.04
1549566506627,1003.04
1549566506637,1003.04
1549566506647,1003.04
1549566506658,1003.04
1549566506666,1003.04
1549566506677,1003.04
1549566506686,1003.04
1549566506696,1003.04
1549566506707,1003.04
1549566506716,1003.04
1549566506727,1003.04
1549566506737,1003.04
1549566506747,1003.04
1549566506756,1003.04
1549566506766,1003.04
1549566506776,1003.04
1549566506786,1003.04
1549566506796,1002.99
1549566506806,1002.99
1549566506816,1002.99
1549566506826,1002.99
1549566506836,1002.99
1549566506847,1002.99
1549566506857,1002.99
1549566506867,1002.99
1549566506877,1002.99
1549566506887,1002.99
1549566506897,1002.99
1549566506907,1002.99
1549566506917,1002.99
1549566506927,1002.99
1549566506937,1002.99
1549566506947,1002.99
1549566506957,1002.99
1549566506967,1002.99
1549566506977,1002.99
1549566506987,1002.99
1549566506997,1002.99
1549566507007,1002.99
1549566507017,1002.99
1549566507027,1002.99
1549566507037,1002.99
1549566507047,1002.99
1549566507057,1002.99
1549566507067,1002.99
1549566507077,1002.99
1549566507087,1002.99
1549566507097,1002.99
1549566507107,1002.99
1549566507117,1002.99
1549566507127,1002.99
1549566507137,1002.99
1549566507147,1002.99
1549566507157,1002.99
1549566507167,1002.99
1549566507177,1002.93
1549566507186,1002.93
1549566507196,1002.93
1549566507206,1002.93
1549566507216,1002.93
1549566507226,1002.93
1549566507237,1002.93
1549566507246,1002.93
1549566507256,1002.93
1549566507266,1002.93
1549566507276,1002.93
1549566507286,1002.93
1549566507296,1002.93
1549566507306,1002.93
1549566507316,1002.93
1549566507326,1002.93
1549566507336,1002.93
1549566507346,1002.93
1549566507356,1002.93
1549566507367,1002.94
1549566507377,1002.94
1549566507387,1002.94
1549566507397,1002.94
1549566507407,1002.94
1549566507417,1002.94
1549566507427,1002.94
1549566507437,1002.94
1549566507447,1002.94
1549566507457,1002.94
1549566507467,1002.94
1549566507477,1002.94
1549566507487,1002.94
1549566507497,1002.94
1549566507507,1002.94
1549566507517,1002.94
1549566507527,1002.94
1549566507537,1002.94
1549566507547,1002.94
1549566507557,1002.88
1549566507567,1002.88
1549566507577,1002.88
1549566507587,1002.88
1549566507597,1002.88
1549566507607,1002.88
1549566507617,1002.88
1549566507627,1002.88
1549566507637,1002.88
1549566507647,1002.88
1549566507657,1002.88
1549566507668,1002.88
1549566507676,1002.88
1549566507686,1002.88
1549566507696,1002.88
1549566507706,1002.88
1549566507717,1002.88
1549566507727,1002.88
1549566507736,1002.83
1549566507747,1002.83
1549566507756,1002.83
1549566507767,1002.83
1549566507776,1002.83
1549566507786,1002.83
1549566507797,1002.83
1549566507806,1002.83
1549566507817,1002.83
1549566507827,1002.83
1549566507837,1002.83
1549566507847,1002.83
1549566507857,1002.83
1549566507867,1002.83
1549566507877,1002.83
1549566507887,1002.83
1549566507897,1002.83
1549566507907,1002.83
1549566507917,1002.83
1549566507927,1002.84
1549566507937,1002.84
1549566507947,1002.84
1549566507957,1002.84
1549566507967,1002.84
1549566507977,1002.84
1549566507987,1002.84
1549566507997,1002.84
1549566508007,1002.84
1549566508017,1002.84
1549566508027,1002.84
1549566508037,1002.84
1549566508047,1002.84
1549566508057,1002.84
1549566508067,1002.84
1549566508077,1002.84
1549566508087,1002.84
1549566508097,1002.84
1549566508107,1002.84
1549566508116,1002.79
1549566508126,1002.79
1549566508136,1002.79
1549566508147,1002.79
1549566508156,1002.79
1549566508167,1002.79
1549566508176,1002.79
1549566508187,1002.79
1549566508196,1002.79
1549566508206,1002.79
1549566508216,1002.79
1549566508226,1002.79
1549566508244,1002.79
1549566508247,1002.79
1549566508256,1002.79
1549566508266,1002.79
1549566508276,1002.79
1549566508286,1002.79
1549566508296,1002.79
1549566508306,1002.74
1549566508316,1002.74
1549566508326,1002.74
1549566508336,1002.74
1549566508346,1002.74
1549566508356,1002.74
1549566508366,1002.74
1549566508377,1002.74
1549566508386,1002.74
1549566508406,1002.74
1549566508419,1002.74
1549566508492,1002.74
1549566508492,1002.74
1549566508492,1002.74
1549566508493,1002.74
1549566508493,1002.74
1549566508497,1002.75
1549566508507,1002.75
1549566508516,1002.75
1549566508527,1002.75
1549566508537,1002.75
1549566508547,1002.75
1549566508557,1002.75
1549566508567,1002.75
1549566508577,1002.75
1549566508587,1002.75
1549566508597,1002.75
1549566508607,1002.75
1549566508617,1002.75
1549566508626,1002.75
1549566508636,1002.75
1549566508646,1002.75
1549566508658,1002.75
1549566508666,1002.75
1549566508676,1002.75
1549566508686,1002.7
1549566508696,1002.7
1549566508706,1002.7
1549566508716,1002.7
1549566508726,1002.7
1549566508737,1002.7
1549566508746,1002.7
1549566508756,1002.7
1549566508767,1002.7
1549566508776,1002.7
1549566508786,1002.7
1549566508796,1002.7
1549566508806,1002.7
1549566508816,1002.7
1549566508826,1002.7
1549566508836,1002.7
1549566508846,1002.7
1549566508856,1002.7
1549566508867,1002.7
1549566508880,1002.66
1549566508886,1002.66
1549566508896,1002.66
1549566508906,1002.66
1549566508916,1002.66
1549566508926,1002.66
1549566508936,1002.66
1549566508946,1002.66
1549566508956,1002.66
1549566508966,1002.66
1549566508976,1002.66
1549566508986,1002.66
1549566508996,1002.66
1549566509006,1002.66
1549566509016,1002.66
1549566509026,1002.66
1549566509036,1002.66
1549566509046,1002.66
1549566509056,1002.66
1549566509066,1002.67
1549566509077,1002.67
1549566509087,1002.67
1549566509097,1002.67
1549566509107,1002.67
1549566509117,1002.67
1549566509127,1002.67
1549566509136,1002.67
1549566509146,1002.67
1549566509158,1002.67
1549566509166,1002.67
1549566509181,1002.67
1549566509186,1002.67
1549566509196,1002.67
1549566509206,1002.67
1549566509216,1002.67
1549566509227,1002.67
1549566509237,1002.67
1549566509246,1002.67
1549566509256,1002.63
1549566509266,1002.63
1549566509277,1002.63
1549566509286,1002.63
1549566509296,1002.63
1549566509306,1002.63
1549566509316,1002.63
1549566509326,1002.63
1549566509336,1002.63
1549566509346,1002.63
1549566509356,1002.63
1549566509366,1002.63
1549566509377,1002.63
1549566509386,1002.63
1549566509396,1002.63
1549566509406,1002.63
1549566509416,1002.63
1549566509426,1002.63
1549566509436,1002.63
1549566509446,1002.63
1549566509456,1002.63
1549566509466,1002.63
1549566509476,1002.63
1549566509486,1002.63
1549566509496,1002.63
1549566509508,1002.63
1549566509516,1002.63
1549566509530,1002.63
1549566509536,1002.63
1549566509546,1002.63
1549566509556,1002.63
1549566509567,1002.63
