1549565338934,1005.69
1549565338943,1011.69
1549565338980,1011.69
1549565338980,1011.69
1549565338981,1011.69
1549565338981,1011.69
1549565338991,1011.69
1549565339037,1011.69
1549565339043,1011.69
1549565339046,1011.69
1549565339049,1011.69
1549565339053,1011.69
1549565339061,1011.69
1549565339076,1011.69
1549565339078,1011.69
1549565339089,1011.69
1549565339098,1011.69
1549565339112,1011.69
1549565339120,1011.69
1549565339128,1011.73
1549565339138,1011.73
1549565339148,1011.73
1549565339158,1011.73
1549565339168,1011.73
1549565339178,1011.73
1549565339188,1011.73
1549565339198,1011.73
1549565339209,1011.73
1549565339218,1011.73
1549565339228,1011.73
1549565339238,1011.73
1549565339248,1011.73
1549565339258,1011.73
1549565339268,1011.73
1549565339277,1011.73
1549565339288,1011.73
1549565339298,1011.73
1549565339312,1011.73
1549565339318,1011.73
1549565339328,1011.73
1549565339338,1011.73
1549565339348,1011.73
1549565339368,1011.73
1549565339378,1011.73
1549565339398,1011.73
1549565339418,1011.73
1549565339428,1011.73
1549565339437,1011.73
1549565339448,1011.73
1549565339458,1011.73
1549565339475,1011.73
1549565339478,1011.73
1549565339488,1011.73
1549565339498,1011.73
1549565339508,1012.16
1549565339518,1012.16
1549565339528,1012.16
1549565339538,1012.16
1549565339548,1012.16
1549565339558,1012.16
1549565339573,1012.16
1549565339578,1012.16
1549565339588,1012.16
1549565339598,1012.16
1549565339607,1012.16
1549565339618,1012.16
1549565339628,1012.16
1549565339638,1012.16
1549565339648,1012.16
1549565339658,1012.16
1549565339670,1012.16
1549565339678,1012.16
1549565339688,1012.16
1549565339698,1011.73
1549565339708,1011.73
1549565339718,1011.73
1549565339729,1011.73
1549565339738,1011.73
1549565339750,1011.73
1549565339758,1011.73
1549565339770,1011.73
1549565339778,1011.73
1549565339788,1011.73
1549565339798,1011.73
1549565339807,1011.73
1549565339818,1011.73
1549565339831,1011.73
1549565339838,1011.73
1549565339848,1011.73
1549565339857,1011.73
1549565339868,1011.73
1549565339878,1011.73
1549565339888,1012.13
1549565339897,1012.13
1549565339907,1012.13
1549565339918,1012.13
1549565339928,1012.13
1549565339937,1012.13
1549565339947,1012.13
1549565339957,1012.13
1549565339968,1012.13
1549565339978,1012.13
1549565339987,1012.13
1549565339997,1012.13
1549565340009,1012.13
1549565340018,1012.13
1549565340028,1012.13
1549565340038,1012.13
1549565340050,1012.13
1549565340058,1012.13
1549565340068,1011.73
1549565340078,1011.73
1549565340088,1011.73
1549565340100,1011.73
1549565340108,1011.73
1549565340118,1011.73
1549565340128,1011.73
1549565340137,1011.73
1549565340147,1011.73
1549565340157,1011.73
1549565340168,1011.73
1549565340178,1011.73
1549565340188,1011.73
1549565340198,1011.73
1549565340208,1011.73
1549565340218,1011.73
1549565340227,1011.73
1549565340238,1011.73
1549565340248,1011.73
1549565340258,1011.73
1549565340268,1011.73
1549565340278,1011.73
1549565340288,1011.73
1549565340298,1011.73
1549565340308,1011.73
1549565340318,1011.73
1549565340328,1011.73
1549565340339,1011.73
1549565340348,1011.73
1549565340358,1011.73
1549565340368,1011.73
1549565340378,1011.73
1549565340388,1011.73
1549565340399,1011.73
1549565340408,1011.73
1549565340418,1011.73
1549565340428,1011.73
1549565340437,1011.73
1549565340448,1012.08
1549565340458,1012.08
1549565340468,1012.08
1549565340478,1012.08
1549565340488,1012.08
1549565340498,1012.08
1549565340508,1012.08
1549565340518,1012.08
1549565340528,1012.08
1549565340538,1012.08
1549565340548,1012.08
1549565340558,1012.08
1549565340568,1012.08
1549565340581,1012.08
1549565340588,1012.08
1549565340598,1012.08
1549565340608,1012.08
1549565340618,1012.08
1549565340628,1012.08
1549565340638,1011.73
1549565340648,1011.73
1549565340658,1011.73
1549565340672,1011.73
1549565340678,1011.73
1549565340688,1011.73
1549565340701,1011.73
1549565340708,1011.73
1549565340718,1011.73
1549565340728,1011.73
1549565340738,1011.73
1549565340748,1011.73
1549565340762,1011.73
1549565340769,1011.73
1549565340794,1011.73
1549565340794,1011.73
1549565340798,1011.73
1549565340809,1011.73
1549565340818,1011.73
1549565340828,1011.73
1549565340838,1011.73
1549565340855,1011.73
1549565340858,1011.73
1549565340869,1011.73
1549565340878,1011.73
1549565340889,1011.73
1549565340898,1011.73
1549565340908,1011.73
1549565340922,1011.73
1549565340928,1011.73
1549565340938,1011.73
1549565340948,1011.73
1549565340958,1011.73
1549565340968,1011.73
1549565340978,1011.73
1549565340989,1011.73
1549565340998,1011.73
1549565341008,1011.73
1549565341018,1012.04
1549565341028,1012.04
1549565341040,1012.04
1549565341048,1012.04
1549565341059,1012.04
1549565341068,1012.04
1549565341078,1012.04
1549565341089,1012.04
1549565341098,1012.04
1549565341108,1012.04
1549565341118,1012.04
1549565341128,1012.04
1549565341138,1012.04
1549565341148,1012.04
1549565341158,1012.04
1549565341168,1012.04
1549565341178,1012.04
1549565341188,1012.04
1549565341198,1012.04
1549565341209,1011.73
1549565341218,1011.73
1549565341228,1011.73
1549565341238,1011.73
1549565341248,1011.73
1549565341259,1011.73
1549565341268,1011.73
1549565341278,1011.73
1549565341288,1011.73
1549565341298,1011.73
1549565341310,1011.73
1549565341318,1011.73
1549565341331,1011.73
1549565341339,1011.73
1549565341348,1011.73
1549565341357,1011.73
1549565341368,1011.73
1549565341378,1011.73
1549565341388,1011.73
1549565341398,1011.73
1549565341408,1011.73
1549565341419,1011.73
1549565341428,1011.73
1549565341438,1011.73
1549565341448,1011.73
1549565341458,1011.73
1549565341468,1011.73
1549565341478,1011.73
1549565341488,1011.73
1549565341498,1011.73
1549565341508,1011.73
1549565341518,1011.73
1549565341528,1011.73
1549565341538,1011.73
1549565341548,1011.73
1549565341558,1011.73
1549565341568,1011.73
1549565341578,1011.73
1549565341588,1012.01
1549565341598,1012.01
1549565341608,1012.01
1549565341618,1012.01
1549565341628,1012.01
1549565341638,1012.01
1549565341648,1012.01
1549565341658,1012.01
1549565341668,1012.01
1549565341678,1012.01
1549565341688,1012.01
1549565341698,1012.01
1549565341708,1012.01
1549565341718,1012.01
1549565341728,1012.01
1549565341738,1012.01
1549565341748,1012.01
1549565341758,1012.01
1549565341772,1012.01
1549565341780,1011.73
1549565341790,1011.73
1549565341800,1011.73
1549565341810,1011.73
1549565341819,1011.73
1549565341832,1011.73
1549565341840,1011.73
1549565341852,1011.73
1549565341860,1011.73
1549565341870,1011.73
1549565341880,1011.73
1549565341889,1011.73
1549565341899,1011.73
1549565341909,1011.73
1549565341923,1011.73
1549565341930,1011.73
1549565341940,1011.73
1549565341950,1011.73
1549565341960,1011.73
1549565341979,1011.73
1549565341979,1011.73
1549565341989,1011.73
1549565342000,1011.73
1549565342010,1011.73
1549565342021,1011.73
1549565342029,1011.73
1549565342041,1011.73
1549565342049,1011.73
1549565342059,1011.73
1549565342071,1011.73
1549565342078,1011.73
1549565342089,1011.73
1549565342099,1011.73
1549565342109,1011.73
1549565342119,1011.73
1549565342128,1011.73
1549565342139,1011.73
1549565342148,1011.73
1549565342158,1011.97
1549565342170,1011.97
1549565342180,1011.97
1549565342189,1011.97
1549565342201,1011.97
1549565342209,1011.97
1549565342224,1011.97
1549565342230,1011.97
1549565342242,1011.97
1549565342252,1011.97
1549565342261,1011.97
1549565342271,1011.97
1549565342280,1011.97
1549565342290,1011.97
1549565342300,1011.97
1549565342310,1011.97
1549565342320,1011.97
1549565342329,1011.97
1549565342339,1011.97
1549565342349,1011.73
1549565342360,1011.73
1549565342369,1011.73
1549565342379,1011.73
1549565342389,1011.73
1549565342401,1011.73
1549565342411,1011.73
1549565342421,1011.73
1549565342431,1011.73
1549565342440,1011.73
1549565342450,1011.73
1549565342460,1011.73
1549565342471,1011.73
1549565342480,1011.73
1549565342490,1011.73
1549565342501,1011.73
1549565342510,1011.73
1549565342521,1011.73
1549565342530,1011.73
1549565342540,1011.96
1549565342553,1011.96
1549565342560,1011.96
1549565342571,1011.96
1549565342582,1011.96
1549565342591,1011.96
1549565342601,1011.96
1549565342609,1011.96
1549565342619,1011.96
1549565342630,1011.96
1549565342639,1011.96
1549565342649,1011.96
1549565342660,1011.96
1549565342669,1011.96
1549565342680,1011.96
1549565342689,1011.96
1549565342700,1011.96
1549565342710,1011.96
1549565342720,1011.73
1549565342730,1011.73
1549565342741,1011.73
1549565342751,1011.73
1549565342774,1011.73
1549565342775,1011.73
1549565342782,1011.73
1549565343475,1011.73
1549565343476,1011.73
1549565343476,1011.73
1549565343476,1011.73
1549565343477,1011.73
1549565343477,1011.73
1549565343478,1011.73
1549565343478,1011.73
1549565343478,1011.73
1549565343478,1011.73
1549565343479,1011.73
1549565343479,1011.73
1549565343479,1011.73
1549565343479,1011.73
1549565343480,1011.73
1549565343480,1011.73
1549565343480,1011.73
1549565343480,1011.73
1549565343481,1011.73
1549565343481,1011.73
1549565343481,1011.73
1549565343481,1011.73
1549565343482,1011.73
1549565343482,1011.73
1549565343482,1011.73
1549565343482,1011.73
1549565343483,1011.73
1549565343483,1011.93
1549565343483,1011.93
1549565343483,1011.93
1549565343484,1011.93
1549565343484,1011.93
1549565343484,1011.93
1549565343484,1011.93
1549565343485,1011.93
1549565343485,1011.93
1549565343486,1011.93
1549565343486,1011.93
1549565343486,1011.93
1549565343487,1011.93
1549565343487,1011.93
1549565343488,1011.73
1549565343488,1011.73
1549565343488,1011.73
1549565343489,1011.73
1549565343489,1011.73
1549565343489,1011.73
1549565343489,1011.73
1549565343490,1011.73
1549565343490,1011.73
1549565343490,1011.73
1549565343490,1011.73
1549565343490,1011.73
1549565343491,1011.73
1549565343491,1011.73
1549565343491,1011.73
1549565343492,1011.73
1549565343492,1011.73
1549565343492,1011.73
1549565343506,1011.73
1549565343515,1011.73
1549565343526,1011.73
1549565343528,1011.73
1549565343538,1011.73
1549565343548,1011.73
1549565343559,1011.73
1549565343568,1011.73
1549565343578,1011.73
1549565343588,1011.73
1549565343598,1011.73
1549565343609,1011.73
1549565343618,1011.73
1549565343628,1011.73
1549565343638,1011.73
1549565343648,1011.73
1549565343658,1011.73
1549565343668,1011.73
1549565343678,1011.73
1549565343688,1011.9
1549565343698,1011.9
1549565343708,1011.9
1549565343718,1011.9
1549565343728,1011.9
1549565343738,1011.9
1549565343748,1011.9
1549565343758,1011.9
1549565343772,1011.9
1549565343778,1011.9
1549565343788,1011.9
1549565343798,1011.9
1549565343808,1011.9
1549565343818,1011.9
1549565343828,1011.9
1549565343838,1011.9
1549565343848,1011.9
1549565343859,1011.9
1549565343868,1011.9
1549565343878,1011.73
1549565343888,1011.73
1549565343898,1011.73
1549565343908,1011.73
1549565343918,1011.73
1549565343928,1011.73
1549565343938,1011.73
1549565343948,1011.73
1549565343958,1011.73
1549565343968,1011.73
1549565343978,1011.73
1549565343988,1011.73
1549565343998,1011.73
1549565344008,1011.73
1549565344018,1011.73
1549565344028,1011.73
1549565344038,1011.73
1549565344048,1011.73
1549565344058,1011.73
1549565344068,1011.73
1549565344078,1011.73
1549565344088,1011.73
1549565344098,1011.73
1549565344108,1011.73
1549565344118,1011.73
1549565344128,1011.73
1549565344138,1011.73
1549565344148,1011.73
1549565344158,1011.73
1549565344168,1011.73
1549565344178,1011.73
1549565344188,1011.73
1549565344198,1011.73
1549565344207,1011.73
1549565344218,1011.73
1549565344228,1011.73
1549565344238,1011.73
1549565344248,1011.88
1549565344258,1011.88
1549565344268,1011.88
1549565344278,1011.88
1549565344288,1011.88
1549565344298,1011.88
1549565344308,1011.88
1549565344318,1011.88
1549565344328,1011.88
1549565344338,1011.88
1549565344348,1011.88
1549565344358,1011.88
1549565344368,1011.88
1549565344378,1011.88
1549565344388,1011.88
1549565344398,1011.88
1549565344408,1011.88
1549565344419,1011.88
1549565344428,1011.88
1549565344438,1011.73
1549565344448,1011.73
1549565344458,1011.73
1549565344470,1011.73
1549565344479,1011.73
1549565344488,1011.73
1549565344500,1011.73
1549565344508,1011.73
1549565344521,1011.73
1549565344529,1011.73
1549565344538,1011.73
1549565344549,1011.73
1549565344559,1011.73
1549565344569,1011.73
1549565344582,1011.73
1549565344592,1011.73
1549565344599,1011.73
1549565344609,1011.73
1549565344619,1011.73
1549565344631,1011.72
1549565344641,1011.72
1549565344651,1011.72
1549565344660,1011.72
1549565344671,1011.72
1549565344679,1011.72
1549565344690,1011.72
1549565344699,1011.72
1549565344709,1011.72
1549565344726,1011.72
1549565344730,1011.72
1549565344741,1011.72
1549565344750,1011.72
1549565344776,1011.72
1549565344776,1011.72
1549565344784,1011.72
1549565344791,1011.72
1549565344828,1011.72
1549565344829,1011.72
1549565344829,1011.86
1549565344830,1011.86
1549565344861,1011.86
1549565344861,1011.86
1549565344861,1011.86
1549565344880,1011.86
1549565344888,1011.86
1549565344898,1011.86
1549565344928,1011.86
1549565344938,1011.86
1549565344948,1011.86
1549565344958,1011.86
1549565344968,1011.86
1549565344978,1011.86
1549565344988,1011.86
1549565344998,1011.86
1549565345008,1011.86
1549565345018,1011.72
1549565345028,1011.72
1549565345038,1011.72
1549565345048,1011.72
1549565345058,1011.72
1549565345068,1011.72
1549565345078,1011.72
1549565345088,1011.72
1549565345098,1011.72
1549565345108,1011.72
1549565345118,1011.72
1549565345128,1011.72
1549565345138,1011.72
1549565345148,1011.72
1549565345158,1011.72
1549565345174,1011.72
1549565345178,1011.72
1549565345189,1011.72
1549565345198,1011.72
1549565345208,1011.85
1549565345219,1011.85
1549565345228,1011.85
1549565345239,1011.85
1549565345248,1011.85
1549565345258,1011.85
1549565345269,1011.85
1549565345278,1011.85
1549565345288,1011.85
1549565345298,1011.85
1549565345308,1011.85
1549565345318,1011.85
1549565345328,1011.85
1549565345338,1011.85
1549565345348,1011.85
1549565345358,1011.85
1549565345369,1011.85
1549565345379,1011.85
1549565345391,1011.85
1549565345401,1011.72
1549565345408,1011.72
1549565345419,1011.72
1549565345428,1011.72
1549565345438,1011.72
1549565345448,1011.72
1549565345458,1011.72
1549565345476,1011.72
1549565345479,1011.72
1549565345490,1011.72
1549565345499,1011.72
1549565345511,1011.72
1549565345522,1011.72
1549565345532,1011.72
1549565345539,1011.72
1549565345549,1011.72
1549565345559,1011.72
1549565345571,1011.72
1549565345580,1011.72
1549565345589,1011.72
1549565345600,1011.72
1549565345609,1011.72
1549565345620,1011.72
1549565345630,1011.72
1549565345640,1011.72
1549565345650,1011.72
1549565345660,1011.72
1549565345672,1011.72
1549565345680,1011.72
1549565345692,1011.72
1549565345700,1011.72
1549565345710,1011.72
1549565345722,1011.72
1549565345732,1011.72
1549565345741,1011.72
1549565345751,1011.72
1549565345760,1011.72
1549565345771,1011.72
1549565345807,1011.83
1549565345828,1011.83
1549565345837,1011.83
1549565345839,1011.83
1549565345841,1011.83
1549565345842,1011.83
1549565345844,1011.83
1549565345851,1011.83
1549565345859,1011.83
1549565345871,1011.83
1549565345879,1011.83
1549565345889,1011.83
1549565345900,1011.83
1549565345909,1011.83
1549565345921,1011.83
1549565345930,1011.83
1549565345940,1011.83
1549565345951,1011.83
1549565345961,1011.83
1549565345971,1011.71
1549565345980,1011.71
1549565345991,1011.71
1549565346002,1011.71
1549565346010,1011.71
1549565346037,1011.71
1549565346039,1011.71
1549565346040,1011.71
1549565346049,1011.71
1549565346060,1011.71
1549565346071,1011.71
1549565346080,1011.71
1549565346090,1011.71
1549565346100,1011.71
1549565346113,1011.71
1549565346121,1011.71
1549565346134,1011.71
1549565346142,1011.71
1549565346152,1011.71
1549565346160,1011.71
1549565346171,1011.71
1549565346222,1011.71
1549565346222,1011.71
1549565346222,1011.71
1549565346223,1011.71
1549565346223,1011.71
1549565346229,1011.71
1549565346240,1011.71
1549565346250,1011.71
1549565346259,1011.71
1549565346269,1011.71
1549565346281,1011.71
1549565346291,1011.71
1549565346299,1011.71
1549565346311,1011.71
1549565346320,1011.71
1549565346331,1011.71
1549565346341,1011.71
1549565346350,1011.81
1549565346360,1011.81
1549565346370,1011.81
1549565346380,1011.81
1549565346391,1011.81
1549565346400,1011.81
1549565346410,1011.81
1549565346423,1011.81
1549565346430,1011.81
1549565346443,1011.81
1549565346453,1011.81
1549565346460,1011.81
1549565346472,1011.81
1549565346481,1011.81
1549565346490,1011.81
1549565346502,1011.81
1549565346510,1011.81
1549565346524,1011.81
1549565346534,1011.81
1549565346539,1011.71
1549565346555,1011.71
1549565346558,1011.71
1549565346569,1011.71
1549565346580,1011.71
1549565346590,1011.71
1549565346600,1011.71
1549565346612,1011.71
1549565346620,1011.71
1549565346630,1011.71
1549565346640,1011.71
1549565346650,1011.71
1549565346661,1011.71
1549565346671,1011.71
1549565346680,1011.71
1549565346693,1011.71
1549565346700,1011.71
1549565346710,1011.71
1549565346721,1011.71
1549565346731,1011.71
1549565346740,1011.71
1549565346750,1011.71
1549565346760,1011.71
1549565346783,1011.71
1549565346784,1011.71
1549565346792,1011.71
1549565346799,1011.71
1549565346809,1011.71
1549565346821,1011.71
1549565346829,1011.71
1549565346845,1011.71
1549565346849,1011.71
1549565346861,1011.71
1549565346873,1011.71
1549565346879,1011.71
1549565346890,1011.71
1549565346899,1011.71
1549565346909,1011.71
1549565346923,1011.8
1549565346929,1011.8
1549565346940,1011.8
1549565346950,1011.8
1549565346960,1011.8
1549565346974,1011.8
1549565346980,1011.8
1549565346992,1011.8
1549565347000,1011.8
1549565347012,1011.8
1549565347026,1011.8
1549565347029,1011.8
1549565347042,1011.8
1549565347050,1011.8
1549565347060,1011.8
1549565347074,1011.8
1549565347079,1011.8
1549565347092,1011.8
1549565347099,1011.8
1549565347110,1011.71
1549565347125,1011.71
1549565347129,1011.71
1549565347143,1011.71
1549565347150,1011.71
1549565347160,1011.71
1549565347175,1011.71
1549565347179,1011.71
1549565347193,1011.71
1549565347200,1011.71
1549565347211,1011.71
1549565347225,1011.71
1549565347229,1011.71
1549565347244,1011.71
1549565347250,1011.71
1549565347261,1011.71
1549565347275,1011.71
1549565347279,1011.71
1549565347294,1011.71
1549565347299,1011.71
1549565347316,1011.71
1549565347336,1011.71
1549565347338,1011.71
1549565347345,1011.71
1549565347348,1011.71
1549565347359,1011.71
1549565347368,1011.71
1549565347379,1011.71
1549565347388,1011.71
1549565347398,1011.71
1549565347408,1011.71
1549565347418,1011.71
1549565347428,1011.71
1549565347439,1011.71
1549565347449,1011.71
1549565347458,1011.71
1549565347468,1011.71
1549565347478,1011.71
1549565347488,1011.79
1549565347499,1011.79
1549565347509,1011.79
1549565347520,1011.79
1549565347530,1011.79
1549565347538,1011.79
1549565347549,1011.79
1549565347558,1011.79
1549565347573,1011.79
1549565347578,1011.79
1549565347588,1011.79
1549565347598,1011.79
1549565347608,1011.79
1549565347618,1011.79
1549565347628,1011.79
1549565347638,1011.79
1549565347648,1011.79
1549565347658,1011.79
1549565347668,1011.79
1549565347678,1011.71
1549565347688,1011.71
1549565347698,1011.71
1549565347708,1011.71
1549565347718,1011.71
1549565347728,1011.71
1549565347738,1011.71
1549565347748,1011.71
1549565347758,1011.71
1549565347768,1011.71
1549565347778,1011.71
1549565347788,1011.71
1549565347798,1011.71
1549565347808,1011.71
1549565347818,1011.71
1549565347828,1011.71
1549565347838,1011.71
1549565347848,1011.71
1549565347858,1011.71
1549565347873,1011.78
1549565347880,1011.78
1549565347889,1011.78
1549565347898,1011.78
1549565347909,1011.78
1549565347921,1011.78
1549565347930,1011.78
1549565347939,1011.78
1549565347950,1011.78
1549565347959,1011.78
1549565347972,1011.78
1549565347979,1011.78
1549565347989,1011.78
1549565347999,1011.78
1549565348009,1011.78
1549565348025,1011.78
1549565348034,1011.78
1549565348039,1011.78
1549565348049,1011.71
1549565348059,1011.71
1549565348070,1011.71
1549565348079,1011.71
1549565348090,1011.71
1549565348100,1011.71
1549565348110,1011.71
1549565348119,1011.71
1549565348130,1011.71
1549565348140,1011.71
1549565348150,1011.71
1549565348161,1011.71
1549565348171,1011.71
1549565348182,1011.71
1549565348192,1011.71
1549565348200,1011.71
1549565348210,1011.71
1549565348221,1011.71
1549565348232,1011.71
1549565348242,1011.71
1549565348252,1011.71
1549565348260,1011.71
1549565348271,1011.71
1549565348280,1011.71
1549565348290,1011.71
1549565348300,1011.71
1549565348312,1011.71
1549565348321,1011.71
1549565348330,1011.71
1549565348340,1011.71
1549565348352,1011.71
1549565348362,1011.71
1549565348371,1011.71
1549565348400,1011.71
1549565348400,1011.71
1549565348401,1011.71
1549565348410,1011.71
1549565348423,1011.71
1549565348433,1011.78
1549565348440,1011.78
1549565348452,1011.78
1549565348460,1011.78
1549565348471,1011.78
1549565348482,1011.78
1549565348491,1011.78
1549565348500,1011.78
1549565348511,1011.78
1549565348524,1011.78
1549565348533,1011.78
1549565348539,1011.78
1549565348555,1011.78
1549565348559,1011.78
1549565348569,1011.78
1549565348580,1011.78
1549565348589,1011.78
1549565348601,1011.78
1549565348611,1011.78
1549565348622,1011.71
1549565348631,1011.71
1549565348640,1011.71
1549565348651,1011.71
1549565348663,1011.71
1549565348671,1011.71
1549565348681,1011.71
1549565348690,1011.71
1549565348700,1011.71
1549565348711,1011.71
1549565348721,1011.71
1549565348732,1011.71
1549565348740,1011.71
1549565348750,1011.71
1549565348761,1011.71
1549565348769,1011.71
1549565348779,1011.71
1549565348805,1011.71
1549565348806,1011.71
1549565348811,1011.71
1549565348837,1011.71
1549565348851,1011.71
1549565348857,1011.71
1549565348877,1011.71
1549565348879,1011.71
1549565348897,1011.71
1549565348908,1011.71
1549565348927,1011.71
1549565348929,1011.71
1549565348938,1011.71
1549565348948,1011.71
1549565348958,1011.71
1549565348969,1011.71
1549565348978,1011.71
1549565348990,1011.71
1549565348998,1011.77
1549565349011,1011.77
1549565349039,1011.77
1549565349040,1011.77
1549565349040,1011.77
1549565349049,1011.77
1549565349063,1011.77
1549565349069,1011.77
1549565349079,1011.77
1549565349089,1011.77
1549565349099,1011.77
1549565349110,1011.77
1549565349119,1011.77
1549565349131,1011.77
1549565349141,1011.77
1549565349150,1011.77
1549565349160,1011.77
1549565349172,1011.77
1549565349189,1011.71
1549565349199,1011.71
1549565349209,1011.71
