1549566710395,1006.19
1549566710427,1006.19
1549566710427,1006.19
1549566710427,1006.19
1549566710437,1006.19
1549566710446,1006.19
1549566710456,1006.19
1549566710468,1006.19
1549566710478,1006.19
1549566710488,1006.19
1549566710496,1006.19
1549566710506,1006.19
1549566710516,1006.19
1549566710527,1006.19
1549566710536,1006.19
1549566710546,1006.19
1549566710556,1006.19
1549566710566,1006.19
1549566710577,1006.19
1549566710587,1006.21
1549566710596,1006.21
1549566710606,1006.21
1549566710616,1006.21
1549566710627,1006.21
1549566710637,1006.21
1549566710646,1006.21
1549566710656,1006.21
1549566710666,1006.21
1549566710676,1006.21
1549566710687,1006.21
1549566710696,1006.21
1549566710707,1006.21
1549566710716,1006.21
1549566710728,1006.21
1549566710738,1006.21
1549566710746,1006.21
1549566710757,1006.21
1549566710766,1006.21
1549566710777,1006.24
1549566710788,1006.24
1549566710796,1006.24
1549566710807,1006.24
1549566710816,1006.24
1549566710827,1006.24
1549566710836,1006.24
1549566710846,1006.24
1549566710858,1006.24
1549566710866,1006.24
1549566710881,1006.24
1549566710887,1006.24
1549566710896,1006.24
1549566710908,1006.24
1549566710917,1006.24
1549566710927,1006.24
1549566710936,1006.24
1549566710947,1006.24
1549566710959,1006.24
1549566710967,1006.26
1549566710977,1006.26
1549566710986,1006.26
1549566710996,1006.26
1549566711006,1006.26
1549566711017,1006.26
1549566711027,1006.26
1549566711036,1006.26
1549566711046,1006.26
1549566711056,1006.26
1549566711066,1006.26
1549566711076,1006.26
1549566711086,1006.26
1549566711096,1006.26
1549566711106,1006.26
1549566711116,1006.26
1549566711126,1006.26
1549566711136,1006.26
1549566711146,1006.26
1549566711157,1006.27
1549566711167,1006.27
1549566711177,1006.27
1549566711187,1006.27
1549566711197,1006.27
1549566711207,1006.27
1549566711217,1006.27
1549566711227,1006.27
1549566711237,1006.27
1549566711247,1006.27
1549566711257,1006.27
1549566711267,1006.27
1549566711277,1006.27
1549566711287,1006.27
1549566711297,1006.27
1549566711307,1006.27
1549566711317,1006.27
1549566711327,1006.27
1549566711337,1006.27
1549566711347,1006.29
1549566711357,1006.29
1549566711367,1006.29
1549566711377,1006.29
1549566711386,1006.29
1549566711399,1006.29
1549566711406,1006.29
1549566711416,1006.29
1549566711427,1006.29
1549566711436,1006.29
1549566711446,1006.29
1549566711456,1006.29
1549566711467,1006.29
1549566711477,1006.29
1549566711487,1006.29
1549566711497,1006.29
1549566711507,1006.29
1549566711517,1006.29
1549566711527,1006.29
1549566711537,1006.3
1549566711547,1006.3
1549566711557,1006.3
1549566711567,1006.3
1549566711577,1006.3
1549566711587,1006.3
1549566711597,1006.3
1549566711607,1006.3
1549566711617,1006.3
1549566711627,1006.3
1549566711637,1006.3
1549566711647,1006.3
1549566711657,1006.3
1549566711667,1006.3
1549566711677,1006.3
1549566711687,1006.3
1549566711696,1006.3
1549566711726,1006.3
1549566711726,1006.3
1549566711727,1006.33
1549566711736,1006.33
1549566711747,1006.33
1549566711756,1006.33
1549566711766,1006.33
1549566711776,1006.33
1549566711786,1006.33
1549566711798,1006.33
1549566711806,1006.33
1549566711818,1006.33
1549566711827,1006.33
1549566711840,1006.33
1549566711846,1006.33
1549566711857,1006.33
1549566711867,1006.33
1549566711878,1006.33
1549566711886,1006.33
1549566711897,1006.33
1549566711907,1006.33
1549566711917,1006.34
1549566711936,1006.34
1549566711947,1006.34
1549566711958,1006.34
1549566711966,1006.34
1549566711987,1006.34
1549566712007,1006.34
1549566712017,1006.34
1549566712027,1006.34
1549566712036,1006.34
1549566712047,1006.34
1549566712056,1006.34
1549566712066,1006.34
1549566712076,1006.34
1549566712086,1006.34
1549566712096,1006.34
1549566712106,1006.35
1549566712116,1006.35
1549566712126,1006.35
1549566712136,1006.35
1549566712147,1006.35
1549566712157,1006.35
1549566712167,1006.35
1549566712177,1006.35
1549566712187,1006.35
1549566712197,1006.35
1549566712207,1006.35
1549566712217,1006.35
1549566712228,1006.35
1549566712237,1006.35
1549566712247,1006.35
1549566712256,1006.35
1549566712266,1006.35
1549566712283,1006.35
1549566712288,1006.35
1549566712297,1006.38
1549566712307,1006.38
1549566712317,1006.38
1549566712327,1006.38
1549566712337,1006.38
1549566712347,1006.38
1549566712357,1006.38
1549566712370,1006.38
1549566712380,1006.38
1549566712413,1006.38
1549566712413,1006.38
1549566712413,1006.38
1549566712416,1006.38
1549566712426,1006.38
1549566712438,1006.38
1549566712446,1006.38
1549566712456,1006.38
1549566712466,1006.38
1549566712476,1006.38
1549566712488,1006.39
1549566712496,1006.39
1549566712507,1006.39
1549566712516,1006.39
1549566712526,1006.39
1549566712536,1006.39
1549566712546,1006.39
1549566712557,1006.39
1549566712566,1006.39
1549566712576,1006.39
1549566712586,1006.39
1549566712596,1006.39
1549566712607,1006.39
1549566712616,1006.39
1549566712626,1006.39
1549566712636,1006.39
1549566712646,1006.39
1549566712657,1006.39
1549566712666,1006.39
1549566712676,1006.4
1549566712686,1006.4
1549566712696,1006.4
1549566712708,1006.4
1549566712716,1006.4
1549566712726,1006.4
1549566712736,1006.4
1549566712746,1006.4
1549566712758,1006.4
1549566712766,1006.4
1549566712777,1006.4
1549566712786,1006.4
1549566712796,1006.4
1549566712809,1006.4
1549566712816,1006.4
1549566712827,1006.4
1549566712837,1006.4
1549566712847,1006.4
1549566712858,1006.43
1549566712866,1006.43
1549566712877,1006.43
1549566712886,1006.43
1549566712896,1006.43
1549566712909,1006.43
1549566712916,1006.43
1549566712926,1006.43
1549566712936,1006.43
1549566712946,1006.43
1549566712956,1006.43
1549566712966,1006.43
1549566712976,1006.43
1549566712987,1006.43
1549566712996,1006.43
1549566713006,1006.43
1549566713016,1006.43
1549566713026,1006.43
1549566713036,1006.43
1549566713046,1006.43
1549566713056,1006.44
1549566713066,1006.44
1549566713077,1006.44
1549566713086,1006.44
1549566713096,1006.44
1549566713106,1006.44
1549566713116,1006.44
1549566713126,1006.44
1549566713136,1006.44
1549566713146,1006.44
1549566713156,1006.44
1549566713166,1006.44
1549566713176,1006.44
1549566713186,1006.44
1549566713196,1006.44
1549566713206,1006.44
1549566713216,1006.44
1549566713226,1006.44
1549566713236,1006.45
1549566713247,1006.45
1549566713257,1006.45
1549566713267,1006.45
1549566713277,1006.45
1549566713287,1006.45
1549566713297,1006.45
1549566713307,1006.45
1549566713317,1006.45
1549566713327,1006.45
1549566713337,1006.45
1549566713347,1006.45
1549566713357,1006.45
1549566713367,1006.45
1549566713376,1006.45
1549566713386,1006.45
1549566713400,1006.45
1549566713406,1006.45
1549566713417,1006.45
1549566713427,1006.48
1549566713437,1006.48
1549566713446,1006.48
1549566713457,1006.48
1549566713467,1006.48
1549566713477,1006.48
1549566713487,1006.48
1549566713497,1006.48
1549566713507,1006.48
1549566713517,1006.48
1549566713527,1006.48
1549566713537,1006.48
1549566713547,1006.48
1549566713557,1006.48
1549566713567,1006.48
1549566713577,1006.48
1549566713587,1006.48
1549566713597,1006.48
1549566713607,1006.48
1549566713617,1006.49
1549566713627,1006.49
1549566713637,1006.49
1549566713647,1006.49
1549566713657,1006.49
1549566713667,1006.49
1549566713677,1006.49
1549566713687,1006.49
1549566713697,1006.49
1549566713707,1006.49
1549566713717,1006.49
1549566713727,1006.49
1549566713737,1006.49
1549566713747,1006.49
1549566713757,1006.49
1549566713767,1006.49
1549566713777,1006.49
1549566713787,1006.49
1549566713797,1006.49
1549566713807,1006.5
1549566713817,1006.5
1549566713827,1006.5
1549566713837,1006.5
1549566713847,1006.5
1549566713857,1006.5
1549566713867,1006.5
1549566713877,1006.5
1549566713896,1006.5
1549566713906,1006.5
1549566713916,1006.5
1549566713926,1006.5
1549566713936,1006.5
1549566713946,1006.5
1549566713976,1006.5
1549566713986,1006.5
1549566713996,1006.51
1549566714006,1006.51
1549566714016,1006.51
1549566714026,1006.51
1549566714036,1006.51
1549566714046,1006.51
1549566714056,1006.51
1549566714066,1006.51
1549566714076,1006.51
1549566714086,1006.51
1549566714096,1006.51
1549566714106,1006.51
1549566714116,1006.51
1549566714126,1006.51
1549566714136,1006.51
1549566714146,1006.51
1549566714156,1006.51
1549566714166,1006.51
1549566714176,1006.51
1549566714186,1006.53
1549566714196,1006.53
1549566714206,1006.53
1549566714216,1006.53
1549566714226,1006.53
1549566714237,1006.53
1549566714247,1006.53
1549566714257,1006.53
1549566714267,1006.53
1549566714277,1006.53
1549566714287,1006.53
1549566714297,1006.53
1549566714307,1006.53
1549566714317,1006.53
1549566714327,1006.53
1549566714337,1006.53
1549566714347,1006.53
1549566714357,1006.53
1549566714369,1006.53
1549566714376,1006.56
1549566714412,1006.56
1549566714412,1006.56
1549566714412,1006.56
1549566714416,1006.56
1549566714426,1006.56
1549566714437,1006.56
1549566714446,1006.56
1549566714456,1006.56
1549566714466,1006.56
1549566714476,1006.56
1549566714489,1006.56
1549566714496,1006.56
1549566714506,1006.56
1549566714516,1006.56
1549566714526,1006.56
1549566714538,1006.56
1549566714546,1006.56
1549566714556,1006.56
1549566714566,1006.57
1549566714576,1006.57
1549566714586,1006.57
1549566714596,1006.57
1549566714606,1006.57
1549566714616,1006.57
1549566714626,1006.57
1549566714636,1006.57
1549566714646,1006.57
1549566714657,1006.57
1549566714666,1006.57
1549566714676,1006.57
1549566714686,1006.57
1549566714696,1006.57
1549566714707,1006.57
1549566714716,1006.57
1549566714726,1006.57
1549566714736,1006.57
1549566714746,1006.57
1549566714757,1006.59
1549566714766,1006.59
1549566714776,1006.59
1549566714786,1006.59
1549566714796,1006.59
1549566714808,1006.59
1549566714816,1006.59
1549566714826,1006.59
1549566714836,1006.59
1549566714846,1006.59
1549566714857,1006.59
1549566714866,1006.59
1549566714877,1006.59
1549566714886,1006.59
1549566714896,1006.59
1549566714910,1006.59
1549566714916,1006.59
1549566714927,1006.59
1549566714936,1006.59
1549566714946,1006.62
1549566714958,1006.62
1549566714966,1006.62
1549566714976,1006.62
1549566714986,1006.62
1549566714996,1006.62
1549566715006,1006.62
1549566715016,1006.62
1549566715026,1006.62
1549566715036,1006.62
1549566715046,1006.62
1549566715056,1006.62
1549566715066,1006.62
1549566715076,1006.62
1549566715086,1006.62
1549566715096,1006.62
1549566715106,1006.62
1549566715116,1006.62
1549566715126,1006.62
1549566715136,1006.63
1549566715146,1006.63
1549566715156,1006.63
1549566715166,1006.63
1549566715176,1006.63
1549566715186,1006.63
1549566715196,1006.63
1549566715206,1006.63
1549566715216,1006.63
1549566715226,1006.63
1549566715236,1006.63
1549566715246,1006.63
1549566715256,1006.63
1549566715266,1006.63
1549566715276,1006.63
1549566715286,1006.63
1549566715296,1006.63
1549566715306,1006.63
1549566715316,1006.63
1549566715326,1006.66
1549566715336,1006.66
1549566715346,1006.66
1549566715368,1006.66
1549566715368,1006.66
1549566715376,1006.66
1549566715386,1006.66
1549566715396,1006.66
1549566715406,1006.66
1549566715416,1006.66
1549566715426,1006.66
1549566715436,1006.66
1549566715449,1006.66
1549566715456,1006.66
1549566715466,1006.66
1549566715476,1006.66
1549566715486,1006.66
1549566715496,1006.66
1549566715506,1006.66
1549566715517,1006.7
1549566715526,1006.7
1549566715536,1006.7
1549566715546,1006.7
1549566715556,1006.7
1549566715566,1006.7
1549566715576,1006.7
1549566715586,1006.7
1549566715596,1006.7
1549566715606,1006.7
1549566715616,1006.7
1549566715626,1006.7
1549566715636,1006.7
1549566715646,1006.7
1549566715656,1006.7
1549566715666,1006.7
1549566715676,1006.7
1549566715686,1006.7
1549566715696,1006.7
1549566715706,1006.71
1549566715716,1006.71
1549566715726,1006.71
1549566715736,1006.71
1549566715746,1006.71
1549566715756,1006.71
1549566715766,1006.71
1549566715776,1006.71
1549566715786,1006.71
1549566715796,1006.71
1549566715806,1006.71
1549566715816,1006.71
1549566715826,1006.71
1549566715836,1006.71
1549566715846,1006.71
1549566715856,1006.71
1549566715866,1006.71
1549566715876,1006.71
1549566715886,1006.71
1549566715896,1006.73
1549566715906,1006.73
1549566715917,1006.73
1549566715926,1006.73
1549566715937,1006.73
1549566715946,1006.73
1549566715956,1006.73
1549566715966,1006.73
1549566715976,1006.73
1549566715986,1006.73
1549566715997,1006.73
1549566716006,1006.73
1549566716016,1006.73
1549566716026,1006.73
1549566716036,1006.73
1549566716046,1006.73
1549566716056,1006.73
1549566716066,1006.73
1549566716076,1006.73
1549566716086,1006.77
1549566716096,1006.77
1549566716106,1006.77
1549566716116,1006.77
1549566716126,1006.77
1549566716136,1006.77
1549566716146,1006.77
1549566716156,1006.77
1549566716166,1006.77
1549566716176,1006.77
1549566716186,1006.77
1549566716196,1006.77
1549566716206,1006.77
1549566716216,1006.77
1549566716226,1006.77
1549566716236,1006.77
1549566716246,1006.77
1549566716256,1006.77
1549566716266,1006.77
1549566716276,1006.78
1549566716286,1006.78
1549566716296,1006.78
1549566716306,1006.78
1549566716316,1006.78
1549566716326,1006.78
1549566716336,1006.78
1549566716346,1006.78
1549566716356,1006.78
1549566716371,1006.78
1549566716446,1006.78
1549566716447,1006.78
1549566716447,1006.78
1549566716447,1006.78
1549566716456,1006.78
1549566716456,1006.78
1549566716465,1006.78
1549566716466,1006.78
1549566716471,1006.78
1549566716472,1006.81
1549566716498,1006.81
1549566716499,1006.81
1549566716508,1006.81
1549566716538,1006.81
1549566716546,1006.81
1549566716557,1006.81
1549566716566,1006.81
1549566716577,1006.81
1549566716586,1006.81
1549566716596,1006.81
1549566716607,1006.81
1549566716616,1006.81
1549566716626,1006.81
1549566716636,1006.81
1549566716646,1006.81
1549566716657,1006.82
1549566716666,1006.82
1549566716676,1006.82
1549566716686,1006.82
1549566716696,1006.82
1549566716707,1006.82
1549566716716,1006.82
1549566716726,1006.82
1549566716736,1006.82
1549566716746,1006.82
1549566716757,1006.82
1549566716766,1006.82
1549566716780,1006.82
1549566716786,1006.82
1549566716796,1006.82
1549566716808,1006.82
1549566716816,1006.82
1549566716827,1006.82
1549566716837,1006.82
1549566716847,1006.85
1549566716858,1006.85
1549566716866,1006.85
1549566716877,1006.85
1549566716886,1006.85
1549566716896,1006.85
1549566716909,1006.85
1549566716917,1006.85
1549566716927,1006.85
1549566716936,1006.85
1549566716947,1006.85
1549566716959,1006.85
1549566716966,1006.85
1549566716977,1006.85
1549566716987,1006.85
1549566716996,1006.85
1549566717008,1006.85
1549566717016,1006.85
1549566717044,1006.85
1549566717044,1006.9
1549566717046,1006.9
1549566717057,1006.9
1549566717067,1006.9
1549566717077,1006.9
1549566717086,1006.9
1549566717097,1006.9
1549566717107,1006.9
1549566717116,1006.9
1549566717127,1006.9
1549566717136,1006.9
1549566717146,1006.9
1549566717157,1006.9
1549566717167,1006.9
1549566717176,1006.9
1549566717187,1006.9
1549566717197,1006.9
1549566717207,1006.9
1549566717217,1006.9
1549566717227,1006.9
1549566717237,1006.9
1549566717248,1006.9
1549566717257,1006.9
1549566717268,1006.9
1549566717277,1006.9
1549566717287,1006.9
1549566717297,1006.9
1549566717307,1006.9
1549566717317,1006.9
1549566717327,1006.9
1549566717337,1006.9
1549566717347,1006.9
1549566717357,1006.9
1549566717367,1006.9
1549566717377,1006.9
1549566717387,1006.9
1549566717397,1006.9
1549566717407,1006.9
1549566717417,1006.94
1549566717427,1006.94
1549566717437,1006.94
1549566717447,1006.94
1549566717457,1006.94
1549566717467,1006.94
1549566717477,1006.94
1549566717487,1006.94
1549566717497,1006.94
1549566717507,1006.94
1549566717520,1006.94
1549566717526,1006.94
1549566717536,1006.94
1549566717546,1006.94
1549566717556,1006.94
1549566717567,1006.94
1549566717577,1006.94
1549566717587,1006.94
1549566717598,1006.99
1549566717606,1006.99
1549566717616,1006.99
1549566717626,1006.99
1549566717636,1006.99
1549566717647,1006.99
1549566717657,1006.99
1549566717667,1006.99
1549566717677,1006.99
1549566717687,1006.99
1549566717697,1006.99
1549566717707,1006.99
1549566717717,1006.99
1549566717727,1006.99
1549566717737,1006.99
1549566717747,1006.99
1549566717757,1006.99
1549566717767,1006.99
1549566717777,1006.99
1549566717787,1007.0
1549566717797,1007.0
1549566717807,1007.0
1549566717817,1007.0
1549566717827,1007.0
1549566717837,1007.0
1549566717847,1007.0
1549566717857,1007.0
1549566717867,1007.0
1549566717877,1007.0
1549566717887,1007.0
1549566717897,1007.0
1549566717907,1007.0
1549566717917,1007.0
1549566717927,1007.0
1549566717937,1007.0
1549566717947,1007.0
1549566717957,1007.0
1549566717967,1007.0
1549566717977,1007.04
1549566717987,1007.04
1549566717997,1007.04
1549566718007,1007.04
1549566718017,1007.04
1549566718026,1007.04
1549566718038,1007.04
1549566718046,1007.04
1549566718056,1007.04
1549566718066,1007.04
1549566718076,1007.04
1549566718086,1007.04
1549566718097,1007.04
1549566718106,1007.04
1549566718116,1007.04
1549566718126,1007.04
1549566718136,1007.04
1549566718146,1007.04
1549566718156,1007.04
1549566718166,1007.09
1549566718176,1007.09
1549566718186,1007.09
1549566718196,1007.09
1549566718206,1007.09
1549566718216,1007.09
1549566718226,1007.09
1549566718236,1007.09
1549566718246,1007.09
1549566718256,1007.09
1549566718266,1007.09
1549566718276,1007.09
1549566718286,1007.09
1549566718296,1007.09
1549566718306,1007.09
1549566718316,1007.09
1549566718326,1007.09
1549566718336,1007.09
1549566718346,1007.09
1549566718356,1007.1
1549566718367,1007.1
1549566718377,1007.1
1549566718386,1007.1
1549566718396,1007.1
1549566718406,1007.1
1549566718416,1007.1
1549566718427,1007.1
1549566718437,1007.1
1549566718447,1007.1
1549566718456,1007.1
1549566718466,1007.1
1549566718477,1007.1
1549566718487,1007.1
1549566718496,1007.1
1549566718507,1007.1
1549566718517,1007.1
1549566718526,1007.1
1549566718537,1007.1
1549566718546,1007.14
1549566718556,1007.14
1549566718567,1007.14
1549566718577,1007.14
1549566718588,1007.14
1549566718598,1007.14
1549566718607,1007.14
1549566718616,1007.14
1549566718627,1007.14
1549566718637,1007.14
1549566718647,1007.14
1549566718657,1007.14
1549566718666,1007.14
1549566718677,1007.14
1549566718687,1007.14
1549566718697,1007.14
1549566718708,1007.14
1549566718717,1007.14
1549566718727,1007.14
1549566718737,1007.15
1549566718746,1007.15
1549566718757,1007.15
1549566718766,1007.15
1549566718776,1007.15
1549566718787,1007.15
1549566718797,1007.15
1549566718808,1007.15
1549566718816,1007.15
1549566718827,1007.15
1549566718837,1007.15
1549566718846,1007.15
1549566718858,1007.15
1549566718866,1007.15
1549566718877,1007.15
1549566718886,1007.15
1549566718897,1007.15
1549566718909,1007.15
1549566718916,1007.15
1549566718927,1007.19
1549566718936,1007.19
1549566718946,1007.19
1549566718956,1007.19
1549566718966,1007.19
1549566718976,1007.19
1549566718986,1007.19
1549566718996,1007.19
1549566719007,1007.19
1549566719016,1007.19
1549566719030,1007.19
1549566719036,1007.19
1549566719046,1007.19
1549566719056,1007.19
1549566719066,1007.19
1549566719076,1007.19
1549566719087,1007.19
1549566719096,1007.19
1549566719107,1007.19
1549566719116,1007.24
1549566719126,1007.24
1549566719137,1007.24
1549566719146,1007.24
1549566719156,1007.24
1549566719166,1007.24
1549566719176,1007.24
1549566719186,1007.24
1549566719196,1007.24
1549566719206,1007.24
1549566719216,1007.24
1549566719226,1007.24
1549566719236,1007.24
1549566719246,1007.24
1549566719256,1007.24
1549566719266,1007.24
1549566719276,1007.24
1549566719286,1007.24
1549566719296,1007.24
1549566719307,1007.25
1549566719317,1007.25
1549566719327,1007.25
1549566719337,1007.25
1549566719347,1007.25
1549566719357,1007.25
1549566719367,1007.25
1549566719377,1007.25
1549566719387,1007.25
1549566719397,1007.25
1549566719407,1007.25
1549566719417,1007.25
1549566719427,1007.25
1549566719437,1007.25
1549566719447,1007.25
1549566719457,1007.25
1549566719467,1007.25
1549566719477,1007.25
1549566719487,1007.25
1549566719497,1007.3
1549566719507,1007.3
1549566719527,1007.3
1549566719537,1007.3
1549566719547,1007.3
1549566719556,1007.3
1549566719566,1007.3
1549566719576,1007.3
1549566719586,1007.3
1549566719597,1007.3
1549566719606,1007.3
1549566719617,1007.3
1549566719626,1007.3
1549566719656,1007.3
1549566719667,1007.3
1549566719677,1007.3
1549566719687,1007.35
1549566719697,1007.35
1549566719707,1007.35
1549566719717,1007.35
1549566719727,1007.35
1549566719737,1007.35
1549566719747,1007.35
1549566719757,1007.35
1549566719767,1007.35
1549566719777,1007.35
1549566719787,1007.35
1549566719797,1007.35
1549566719807,1007.35
1549566719817,1007.35
1549566719827,1007.35
1549566719837,1007.35
1549566719847,1007.35
1549566719857,1007.35
1549566719867,1007.35
1549566719877,1007.36
1549566719887,1007.36
1549566719897,1007.36
1549566719907,1007.36
1549566719917,1007.36
1549566719927,1007.36
1549566719937,1007.36
1549566719947,1007.36
1549566719957,1007.36
1549566719967,1007.36
1549566719977,1007.36
1549566719987,1007.36
1549566719997,1007.36
1549566720007,1007.36
1549566720018,1007.36
1549566720027,1007.36
1549566720039,1007.36
1549566720047,1007.36
1549566720057,1007.36
1549566720068,1007.4
1549566720077,1007.4
1549566720087,1007.4
1549566720096,1007.4
1549566720106,1007.4
1549566720116,1007.4
1549566720126,1007.4
1549566720136,1007.4
1549566720146,1007.4
1549566720156,1007.4
1549566720167,1007.4
1549566720176,1007.4
1549566720186,1007.4
1549566720196,1007.4
1549566720206,1007.4
1549566720216,1007.4
1549566720226,1007.4
1549566720236,1007.4
1549566720246,1007.4
1549566720256,1007.46
1549566720266,1007.46
1549566720276,1007.46
1549566720286,1007.46
1549566720296,1007.46
1549566720306,1007.46
1549566720316,1007.46
1549566720327,1007.46
1549566720336,1007.46
1549566720346,1007.46
1549566720366,1007.46
1549566720366,1007.46
1549566720376,1007.46
1549566720386,1007.46
1549566720396,1007.46
1549566720406,1007.46
1549566720416,1007.46
1549566720426,1007.46
1549566720436,1007.46
1549566720446,1007.46
1549566720456,1007.46
1549566720466,1007.46
1549566720476,1007.46
1549566720486,1007.46
1549566720496,1007.46
1549566720507,1007.46
1549566720516,1007.46
1549566720526,1007.46
1549566720536,1007.46
1549566720546,1007.46
1549566720556,1007.46
1549566720566,1007.46
1549566720576,1007.46
1549566720587,1007.46
1549566720596,1007.46
1549566720606,1007.46
1549566720616,1007.46
1549566720626,1007.46
1549566720636,1007.51
1549566720646,1007.51
1549566720656,1007.51
1549566720666,1007.51
1549566720676,1007.51
1549566720686,1007.51
1549566720696,1007.51
1549566720706,1007.51
1549566720716,1007.51
1549566720726,1007.51
1549566720736,1007.51
1549566720746,1007.51
1549566720756,1007.51
1549566720766,1007.51
1549566720776,1007.51
1549566720786,1007.51
1549566720796,1007.51
1549566720806,1007.51
1549566720816,1007.51
1549566720826,1007.57
1549566720836,1007.57
1549566720846,1007.57
1549566720856,1007.57
1549566720866,1007.57
1549566720876,1007.57
1549566720886,1007.57
1549566720896,1007.57
1549566720906,1007.57
1549566720916,1007.57
1549566720926,1007.57
1549566720936,1007.57
1549566720946,1007.57
1549566720956,1007.57
1549566720966,1007.57
1549566720976,1007.57
1549566720986,1007.57
1549566720996,1007.57
1549566721006,1007.57
1549566721016,1007.57
1549566721029,1007.57
1549566721036,1007.57
1549566721046,1007.57
1549566721056,1007.57
1549566721066,1007.57
1549566721076,1007.57
1549566721087,1007.57
1549566721096,1007.57
1549566721106,1007.57
1549566721116,1007.57
1549566721126,1007.57
1549566721136,1007.57
1549566721146,1007.57
1549566721156,1007.57
1549566721166,1007.57
1549566721176,1007.57
1549566721186,1007.57
1549566721196,1007.57
1549566721206,1007.62
1549566721216,1007.62
1549566721226,1007.62
1549566721236,1007.62
1549566721246,1007.62
1549566721256,1007.62
1549566721266,1007.62
1549566721276,1007.62
1549566721286,1007.62
1549566721296,1007.62
1549566721306,1007.62
1549566721316,1007.62
1549566721326,1007.62
1549566721336,1007.62
1549566721346,1007.62
1549566721356,1007.62
1549566721366,1007.62
1549566721376,1007.62
1549566721386,1007.62
1549566721396,1007.63
1549566721406,1007.63
1549566721416,1007.63
1549566721426,1007.63
1549566721436,1007.63
1549566721446,1007.63
1549566721456,1007.63
1549566721466,1007.63
1549566721476,1007.63
1549566721486,1007.63
1549566721496,1007.63
1549566721507,1007.63
1549566721518,1007.63
1549566721527,1007.63
1549566721536,1007.63
1549566721546,1007.63
1549566721556,1007.63
1549566721566,1007.63
1549566721576,1007.63
1549566721586,1007.67
1549566721597,1007.67
1549566721606,1007.67
1549566721616,1007.67
1549566721626,1007.67
1549566721636,1007.67
1549566721646,1007.67
1549566721656,1007.67
1549566721666,1007.67
1549566721676,1007.67
1549566721686,1007.67
1549566721696,1007.67
1549566721706,1007.67
1549566721716,1007.67
1549566721726,1007.67
1549566721736,1007.67
1549566721746,1007.67
1549566721756,1007.67
1549566721766,1007.73
1549566721776,1007.73
1549566721786,1007.73
1549566721796,1007.73
1549566721806,1007.73
1549566721816,1007.73
1549566721826,1007.73
1549566721836,1007.73
1549566721846,1007.73
1549566721856,1007.73
1549566721866,1007.73
1549566721876,1007.73
1549566721886,1007.73
1549566721896,1007.73
1549566721906,1007.73
1549566721917,1007.73
1549566721926,1007.73
1549566721936,1007.73
1549566721946,1007.73
1549566721956,1007.73
1549566721966,1007.73
1549566721976,1007.73
1549566721986,1007.73
1549566721996,1007.73
1549566722006,1007.73
1549566722017,1007.73
1549566722044,1007.73
1549566722044,1007.73
1549566722046,1007.73
1549566722056,1007.73
1549566722066,1007.73
1549566722076,1007.73
1549566722086,1007.73
1549566722097,1007.73
1549566722106,1007.73
1549566722117,1007.73
1549566722126,1007.73
1549566722136,1007.73
1549566722146,1007.78
1549566722156,1007.78
1549566722166,1007.78
1549566722176,1007.78
1549566722186,1007.78
1549566722196,1007.78
1549566722206,1007.78
1549566722216,1007.78
1549566722226,1007.78
1549566722237,1007.78
1549566722246,1007.78
1549566722256,1007.78
1549566722266,1007.78
1549566722276,1007.78
1549566722286,1007.78
1549566722296,1007.78
1549566722306,1007.78
1549566722316,1007.78
1549566722326,1007.78
1549566722336,1007.84
1549566722346,1007.84
1549566722356,1007.84
1549566722366,1007.84
1549566722376,1007.84
1549566722386,1007.84
1549566722396,1007.84
1549566722406,1007.84
1549566722416,1007.84
1549566722426,1007.84
1549566722436,1007.84
1549566722446,1007.84
1549566722456,1007.84
1549566722466,1007.84
1549566722476,1007.84
1549566722486,1007.84
1549566722496,1007.84
1549566722508,1007.84
1549566722517,1007.84
1549566722526,1007.85
1549566722536,1007.85
1549566722546,1007.85
1549566722556,1007.85
1549566722566,1007.85
1549566722576,1007.85
1549566722587,1007.85
1549566722596,1007.85
1549566722606,1007.85
1549566722616,1007.85
1549566722626,1007.85
1549566722636,1007.85
1549566722646,1007.85
1549566722656,1007.85
1549566722666,1007.85
1549566722676,1007.85
1549566722686,1007.85
1549566722696,1007.85
1549566722706,1007.85
1549566722716,1007.9
1549566722726,1007.9
1549566722736,1007.9
1549566722746,1007.9
1549566722756,1007.9
1549566722766,1007.9
1549566722776,1007.9
1549566722786,1007.9
1549566722796,1007.9
1549566722806,1007.9
1549566722816,1007.9
1549566722826,1007.9
1549566722836,1007.9
1549566722846,1007.9
1549566722856,1007.9
1549566722866,1007.9
1549566722876,1007.9
1549566722886,1007.9
1549566722896,1007.9
1549566722906,1007.95
1549566722916,1007.95
1549566722926,1007.95
1549566722936,1007.95
1549566722946,1007.95
1549566722956,1007.95
1549566722966,1007.95
1549566722976,1007.95
1549566722986,1007.95
1549566722996,1007.95
1549566723007,1007.95
1549566723016,1007.95
1549566723028,1007.95
1549566723036,1007.95
1549566723046,1007.95
1549566723056,1007.95
1549566723066,1007.95
1549566723076,1007.95
1549566723087,1007.95
1549566723096,1007.96
1549566723106,1007.96
1549566723116,1007.96
1549566723126,1007.96
1549566723136,1007.96
1549566723146,1007.96
1549566723156,1007.96
1549566723166,1007.96
1549566723176,1007.96
1549566723186,1007.96
1549566723196,1007.96
1549566723206,1007.96
1549566723216,1007.96
1549566723226,1007.96
1549566723236,1007.96
1549566723246,1007.96
1549566723256,1007.96
1549566723266,1007.96
1549566723276,1007.96
1549566723286,1008.01
1549566723297,1008.01
1549566723306,1008.01
1549566723316,1008.01
1549566723326,1008.01
1549566723336,1008.01
1549566723346,1008.01
1549566723356,1008.01
1549566723366,1008.01
1549566723377,1008.01
1549566723387,1008.01
1549566723397,1008.01
1549566723407,1008.01
1549566723417,1008.01
1549566723427,1008.01
1549566723437,1008.01
1549566723447,1008.01
1549566723457,1008.01
1549566723467,1008.01
1549566723477,1008.01
1549566723487,1008.01
1549566723497,1008.01
1549566723506,1008.01
1549566723519,1008.01
1549566723526,1008.01
1549566723537,1008.01
1549566723547,1008.01
1549566723557,1008.01
1549566723566,1008.01
1549566723576,1008.01
1549566723586,1008.01
1549566723597,1008.01
1549566723607,1008.01
1549566723617,1008.01
1549566723627,1008.01
1549566723637,1008.01
1549566723647,1008.01
1549566723657,1008.07
1549566723667,1008.07
1549566723677,1008.07
1549566723687,1008.07
1549566723697,1008.07
1549566723707,1008.07
1549566723717,1008.07
1549566723727,1008.07
1549566723737,1008.07
1549566723747,1008.07
1549566723757,1008.07
1549566723767,1008.07
1549566723777,1008.07
1549566723787,1008.07
1549566723797,1008.07
1549566723807,1008.07
1549566723817,1008.07
1549566723827,1008.07
1549566723837,1008.07
1549566723847,1008.12
1549566723857,1008.12
1549566723867,1008.12
1549566723877,1008.12
1549566723887,1008.12
1549566723897,1008.12
1549566723907,1008.12
1549566723916,1008.12
1549566723926,1008.12
1549566723936,1008.12
1549566723946,1008.12
1549566723956,1008.12
1549566723967,1008.12
1549566723977,1008.12
1549566723987,1008.12
1549566723997,1008.12
1549566724006,1008.12
1549566724017,1008.12
1549566724027,1008.12
1549566724036,1008.13
1549566724046,1008.13
1549566724056,1008.13
1549566724066,1008.13
1549566724076,1008.13
1549566724086,1008.13
1549566724096,1008.13
1549566724106,1008.13
1549566724116,1008.13
1549566724126,1008.13
1549566724136,1008.13
1549566724146,1008.13
1549566724156,1008.13
1549566724166,1008.13
1549566724176,1008.13
1549566724186,1008.13
1549566724196,1008.13
1549566724206,1008.13
1549566724216,1008.13
1549566724226,1008.18
1549566724236,1008.18
1549566724246,1008.18
1549566724256,1008.18
1549566724266,1008.18
1549566724276,1008.18
1549566724286,1008.18
1549566724296,1008.18
1549566724306,1008.18
1549566724316,1008.18
1549566724326,1008.18
1549566724336,1008.18
1549566724346,1008.18
1549566724356,1008.18
1549566724366,1008.18
1549566724376,1008.18
1549566724386,1008.18
1549566724396,1008.18
1549566724406,1008.18
1549566724416,1008.24
1549566724426,1008.24
1549566724436,1008.24
1549566724446,1008.24
1549566724456,1008.24
1549566724466,1008.24
1549566724476,1008.24
1549566724486,1008.24
1549566724496,1008.24
1549566724507,1008.24
1549566724516,1008.24
1549566724526,1008.24
1549566724536,1008.24
1549566724546,1008.24
1549566724556,1008.24
1549566724566,1008.24
1549566724576,1008.24
1549566724587,1008.24
1549566724596,1008.24
1549566724606,1008.24
1549566724616,1008.24
1549566724626,1008.24
1549566724636,1008.24
1549566724646,1008.24
1549566724656,1008.24
1549566724666,1008.24
1549566724676,1008.24
1549566724686,1008.24
1549566724696,1008.24
1549566724706,1008.24
1549566724716,1008.24
1549566724726,1008.24
1549566724736,1008.24
1549566724746,1008.24
1549566724756,1008.24
1549566724766,1008.24
1549566724776,1008.24
1549566724786,1008.24
1549566724796,1008.29
1549566724806,1008.29
1549566724816,1008.29
1549566724826,1008.29
1549566724836,1008.29
1549566724846,1008.29
1549566724856,1008.29
1549566724866,1008.29
1549566724876,1008.29
1549566724886,1008.29
1549566724896,1008.29
1549566724906,1008.29
1549566724916,1008.29
1549566724926,1008.29
1549566724936,1008.29
1549566724946,1008.29
1549566724956,1008.29
1549566724966,1008.29
1549566724976,1008.29
1549566724986,1008.35
1549566724996,1008.35
1549566725008,1008.35
1549566725016,1008.35
1549566725027,1008.35
1549566725036,1008.35
1549566725046,1008.35
1549566725056,1008.35
1549566725066,1008.35
1549566725076,1008.35
1549566725087,1008.35
1549566725096,1008.35
1549566725106,1008.35
1549566725116,1008.35
1549566725126,1008.35
1549566725136,1008.35
1549566725146,1008.35
1549566725156,1008.35
1549566725166,1008.35
1549566725176,1008.36
1549566725186,1008.36
1549566725196,1008.36
1549566725206,1008.36
1549566725216,1008.36
1549566725226,1008.36
1549566725236,1008.36
1549566725246,1008.36
1549566725257,1008.36
1549566725266,1008.36
1549566725276,1008.36
1549566725286,1008.36
1549566725296,1008.36
1549566725306,1008.36
1549566725316,1008.36
1549566725326,1008.36
1549566725336,1008.36
1549566725346,1008.36
1549566725365,1008.41
1549566725366,1008.41
1549566725376,1008.41
1549566725386,1008.41
1549566725396,1008.41
1549566725406,1008.41
1549566725416,1008.41
1549566725426,1008.41
1549566725436,1008.41
1549566725446,1008.41
1549566725456,1008.41
1549566725466,1008.41
1549566725476,1008.41
1549566725486,1008.41
1549566725496,1008.41
1549566725506,1008.41
1549566725518,1008.41
1549566725526,1008.41
1549566725536,1008.41
1549566725546,1008.46
1549566725556,1008.46
1549566725566,1008.46
1549566725576,1008.46
1549566725586,1008.46
1549566725597,1008.46
1549566725606,1008.46
1549566725616,1008.46
1549566725626,1008.46
1549566725637,1008.46
1549566725646,1008.46
1549566725656,1008.46
1549566725667,1008.46
1549566725676,1008.46
1549566725686,1008.46
1549566725696,1008.46
1549566725706,1008.46
1549566725716,1008.46
1549566725726,1008.46
1549566725736,1008.46
1549566725746,1008.46
1549566725756,1008.46
1549566725766,1008.46
1549566725776,1008.46
1549566725786,1008.46
1549566725796,1008.46
1549566725806,1008.46
1549566725816,1008.46
1549566725826,1008.46
1549566725836,1008.46
1549566725846,1008.46
1549566725856,1008.46
1549566725866,1008.46
1549566725876,1008.46
1549566725886,1008.46
1549566725896,1008.46
1549566725906,1008.46
1549566725916,1008.46
1549566725926,1008.51
1549566725936,1008.51
1549566725946,1008.51
1549566725956,1008.51
1549566725966,1008.51
1549566725976,1008.51
1549566725986,1008.51
1549566725996,1008.51
1549566726006,1008.51
1549566726017,1008.51
1549566726026,1008.51
1549566726036,1008.51
1549566726046,1008.51
1549566726056,1008.51
1549566726066,1008.51
1549566726076,1008.51
1549566726086,1008.51
1549566726097,1008.51
1549566726106,1008.51
1549566726116,1008.52
1549566726126,1008.52
1549566726136,1008.52
1549566726146,1008.52
1549566726156,1008.52
1549566726166,1008.52
1549566726176,1008.52
1549566726186,1008.52
1549566726196,1008.52
1549566726206,1008.52
1549566726216,1008.52
1549566726226,1008.52
1549566726236,1008.52
1549566726246,1008.52
1549566726256,1008.52
1549566726266,1008.52
1549566726276,1008.52
1549566726286,1008.52
1549566726296,1008.52
1549566726306,1008.56
1549566726316,1008.56
1549566726326,1008.56
1549566726336,1008.56
1549566726346,1008.56
1549566726356,1008.56
1549566726366,1008.56
1549566726376,1008.56
1549566726386,1008.56
1549566726396,1008.56
1549566726406,1008.56
1549566726416,1008.56
1549566726426,1008.56
1549566726436,1008.56
1549566726446,1008.56
1549566726456,1008.56
1549566726466,1008.56
1549566726476,1008.56
1549566726486,1008.56
1549566726496,1008.61
1549566726506,1008.61
1549566726516,1008.61
1549566726526,1008.61
1549566726540,1008.61
1549566726546,1008.61
1549566726556,1008.61
1549566726566,1008.61
1549566726576,1008.61
1549566726586,1008.61
1549566726597,1008.61
1549566726606,1008.61
1549566726616,1008.61
1549566726626,1008.61
1549566726636,1008.61
1549566726646,1008.61
1549566726656,1008.61
1549566726666,1008.61
1549566726676,1008.61
1549566726686,1008.61
1549566726696,1008.61
1549566726706,1008.61
1549566726716,1008.61
1549566726726,1008.61
1549566726736,1008.61
1549566726746,1008.61
1549566726756,1008.61
1549566726766,1008.61
1549566726776,1008.61
1549566726786,1008.61
1549566726796,1008.61
1549566726806,1008.61
1549566726816,1008.61
1549566726826,1008.61
1549566726836,1008.61
1549566726846,1008.61
1549566726856,1008.61
1549566726866,1008.61
1549566726876,1008.65
1549566726886,1008.65
1549566726896,1008.65
1549566726906,1008.65
1549566726916,1008.65
1549566726926,1008.65
1549566726936,1008.65
1549566726946,1008.65
1549566726956,1008.65
1549566726966,1008.65
1549566726976,1008.65
1549566726986,1008.65
1549566726996,1008.65
1549566727007,1008.65
1549566727017,1008.65
1549566727027,1008.65
1549566727046,1008.65
1549566727047,1008.65
1549566727056,1008.65
1549566727067,1008.69
1549566727077,1008.69
1549566727087,1008.69
1549566727096,1008.69
1549566727106,1008.69
1549566727116,1008.69
1549566727127,1008.69
1549566727136,1008.69
1549566727154,1008.69
1549566727156,1008.69
1549566727168,1008.69
1549566727176,1008.69
1549566727186,1008.69
1549566727196,1008.69
1549566727206,1008.69
1549566727216,1008.69
1549566727226,1008.69
1549566727236,1008.69
1549566727246,1008.69
1549566727256,1008.69
1549566727266,1008.69
1549566727276,1008.69
1549566727286,1008.69
1549566727296,1008.69
1549566727306,1008.69
1549566727316,1008.69
1549566727326,1008.69
1549566727336,1008.69
1549566727346,1008.69
1549566727356,1008.69
1549566727366,1008.69
1549566727376,1008.69
1549566727386,1008.69
1549566727396,1008.69
1549566727406,1008.69
1549566727416,1008.69
1549566727426,1008.69
1549566727436,1008.69
1549566727446,1008.72
1549566727456,1008.72
1549566727466,1008.72
1549566727476,1008.72
1549566727486,1008.72
1549566727496,1008.72
1549566727506,1008.72
1549566727517,1008.72
1549566727527,1008.72
1549566727536,1008.72
1549566727546,1008.72
1549566727556,1008.72
1549566727566,1008.72
1549566727576,1008.72
1549566727586,1008.72
1549566727597,1008.72
1549566727606,1008.72
1549566727616,1008.72
1549566727626,1008.72
1549566727636,1008.76
1549566727646,1008.76
1549566727656,1008.76
1549566727666,1008.76
1549566727676,1008.76
1549566727686,1008.76
1549566727696,1008.76
1549566727706,1008.76
1549566727716,1008.76
1549566727726,1008.76
1549566727736,1008.76
1549566727746,1008.76
1549566727758,1008.76
1549566727766,1008.76
1549566727776,1008.76
1549566727786,1008.76
1549566727796,1008.76
1549566727806,1008.76
1549566727816,1008.77
1549566727826,1008.77
1549566727838,1008.77
