1549566105057,1010.4488
1549566105058,1010.4488
1549566105098,1010.4488
1549566105135,1010.4488
1549566105173,1010.4587
1549566105212,1010.4587
1549566105250,1010.4587
1549566105288,1010.4587
1549566105327,1010.46246
1549566105366,1010.46246
1549566105404,1010.46246
1549566105444,1010.46246
1549566105483,1010.4729
1549566105521,1010.4729
1549566105557,1010.4729
1549566105596,1010.4729
1549566105638,1010.47284
1549566105674,1010.47284
1549566105713,1010.47284
1549566105752,1010.47284
1549566105795,1010.47675
1549566105828,1010.47675
1549566105869,1010.47675
1549566105904,1010.47675
1549566105945,1010.4717
1549566105983,1010.4717
1549566106019,1010.4717
1549566106057,1010.4717
1549566106097,1010.4982
1549566106138,1010.4982
1549566106174,1010.4982
1549566106211,1010.4982
1549566106253,1010.4949
1549566106291,1010.4949
1549566106327,1010.4949
1549566106366,1010.4949
1549566106404,1010.5005
1549566106445,1010.5005
1549566106482,1010.5005
1549566106524,1010.5005
1549566106559,1010.51764
1549566106597,1010.51764
1549566106635,1010.51764
1549566106673,1010.51764
1549566106713,1010.52094
1549566106750,1010.52094
1549566106792,1010.52094
1549566106829,1010.52094
1549566106966,1010.51825
1549566106966,1010.51825
1549566106967,1010.51825
1549566107001,1010.51825
1549566107028,1010.5159
1549566107058,1010.5159
1549566107095,1010.5159
1549566107134,1010.5159
1549566107179,1010.5331
1549566107213,1010.5331
1549566107249,1010.5331
1549566107288,1010.5331
1549566107329,1010.52045
1549566107367,1010.52045
1549566107403,1010.52045
1549566107442,1010.52045
1549566107481,1010.528
1549566107521,1010.528
1549566107556,1010.528
1549566107595,1010.528
1549566107633,1010.5452
1549566107672,1010.5452
1549566107718,1010.5452
1549566107751,1010.5452
1549566107789,1010.5475
1549566107826,1010.5475
1549566107865,1010.5475
1549566107905,1010.5475
1549566107941,1010.5558
1549566107982,1010.5558
1549566108021,1010.5558
1549566108064,1010.5558
1549566108095,1010.5656
1549566108136,1010.5656
1549566108173,1010.5656
1549566108212,1010.5656
1549566108249,1010.56726
1549566108292,1010.56726
1549566108326,1010.56726
1549566108369,1010.56726
1549566108406,1010.5646
1549566108441,1010.5646
1549566108480,1010.5646
1549566108525,1010.5646
1549566108558,1010.5845
1549566108595,1010.5845
1549566108634,1010.5845
1549566108673,1010.5845
1549566108712,1010.586
1549566108749,1010.586
1549566108787,1010.586
1549566108827,1010.586
1549566108867,1010.586
1549566108938,1010.586
1549566108960,1010.586
1549566108986,1010.586
1549566109018,1010.5999
1549566109056,1010.5999
1549566109095,1010.5999
1549566109134,1010.5999
1549566109172,1010.5989
1549566109211,1010.5989
1549566109251,1010.5989
1549566109287,1010.5989
1549566109325,1010.5972
1549566109367,1010.5972
1549566109406,1010.5972
1549566109442,1010.5972
1549566109479,1010.60376
1549566109520,1010.60376
1549566109556,1010.60376
1549566109595,1010.60376
1549566109634,1010.6044
1549566109673,1010.6044
1549566109711,1010.6044
1549566109750,1010.6044
1549566109788,1010.5943
1549566109826,1010.5943
1549566109867,1010.5943
1549566109903,1010.5943
1549566109943,1010.59595
1549566109980,1010.59595
1549566110022,1010.59595
1549566110057,1010.59595
1549566110096,1010.5999
1549566110137,1010.5999
1549566110174,1010.5999
1549566110211,1010.5999
1549566110250,1010.6032
1549566110288,1010.6032
1549566110326,1010.6032
1549566110366,1010.6032
1549566110405,1010.6141
1549566110443,1010.6141
1549566110480,1010.6141
1549566110522,1010.6141
1549566110559,1010.6081
1549566110598,1010.6081
1549566110636,1010.6081
1549566110673,1010.6081
1549566110712,1010.607
1549566110749,1010.607
1549566110790,1010.607
1549566110827,1010.607
1549566110864,1010.61957
1549566110905,1010.61957
1549566110981,1010.61957
1549566110982,1010.61957
1549566111063,1010.6341
1549566111064,1010.6341
1549566111095,1010.6341
1549566111133,1010.6341
1549566111172,1010.64056
1549566111214,1010.64056
1549566111249,1010.64056
1549566111289,1010.64056
1549566111329,1010.6362
1549566111365,1010.6362
1549566111403,1010.6362
1549566111443,1010.6362
1549566111487,1010.6468
1549566111518,1010.6468
1549566111556,1010.6468
1549566111597,1010.6468
1549566111633,1010.65936
1549566111672,1010.65936
1549566111710,1010.65936
1549566111752,1010.65936
1549566111788,1010.65826
1549566111828,1010.65826
1549566111866,1010.65826
1549566111904,1010.65826
1549566111943,1010.6683
1549566111979,1010.6683
1549566112020,1010.6683
1549566112057,1010.6683
1549566112098,1010.66815
1549566112134,1010.66815
1549566112175,1010.66815
1549566112213,1010.66815
1549566112251,1010.67535
1549566112288,1010.67535
1549566112329,1010.67535
1549566112365,1010.67535
1549566112403,1010.6743
1549566112442,1010.6743
1549566112482,1010.6743
1549566112518,1010.6743
1549566112580,1010.68195
1549566112604,1010.68195
1549566112634,1010.68195
1549566112671,1010.68195
1549566112711,1010.70905
1549566112750,1010.70905
1549566112789,1010.70905
1549566112828,1010.70905
1549566112865,1010.70966
1549566112903,1010.70966
1549566112942,1010.70966
1549566112996,1010.70966
1549566113017,1010.70953
1549566113056,1010.70953
1549566113094,1010.70953
1549566113136,1010.70953
1549566113172,1010.7248
1549566113209,1010.7248
1549566113248,1010.7248
1549566113290,1010.7248
1549566113325,1010.74524
1549566113363,1010.74524
1549566113402,1010.74524
1549566113440,1010.74524
1549566113478,1010.7462
1549566113525,1010.7462
1549566113556,1010.7462
1549566113595,1010.7462
1549566113634,1010.7495
1549566113671,1010.7495
1549566113712,1010.7495
1549566113750,1010.7495
1549566113788,1010.7727
1549566113826,1010.7684
1549566113866,1010.7684
1549566113902,1010.7684
1549566113946,1010.7684
1549566113980,1010.7889
1549566114022,1010.7889
1549566114058,1010.7889
1549566114095,1010.7889
1549566114138,1010.77325
1549566114173,1010.77325
1549566114210,1010.77325
1549566114248,1010.77325
1549566114286,1010.77386
1549566114327,1010.77386
1549566114364,1010.77386
1549566114403,1010.77386
1549566114446,1010.7861
1549566114489,1010.7861
1549566114520,1010.7861
1549566114555,1010.7861
1549566114594,1010.7953
1549566114633,1010.7953
1549566114671,1010.7953
1549566114713,1010.7953
1549566114747,1010.78986
1549566114787,1010.78986
1549566114826,1010.78986
1549566114880,1010.78986
1549566114903,1010.7974
1549566114941,1010.7974
1549566114979,1010.7974
1549566115019,1010.7974
1549566115056,1010.80634
1549566115094,1010.80634
1549566115133,1010.80634
1549566115173,1010.80634
1549566115211,1010.81134
1549566115249,1010.81134
1549566115287,1010.81134
1549566115325,1010.81134
1549566115364,1010.80865
1549566115402,1010.80865
1549566115442,1010.80865
1549566115487,1010.80865
1549566115516,1010.82086
1549566115556,1010.82086
1549566115594,1010.82086
1549566115633,1010.82086
1549566115671,1010.82416
1549566115713,1010.82416
1549566115749,1010.82416
1549566115787,1010.82416
1549566115825,1010.8301
1549566115867,1010.8301
1549566115903,1010.8301
1549566115943,1010.8301
1549566115979,1010.8423
1549566116016,1010.8423
1549566116056,1010.8423
1549566116096,1010.8423
1549566116135,1010.8545
1549566116172,1010.8545
1549566116208,1010.8545
1549566116249,1010.8545
1549566116286,1010.8521
1549566116325,1010.8521
1549566116365,1010.8521
1549566116403,1010.8521
1549566116440,1010.85443
1549566116478,1010.85443
1549566116518,1010.85443
1549566116555,1010.85443
1549566116594,1010.86664
1549566116632,1010.86664
1549566116670,1010.86664
1549566116709,1010.86664
1549566116749,1010.87085
1549566116786,1010.87085
1549566116828,1010.87085
1549566116863,1010.87085
1549566116902,1010.8748
1549566116941,1010.8748
1549566116977,1010.8748
1549566117017,1010.8748
1549566117056,1010.8847
1549566117094,1010.8847
1549566117132,1010.8847
1549566117171,1010.8847
1549566117214,1010.90356
1549566117254,1010.90356
1549566117288,1010.90356
1549566117325,1010.90356
1549566117363,1010.8979
1549566117402,1010.8979
1549566117457,1010.8979
1549566117479,1010.8979
1549566117517,1010.9035
1549566117556,1010.9035
1549566117596,1010.9035
1549566117631,1010.9035
1549566117671,1010.9107
1549566117710,1010.9107
1549566117753,1010.9107
1549566117786,1010.9107
1549566117843,1010.9196
1549566117864,1010.9196
1549566117901,1010.9196
1549566117941,1010.9196
1549566117979,1010.91785
1549566118021,1010.91785
1549566118055,1010.91785
1549566118094,1010.91785
1549566118131,1010.9201
1549566118170,1010.9201
1549566118210,1010.9201
1549566118247,1010.9201
1549566118286,1010.9244
1549566118340,1010.9244
1549566118363,1010.9244
1549566118402,1010.9244
1549566118441,1010.9206
1549566118482,1010.9206
1549566118518,1010.9206
1549566118554,1010.9206
1549566118597,1010.9199
1549566118633,1010.9199
1549566118671,1010.9199
1549566118710,1010.9199
1549566118748,1010.9354
1549566118790,1010.9354
1549566118828,1010.9354
1549566118864,1010.9354
1549566118902,1010.9427
1549566118942,1010.9427
1549566118978,1010.9427
1549566119017,1010.9427
1549566119056,1010.93427
1549566119094,1010.93427
1549566119133,1010.93427
1549566119172,1010.93427
1549566119210,1010.9399
1549566119248,1010.9399
1549566119286,1010.9399
1549566119325,1010.9399
1549566119363,1010.96967
1549566119402,1010.96967
1549566119440,1010.96967
1549566119478,1010.96967
1549566119518,1010.967
1549566119556,1010.967
1549566119595,1010.967
1549566119634,1010.967
1549566119670,1010.9696
1549566119714,1010.9696
1549566119747,1010.9696
1549566119785,1010.9696
1549566119825,1010.97955
1549566119863,1010.97955
1549566119904,1010.97955
1549566119941,1010.97955
1549566119978,1010.9824
1549566120020,1010.9824
1549566120055,1010.9824
1549566120097,1010.9824
1549566120131,1010.97906
1549566120168,1010.97906
1549566120207,1010.97906
1549566120247,1010.97906
1549566120286,1010.9817
1549566120324,1010.9817
1549566120363,1010.9817
1549566120404,1010.9817
1549566120441,1011.0016
1549566120479,1011.0016
1549566120517,1011.0016
1549566120557,1011.0016
1549566120600,1011.0022
1549566120634,1011.0022
1549566120670,1011.0022
1549566120710,1011.0022
1549566120747,1011.00946
1549566120788,1011.00946
1549566120826,1011.00946
1549566120862,1011.00946
1549566120903,1011.017
1549566120941,1011.017
1549566120981,1011.017
1549566121022,1011.017
1549566121055,1011.0369
1549566121093,1011.0369
1549566121136,1011.0369
1549566121171,1011.0369
1549566121210,1011.02985
1549566121250,1011.02985
1549566121286,1011.02985
1549566121325,1011.02985
1549566121363,1011.03973
1549566121404,1011.03973
1549566121440,1011.03973
1549566121479,1011.03973
1549566121517,1011.0639
1549566121556,1011.0639
1549566121593,1011.0639
1549566121636,1011.0639
1549566121669,1011.0413
1549566121710,1011.0413
1549566121747,1011.0413
1549566121786,1011.0413
1549566121825,1011.03467
1549566121863,1011.03467
1549566121901,1011.03467
1549566121942,1011.03467
1549566121979,1011.0302
1549566122016,1011.0302
1549566122054,1011.0302
1549566122093,1011.0302
1549566122134,1011.05237
1549566122169,1011.05237
1549566122208,1011.05237
1549566122252,1011.05237
1549566122287,1011.043
1549566122322,1011.043
1549566122361,1011.043
1549566122400,1011.043
1549566122439,1011.039
1549566122479,1011.039
1549566122521,1011.039
1549566122554,1011.039
1549566122593,1011.0506
1549566122632,1011.0506
1549566122670,1011.0506
1549566122707,1011.0506
1549566122746,1011.0506
1549566122786,1011.0506
1549566122830,1011.0506
1549566122862,1011.0506
1549566122904,1011.04956
1549566122940,1011.04956
1549566122979,1011.04956
1549566123016,1011.04956
1549566123057,1011.02203
1549566123092,1011.02203
1549566123140,1011.02203
1549566123170,1011.02203
1549566123210,1011.0203
1549566123247,1011.0203
1549566123286,1011.0203
1549566123325,1011.0203
1549566123365,1011.0203
1549566123401,1011.0446
1549566123438,1011.0446
1549566123478,1011.0446
1549566123517,1011.0446
1549566123554,1011.0303
1549566123593,1011.0303
1549566123635,1011.0303
1549566123670,1011.0303
1549566123711,1011.0247
1549566123758,1011.0247
1549566123795,1011.0247
1549566123823,1011.0247
1549566123862,1011.028
1549566123899,1011.028
1549566123937,1011.028
1549566123977,1011.028
1549566124016,1011.028
1549566124053,1011.028
1549566124092,1011.028
1549566124143,1011.028
