1549566552874,1011.03516
1549566552875,1011.03516
1549566552910,1011.03516
1549566552948,1011.03516
1549566552988,1011.0397
1549566553024,1011.0397
1549566553063,1011.0397
1549566553106,1011.0397
1549566553144,1011.04126
1549566553179,1011.04126
1549566553221,1011.04126
1549566553263,1011.04126
1549566553303,1011.03143
1549566553334,1011.03143
1549566553371,1011.03143
1549566553410,1011.03143
1549566553456,1011.0372
1549566553488,1011.0372
1549566553529,1011.0372
1549566553564,1011.0372
1549566553604,1011.054
1549566553644,1011.054
1549566553679,1011.054
1549566553718,1011.054
1549566553757,1011.06635
1549566553797,1011.06635
1549566553835,1011.06635
1549566553873,1011.06635
1549566553912,1011.0737
1549566553949,1011.0737
1549566553988,1011.0737
1549566554029,1011.0737
1549566554064,1011.06775
1549566554104,1011.06775
1549566554143,1011.06775
1549566554182,1011.06775
1549566554219,1011.075
1549566554259,1011.075
1549566554296,1011.075
1549566554333,1011.075
1549566554373,1011.0711
1549566554411,1011.0711
1549566554451,1011.0711
1549566554492,1011.0711
1549566554527,1011.0756
1549566554567,1011.0756
1549566554603,1011.0756
1549566554642,1011.0756
1549566554736,1011.078
1549566554737,1011.078
1549566554774,1011.078
1549566554807,1011.078
1549566554853,1011.0818
1549566554871,1011.0818
1549566554917,1011.0818
1549566554950,1011.0818
1549566554989,1011.0828
1549566555026,1011.0828
1549566555066,1011.0828
1549566555102,1011.0828
1549566555140,1011.0902
1549566555188,1011.0902
1549566555218,1011.0902
1549566555256,1011.0902
1549566555297,1011.09125
1549566555371,1011.09125
1549566555372,1011.09125
1549566555410,1011.09125
1549566555449,1011.0863
1549566555487,1011.0863
1549566555532,1011.0863
1549566555566,1011.0863
1549566555602,1011.09564
1549566555642,1011.09564
1549566555685,1011.09564
1549566555717,1011.09564
1549566555757,1011.10223
1549566555799,1011.10223
1549566555834,1011.10223
1549566555872,1011.10223
1549566555911,1011.10626
1549566555951,1011.10626
1549566555989,1011.10626
1549566556028,1011.10626
1549566556067,1011.11127
1549566556103,1011.11127
1549566556146,1011.11127
1549566556181,1011.11127
1549566556220,1011.1144
1549566556259,1011.1144
1549566556295,1011.1144
1549566556338,1011.1144
1549566556372,1011.1293
1549566556410,1011.1293
1549566556449,1011.1293
1549566556497,1011.1293
1549566556525,1011.1249
1549566556566,1011.1249
1549566556602,1011.1249
1549566556642,1011.1249
1549566556681,1011.11755
1549566556804,1011.11755
1549566556804,1011.11755
1549566556805,1011.11755
1549566556832,1011.1159
1549566556894,1011.1159
1549566556909,1011.1159
1549566556948,1011.1159
1549566556991,1011.11993
1549566557026,1011.11993
1549566557063,1011.11993
1549566557101,1011.11993
1549566557142,1011.11755
1549566557178,1011.11755
1549566557218,1011.11755
1549566557265,1011.11755
1549566557298,1011.1181
1549566557333,1011.1181
1549566557372,1011.1181
1549566557410,1011.1181
1549566557448,1011.12036
1549566557487,1011.12036
1549566557524,1011.12036
1549566557564,1011.12036
1549566557605,1011.122
1549566557643,1011.122
1549566557678,1011.122
1549566557717,1011.122
1549566557761,1011.1226
1549566557796,1011.1226
1549566557833,1011.1226
1549566557871,1011.1226
1549566557910,1011.1219
1549566557949,1011.1219
1549566557988,1011.1219
1549566558025,1011.1219
1549566558063,1011.1225
1549566558102,1011.1225
1549566558140,1011.1225
1549566558182,1011.1225
1549566558218,1011.1247
1549566558256,1011.1247
1549566558298,1011.1247
1549566558332,1011.1247
1549566558372,1011.12726
1549566558411,1011.12726
1549566558449,1011.12726
1549566558488,1011.12726
1549566558526,1011.13116
1549566558564,1011.13116
1549566558611,1011.13116
1549566558641,1011.13116
1549566558681,1011.1301
1549566558719,1011.1301
1549566558793,1011.1301
1549566558818,1011.1301
1549566558877,1011.1301
1549566558877,1011.1301
1549566558912,1011.1301
1549566558948,1011.1301
1549566558986,1011.13434
1549566559025,1011.13434
1549566559068,1011.13434
1549566559101,1011.13434
1549566559140,1011.13824
1549566559185,1011.13824
1549566559218,1011.13824
1549566559255,1011.13824
1549566559297,1011.13385
1549566559336,1011.13385
1549566559372,1011.13385
1549566559411,1011.13385
1549566559450,1011.13385
1549566559487,1011.1381
1549566559526,1011.1381
1549566559564,1011.1381
1549566559603,1011.1381
1549566559640,1011.137
1549566559681,1011.137
1549566559720,1011.137
1549566559757,1011.137
1549566559794,1011.1409
1549566559833,1011.1409
1549566559870,1011.1409
1549566559912,1011.1409
1549566559949,1011.1349
1549566559988,1011.1349
1549566560029,1011.1349
1549566560064,1011.1349
1549566560103,1011.1292
1549566560140,1011.1292
1549566560179,1011.1292
1549566560225,1011.1292
1549566560256,1011.1226
1549566560293,1011.1226
1549566560334,1011.1226
1549566560371,1011.1226
1549566560412,1011.1166
1549566560446,1011.1166
1549566560485,1011.1166
1549566560525,1011.1166
1549566560571,1011.1098
1549566560601,1011.1098
1549566560640,1011.1098
1549566560680,1011.1098
1549566560718,1011.117
1549566560756,1011.117
1549566560863,1011.117
1549566560863,1011.117
1549566560871,1011.1159
1549566560910,1011.1159
1549566560946,1011.1159
1549566560988,1011.1159
1549566561026,1011.1185
1549566561062,1011.1185
1549566561101,1011.1185
1549566561141,1011.1185
1549566561178,1011.1218
1549566561217,1011.1218
1549566561262,1011.1218
1549566561296,1011.1218
1549566561331,1011.1131
1549566561371,1011.1131
1549566561409,1011.1131
1549566561446,1011.1131
1549566561487,1011.1206
1549566561530,1011.1206
1549566561561,1011.1206
1549566561602,1011.1206
1549566561638,1011.1152
1549566561676,1011.1152
1549566561714,1011.1152
1549566561753,1011.1152
1549566561791,1011.12506
1549566561834,1011.12506
1549566561868,1011.12506
1549566561907,1011.12506
1549566561947,1011.13226
1549566561986,1011.13226
1549566562027,1011.13226
1549566562064,1011.13226
1549566562101,1011.1338
1549566562142,1011.1338
1549566562182,1011.1338
1549566562216,1011.1338
1549566562255,1011.1327
1549566562295,1011.1327
1549566562334,1011.1327
1549566562371,1011.1327
1549566562420,1011.13763
1549566562448,1011.13763
1549566562488,1011.13763
1549566562525,1011.13763
1549566562567,1011.1342
1549566562602,1011.1342
1549566562641,1011.1342
1549566562678,1011.1342
1549566562719,1011.1331
1549566562757,1011.1331
1549566562797,1011.1331
1549566562835,1011.1331
1549566562869,1011.1308
1549566562908,1011.1308
1549566562947,1011.1308
1549566562991,1011.1308
1549566563027,1011.13135
1549566563063,1011.13135
1549566563101,1011.13135
1549566563140,1011.13135
1549566563178,1011.1286
1549566563217,1011.1286
1549566563262,1011.1286
1549566563294,1011.1286
1549566563335,1011.1296
1549566563373,1011.1296
1549566563409,1011.1296
1549566563446,1011.1296
1549566563485,1011.1301
1549566563524,1011.1301
1549566563567,1011.1301
1549566563600,1011.1301
1549566563641,1011.13403
1549566563678,1011.13403
1549566563717,1011.13403
1549566563756,1011.13403
1549566563792,1011.12726
1549566563836,1011.12726
1549566563871,1011.12726
1549566563911,1011.12726
1549566563947,1011.1295
1549566563985,1011.1295
1549566564025,1011.1295
1549566564063,1011.1295
1549566564101,1011.1244
1549566564139,1011.1244
1549566564178,1011.1244
1549566564216,1011.1244
1549566564254,1011.12335
1549566564293,1011.12335
1549566564333,1011.12335
1549566564371,1011.12335
1549566564415,1011.1199
1549566564446,1011.1199
1549566564486,1011.1199
1549566564522,1011.1199
1549566564563,1011.1205
1549566564600,1011.1205
1549566564642,1011.1205
1549566564679,1011.1205
1549566564717,1011.12604
1549566564755,1011.12604
1549566564795,1011.12604
1549566564831,1011.12604
1549566564869,1011.1352
1549566564914,1011.1352
1549566564946,1011.1352
1549566564985,1011.1352
1549566565024,1011.13245
1549566565064,1011.13245
1549566565101,1011.13245
1549566565139,1011.13245
1549566565178,1011.12646
1549566565217,1011.12646
1549566565254,1011.12646
1549566565293,1011.12646
1549566565330,1011.1241
1549566565369,1011.1241
1549566565409,1011.1241
1549566565446,1011.1241
1549566565485,1011.12134
1549566565522,1011.12134
1549566565565,1011.12134
1549566565601,1011.12134
1549566565640,1011.11365
1549566565679,1011.11365
1549566565721,1011.11365
1549566565755,1011.11365
1549566565793,1011.1159
1549566565831,1011.1159
1549566565868,1011.1159
1549566565908,1011.1159
1549566565947,1011.1135
1549566565987,1011.1135
1549566566024,1011.1135
1549566566061,1011.1135
1549566566101,1011.10913
1549566566139,1011.10913
1549566566178,1011.10913
1549566566216,1011.10913
1549566566260,1011.10974
1549566566293,1011.10974
1549566566334,1011.10974
1549566566369,1011.10974
1549566566409,1011.1079
1549566566448,1011.1079
1549566566486,1011.1079
1549566566525,1011.1079
1549566566565,1011.1069
1549566566602,1011.1069
1549566566637,1011.1069
1549566566678,1011.1069
1549566566714,1011.1045
1549566566754,1011.1045
1549566566795,1011.1045
1549566566833,1011.1045
1549566566868,1011.1034
1549566566908,1011.1034
1549566566945,1011.1034
1549566566984,1011.1034
1549566567025,1011.10565
1549566567062,1011.10565
1549566567101,1011.10565
1549566567138,1011.10565
1549566567177,1011.11224
1549566567217,1011.11224
1549566567254,1011.11224
1549566567293,1011.11224
1549566567330,1011.11646
1549566567370,1011.11646
1549566567416,1011.11646
1549566567448,1011.11646
1549566567484,1011.1187
1549566567527,1011.1187
1549566567562,1011.1187
1549566567604,1011.1187
1549566567639,1011.121
1549566567678,1011.121
1549566567715,1011.121
1549566567756,1011.121
1549566567803,1011.121
1549566567833,1011.1166
1549566567869,1011.1166
1549566567913,1011.1166
1549566567945,1011.1166
1549566567984,1011.11255
1549566568023,1011.11255
1549566568065,1011.11255
1549566568103,1011.11255
1549566568139,1011.1131
1549566568179,1011.1131
1549566568215,1011.1131
1549566568253,1011.1131
1549566568294,1011.1137
1549566568332,1011.1137
1549566568370,1011.1137
1549566568416,1011.1137
1549566568446,1011.1163
1549566568485,1011.1163
1549566568524,1011.1163
1549566568563,1011.1163
1549566568603,1011.11523
1549566568642,1011.11523
1549566568677,1011.11523
1549566568715,1011.11523
1549566568756,1011.1158
1549566568792,1011.1158
1549566568830,1011.1158
1549566568872,1011.1158
1549566568910,1011.11505
1549566568945,1011.11505
1549566568986,1011.11505
1549566569028,1011.11505
1549566569062,1011.114
1549566569101,1011.114
1549566569140,1011.114
1549566569176,1011.114
1549566569215,1011.1023
1549566569253,1011.1023
1549566569291,1011.1023
1549566569332,1011.1023
1549566569370,1011.099
1549566569410,1011.099
1549566569444,1011.099
1549566569484,1011.099
1549566569522,1011.10455
1549566569562,1011.10455
1549566569599,1011.10455
1549566569640,1011.10455
1549566569676,1011.10406
1549566569715,1011.10406
1549566569753,1011.10406
1549566569793,1011.10406
1549566569829,1011.1156
1549566569868,1011.1156
1549566569908,1011.1156
1549566569946,1011.1156
1549566569984,1011.1165
1549566570024,1011.1165
1549566570062,1011.1165
1549566570100,1011.1165
1549566570140,1011.1188
1549566570178,1011.1188
1549566570217,1011.1188
1549566570253,1011.1188
1549566570293,1011.127
1549566570331,1011.127
1549566570375,1011.127
1549566570407,1011.127
1549566570444,1011.1259
1549566570486,1011.1259
1549566570526,1011.1259
1549566570559,1011.1259
1549566570599,1011.1219
1549566570640,1011.1219
1549566570677,1011.1219
1549566570714,1011.1219
1549566570754,1011.11755
1549566570793,1011.11755
1549566570831,1011.11755
1549566570870,1011.11755
1549566570908,1011.11646
1549566570944,1011.11646
1549566570984,1011.11646
1549566571030,1011.11646
1549566571062,1011.1214
1549566571106,1011.1214
1549566571138,1011.1214
1549566571176,1011.1214
1549566571215,1011.12897
1549566571253,1011.12897
1549566571292,1011.12897
1549566571333,1011.12897
1549566571372,1011.1262
1549566571407,1011.1262
1549566571446,1011.1262
1549566571483,1011.1262
1549566571524,1011.12354
1549566571561,1011.12354
1549566571598,1011.12354
1549566571637,1011.12354
1549566571678,1011.1228
1549566571714,1011.1228
1549566571754,1011.1228
1549566571792,1011.1228
1549566571831,1011.125
1549566571870,1011.125
1549566571908,1011.125
1549566571945,1011.125
1549566571983,1011.12665
1549566572023,1011.12665
1549566572064,1011.12665
1549566572100,1011.12665
1549566572138,1011.1216
1549566572176,1011.1216
1549566572216,1011.1216
1549566572254,1011.1216
1549566572295,1011.1287
1549566572332,1011.1287
1549566572368,1011.1287
1549566572407,1011.1287
1549566572445,1011.131
1549566572484,1011.131
1549566572523,1011.131
1549566572561,1011.131
1549566572600,1011.12665
1549566572638,1011.12665
1549566572694,1011.12665
1549566572712,1011.12665
1549566572752,1011.12994
1549566572792,1011.12994
1549566572829,1011.12994
1549566572869,1011.12994
1549566572911,1011.13086
1549566572944,1011.13086
1549566572983,1011.13086
1549566573026,1011.13086
1549566573064,1011.1248
1549566573097,1011.1248
1549566573138,1011.1248
1549566573178,1011.1248
1549566573214,1011.1204
1549566573254,1011.1204
1549566573292,1011.1204
1549566573330,1011.1204
1549566573368,1011.11475
1549566573412,1011.11475
1549566573446,1011.11475
1549566573484,1011.11475
1549566573524,1011.1197
1549566573561,1011.1197
1549566573598,1011.1197
1549566573637,1011.1197
1549566573677,1011.11206
1549566573716,1011.11206
1549566573755,1011.11206
1549566573791,1011.11206
1549566573829,1011.11206
1549566573868,1011.11206
1549566573907,1011.11206
1549566573946,1011.11206
1549566573982,1011.10767
1549566574022,1011.10767
1549566574060,1011.10767
1549566574099,1011.10767
1549566574137,1011.10693
1549566574176,1011.10693
1549566574214,1011.10693
1549566574252,1011.10693
1549566574293,1011.1053
1549566574329,1011.1053
1549566574367,1011.1053
1549566574406,1011.1053
1549566574446,1011.09924
1549566574484,1011.09924
1549566574524,1011.09924
1549566574560,1011.09924
1549566574601,1011.10583
1549566574638,1011.10583
1549566574674,1011.10583
1549566574712,1011.10583
1549566574751,1011.1048
1549566574788,1011.1048
1549566574830,1011.1048
1549566574869,1011.1048
1549566574906,1011.10974
1549566574945,1011.10974
1549566574984,1011.10974
1549566575021,1011.10974
1549566575061,1011.1123
1549566575098,1011.1123
1549566575137,1011.1123
1549566575176,1011.1123
1549566575215,1011.1096
1549566575252,1011.1096
1549566575291,1011.1096
1549566575329,1011.1096
1549566575367,1011.1069
1549566575406,1011.1069
1549566575443,1011.1069
1549566575484,1011.1069
1549566575521,1011.1009
1549566575561,1011.1009
1549566575598,1011.1009
1549566575637,1011.1009
1549566575690,1011.1042
1549566575714,1011.1042
1549566575753,1011.1042
1549566575790,1011.1042
1549566575830,1011.1084
1549566575872,1011.1084
1549566575905,1011.1084
1549566575947,1011.1084
1549566575981,1011.1084
1549566576019,1011.09906
1549566576058,1011.09906
1549566576097,1011.09906
1549566576137,1011.09906
1549566576176,1011.093
1549566576213,1011.093
1549566576253,1011.093
1549566576293,1011.093
1549566576331,1011.089
1549566576368,1011.089
1549566576410,1011.089
1549566576445,1011.089
1549566576482,1011.07745
1549566576523,1011.07745
1549566576561,1011.07745
1549566576597,1011.07745
1549566576637,1011.08734
1549566576677,1011.08734
1549566576713,1011.08734
1549566576754,1011.08734
1549566576792,1011.09064
1549566576827,1011.09064
1549566576866,1011.09064
1549566576904,1011.09064
1549566576942,1011.09784
1549566576984,1011.09784
1549566577021,1011.09784
1549566577061,1011.09784
1549566577099,1011.10004
1549566577137,1011.10004
1549566577175,1011.10004
1549566577214,1011.10004
1549566577254,1011.10596
1549566577292,1011.10596
1549566577328,1011.10596
1549566577367,1011.10596
1549566577406,1011.10925
1549566577447,1011.10925
1549566577483,1011.10925
1549566577522,1011.10925
1549566577562,1011.1032
1549566577597,1011.1032
1549566577635,1011.1032
1549566577675,1011.1032
1549566577713,1011.1021
1549566577752,1011.1021
1549566577791,1011.1021
1549566577832,1011.1021
1549566577874,1011.1005
1549566577907,1011.1005
1549566577944,1011.1005
1549566577985,1011.1005
1549566578021,1011.1064
1549566578059,1011.1064
1549566578097,1011.1064
1549566578137,1011.1064
1549566578174,1011.1146
1549566578216,1011.1146
1549566578252,1011.1146
1549566578289,1011.1146
1549566578330,1011.113
1549566578365,1011.113
1549566578405,1011.113
1549566578445,1011.113
1549566578482,1011.11523
1549566578520,1011.11523
1549566578558,1011.11523
1549566578598,1011.11523
1549566578637,1011.11084
1549566578674,1011.11084
1549566578713,1011.11084
1549566578751,1011.11084
1549566578789,1011.1131
1549566578832,1011.1131
1549566578866,1011.1131
1549566578906,1011.1131
1549566578948,1011.1091
1549566578982,1011.1091
1549566579021,1011.1091
1549566579060,1011.1091
1549566579099,1011.1063
1549566579137,1011.1063
1549566579174,1011.1063
1549566579222,1011.1063
1549566579252,1011.1063
1549566579290,1011.1063
1549566579330,1011.1063
1549566579369,1011.1063
1549566579406,1011.108
1549566579452,1011.108
1549566579482,1011.108
1549566579521,1011.108
1549566579557,1011.11456
1549566579595,1011.11456
1549566579634,1011.11456
1549566579678,1011.11456
1549566579715,1011.1069
1549566579752,1011.1069
1549566579789,1011.1069
1549566579829,1011.1069
1549566579872,1011.1053
1549566579904,1011.1053
1549566579944,1011.1053
1549566579981,1011.1053
1549566580019,1011.10284
1549566580060,1011.10284
1549566580116,1011.10284
1549566580139,1011.10284
1549566580173,1011.1018
1549566580217,1011.1018
1549566580251,1011.1018
1549566580289,1011.1018
1549566580330,1011.10565
1549566580367,1011.10565
1549566580408,1011.10565
1549566580446,1011.10565
1549566580493,1011.0983
1549566580522,1011.0983
1549566580557,1011.0983
1549566580600,1011.0983
1549566580635,1011.10333
1549566580678,1011.10333
1549566580711,1011.10333
1549566580751,1011.10333
1549566580789,1011.09454
1549566580828,1011.09454
1549566580868,1011.09454
1549566580904,1011.09454
1549566580943,1011.0995
1549566580980,1011.0995
1549566581021,1011.0995
1549566581060,1011.0995
1549566581096,1011.1021
1549566581136,1011.1021
1549566581175,1011.1021
1549566581213,1011.1021
1549566581255,1011.116
1549566581290,1011.116
1549566581327,1011.116
1549566581365,1011.116
1549566581404,1011.11694
1549566581442,1011.11694
1549566581481,1011.11694
1549566581521,1011.11694
1549566581561,1011.11035
1549566581606,1011.11035
1549566581634,1011.11035
1549566581672,1011.11035
1549566581711,1011.11035
1549566581752,1011.11035
1549566581790,1011.11035
1549566581827,1011.11035
1549566581866,1011.09937
1549566581904,1011.09937
1549566581950,1011.09937
1549566581987,1011.09937
1549566582021,1011.09875
1549566582056,1011.09875
1549566582096,1011.09875
1549566582153,1011.09875
1549566582174,1011.1043
1549566582212,1011.1043
1549566582249,1011.1043
1549566582290,1011.1043
1549566582331,1011.10266
1549566582365,1011.10266
1549566582403,1011.10266
1549566582442,1011.10266
1549566582484,1011.10266
1549566582518,1011.10266
1549566582558,1011.10266
1549566582597,1011.10266
1549566582634,1011.09875
1549566582673,1011.09875
1549566582712,1011.09875
1549566582749,1011.09875
1549566582788,1011.17145
1549566582826,1011.17145
1549566582869,1011.17145
1549566582902,1011.17145
1549566582941,1011.10114
1549566582980,1011.10114
1549566583018,1011.10114
1549566583057,1011.10114
1549566583095,1011.01855
1549566583135,1011.01855
1549566583173,1011.01855
1549566583212,1011.01855
1549566583248,1011.0213
1549566583288,1011.0213
1549566583326,1011.0213
1549566583364,1011.0213
1549566583403,1011.02625
1549566583444,1011.02625
1549566583479,1011.02625
1549566583518,1011.02625
1549566583556,1011.02954
1549566583595,1011.02954
1549566583633,1011.02954
1549566583673,1011.02954
1549566583717,1011.07855
1549566583752,1011.07855
1549566583786,1011.07855
1549566583826,1011.07855
1549566583865,1011.08844
1549566583902,1011.08844
1549566583941,1011.08844
1549566583980,1011.08844
1549566584018,1011.05707
1549566584057,1011.05707
1549566584097,1011.05707
1549566584134,1011.05707
1549566584172,1011.05707
1549566584211,1011.071
1549566584249,1011.071
1549566584289,1011.071
1549566584328,1011.071
1549566584365,1011.0495
1549566584405,1011.0495
1549566584446,1011.0495
1549566584481,1011.0495
1549566584521,1011.04456
1549566584561,1011.04456
1549566584598,1011.04456
1549566584644,1011.04456
1549566584672,1011.0495
1549566584713,1011.0495
1549566584751,1011.0495
1549566584788,1011.0495
1549566584827,1011.0561
1549566584868,1011.0561
1549566584903,1011.0561
1549566584943,1011.0561
1549566584984,1011.0787
1549566585017,1011.0787
1549566585056,1011.0787
1549566585096,1011.0787
1549566585135,1011.0737
1549566585177,1011.0737
1549566585213,1011.0737
1549566585251,1011.0737
1549566585287,1011.0616
1549566585330,1011.0616
1549566585367,1011.0616
1549566585404,1011.0616
1549566585441,1011.0583
1549566585481,1011.0583
1549566585518,1011.0583
1549566585558,1011.0583
1549566585595,1011.05225
1549566585634,1011.05225
1549566585672,1011.05225
1549566585713,1011.05225
1549566585749,1011.0583
1549566585791,1011.0583
1549566585825,1011.0583
1549566585864,1011.0583
1549566585902,1011.05994
1549566585941,1011.05994
1549566585979,1011.05994
1549566586019,1011.05994
1549566586056,1011.06323
1549566586094,1011.06323
1549566586133,1011.06323
1549566586172,1011.06323
1549566586210,1011.0583
1549566586250,1011.0583
1549566586288,1011.0583
1549566586333,1011.0583
1549566586364,1011.0656
1549566586407,1011.0656
1549566586444,1011.0656
1549566586481,1011.0656
1549566586518,1011.0788
1549566586567,1011.0788
1549566586599,1011.0788
1549566586633,1011.0788
1549566586673,1011.0865
1549566586715,1011.0865
1549566586752,1011.0865
1549566586787,1011.0865
1549566586829,1011.08154
1549566586865,1011.08154
1549566586904,1011.08154
1549566586944,1011.08154
1549566586981,1011.07825
1549566587022,1011.07825
1549566587057,1011.07825
1549566587097,1011.07825
1549566587135,1011.07825
1549566587174,1011.07825
1549566587210,1011.07825
1549566587250,1011.07825
1549566587287,1011.0716
1549566587326,1011.0716
1549566587367,1011.0716
1549566587404,1011.0716
1549566587444,1011.076
1549566587481,1011.076
1549566587519,1011.076
1549566587558,1011.076
1549566587595,1011.0683
1549566587635,1011.0683
1549566587672,1011.0683
1549566587712,1011.0683
1549566587749,1011.0694
1549566587788,1011.0694
1549566587843,1011.0694
1549566587864,1011.0694
1549566587902,1011.081
1549566587942,1011.081
1549566587980,1011.081
1549566588019,1011.081
1549566588058,1011.08
1549566588094,1011.08
1549566588135,1011.08
1549566588173,1011.08
1549566588210,1011.0734
1549566588248,1011.0734
1549566588289,1011.0734
1549566588326,1011.0734
1549566588365,1011.0701
1549566588409,1011.0701
1549566588442,1011.0701
1549566588482,1011.0701
1549566588517,1011.0718
1549566588557,1011.0718
1549566588594,1011.0718
1549566588634,1011.0718
1549566588675,1011.06024
1549566588710,1011.06024
1549566588750,1011.06024
1549566588789,1011.06024
1549566588824,1011.0536
1549566588874,1011.0536
1549566588918,1011.0536
1549566588939,1011.0536
1549566588980,1011.04865
1549566589019,1011.04865
1549566589055,1011.04865
1549566589099,1011.04865
1549566589133,1011.04297
1549566589171,1011.04297
1549566589208,1011.04297
1549566589251,1011.04297
1549566589286,1011.0397
1549566589326,1011.0397
1549566589364,1011.0397
1549566589417,1011.0397
1549566589440,1011.0413
1549566589479,1011.0413
1549566589517,1011.0413
1549566589573,1011.0413
1549566589596,1011.0336
1549566589633,1011.0336
1549566589674,1011.0336
1549566589709,1011.0336
1549566589748,1011.03033
1549566589786,1011.03033
1549566589828,1011.03033
1549566589865,1011.03033
1549566589902,1011.0413
1549566589941,1011.0413
1549566589978,1011.0413
1549566590018,1011.0413
1549566590055,1011.032
1549566590097,1011.032
1549566590133,1011.032
1549566590171,1011.032
1549566590211,1011.03864
1549566590253,1011.03864
1549566590287,1011.03864
1549566590326,1011.03864
1549566590384,1011.0595
1549566590403,1011.0595
1549566590440,1011.0595
1549566590480,1011.0595
1549566590517,1011.0694
1549566590555,1011.0694
1549566590595,1011.0694
1549566590637,1011.0694
1549566590673,1011.07434
1549566590710,1011.07434
1549566590749,1011.07434
1549566590789,1011.07434
1549566590824,1011.0826
1549566590863,1011.0826
1549566590946,1011.0826
1549566590948,1011.0826
1549566590981,1011.0832
1549566591019,1011.0832
1549566591056,1011.0832
1549566591092,1011.0832
1549566591132,1011.08154
1549566591172,1011.08154
1549566591210,1011.08154
1549566591248,1011.08154
1549566591285,1011.07056
1549566591327,1011.07056
1549566591368,1011.07056
1549566591403,1011.07056
1549566591443,1011.06067
1549566591479,1011.06067
1549566591518,1011.06067
1549566591558,1011.06067
1549566591595,1011.05164
1549566591633,1011.05164
1549566591672,1011.05164
1549566591713,1011.05164
1549566591752,1011.0649
1549566591787,1011.0649
1549566591825,1011.0649
1549566591863,1011.0649
1549566591904,1011.0682
1549566591941,1011.0682
1549566591980,1011.0682
1549566592016,1011.0682
1549566592060,1011.0649
1549566592094,1011.0649
1549566592133,1011.0649
1549566592172,1011.0649
1549566592212,1011.0682
1549566592250,1011.0682
1549566592285,1011.0682
1549566592330,1011.0682
1549566592365,1011.0682
1549566592402,1011.0638
1549566592441,1011.0638
1549566592482,1011.0638
1549566592518,1011.0638
1549566592555,1011.0605
1549566592601,1011.0605
1549566592632,1011.0605
1549566592674,1011.0605
1549566592711,1011.0572
1549566592748,1011.0572
1549566592786,1011.0572
1549566592825,1011.0572
1549566592862,1011.0512
1549566592922,1011.0512
1549566592939,1011.0512
1549566592979,1011.0512
1549566593016,1011.0561
1549566593057,1011.0561
1549566593095,1011.0561
1549566593134,1011.0561
1549566593171,1011.06274
1549566593211,1011.06274
1549566593248,1011.06274
1549566593286,1011.06274
1549566593324,1011.0793
1549566593366,1011.0793
1549566593401,1011.0793
1549566593440,1011.0793
1549566593479,1011.0743
1549566593515,1011.0743
1549566593554,1011.0743
1549566593595,1011.0743
1549566593633,1011.0759
1549566593672,1011.0759
1549566593708,1011.0759
1549566593747,1011.0759
1549566593788,1011.0752
1549566593823,1011.0752
1549566593864,1011.0752
1549566593902,1011.0752
1549566593938,1011.0752
1549566593983,1011.0752
1549566594016,1011.0752
1549566594055,1011.0752
1549566594094,1011.0758
1549566594133,1011.0758
1549566594174,1011.0758
1549566594209,1011.0758
1549566594249,1011.0681
1549566594286,1011.0681
1549566594324,1011.0681
1549566594365,1011.0681
1549566594401,1011.0714
1549566594441,1011.0714
1549566594482,1011.0714
1549566594516,1011.0714
1549566594555,1011.06903
1549566594593,1011.06903
1549566594633,1011.06903
1549566594671,1011.06903
1549566594710,1011.06903
1549566594747,1011.06903
1549566594788,1011.06903
1549566594829,1011.06903
1549566594864,1011.06793
1549566594905,1011.06793
1549566594940,1011.06793
1549566594982,1011.06793
1549566595015,1011.06964
1549566595054,1011.06964
1549566595092,1011.06964
1549566595132,1011.06964
1549566595170,1011.0795
1549566595208,1011.0795
1549566595247,1011.0795
1549566595285,1011.0795
1549566595324,1011.0779
1549566595364,1011.0779
1549566595402,1011.0779
1549566595441,1011.0779
1549566595481,1011.0784
1549566595518,1011.0784
1549566595555,1011.0784
1549566595594,1011.0784
1549566595631,1011.07513
1549566595671,1011.07513
1549566595711,1011.07513
1549566595748,1011.07513
1549566595787,1011.08234
1549566595825,1011.08234
1549566595862,1011.08234
1549566595902,1011.08234
1549566595939,1011.0807
1549566595980,1011.0807
1549566596015,1011.0807
1549566596054,1011.0807
1549566596092,1011.08234
1549566596133,1011.08234
1549566596170,1011.08234
1549566596208,1011.08234
1549566596249,1011.09064
1549566596287,1011.09064
1549566596324,1011.09064
1549566596363,1011.09064
1549566596401,1011.0882
1549566596442,1011.0882
1549566596482,1011.0882
1549566596516,1011.0882
1549566596556,1011.0915
1549566596592,1011.0915
1549566596633,1011.0915
1549566596677,1011.0915
1549566596708,1011.08057
1549566596746,1011.08057
1549566596785,1011.08057
1549566596826,1011.08057
1549566596863,1011.0789
1549566596905,1011.0789
1549566596938,1011.0789
1549566596977,1011.0789
1549566597014,1011.0762
1549566597054,1011.0762
1549566597093,1011.0762
1549566597131,1011.0762
1549566597182,1011.0811
1549566597208,1011.0811
1549566597245,1011.0811
1549566597286,1011.0811
1549566597323,1011.0861
1549566597362,1011.0861
1549566597402,1011.0861
1549566597439,1011.0861
1549566597477,1011.0804
1549566597514,1011.0804
1549566597554,1011.0804
1549566597592,1011.0804
1549566597630,1011.07874
1549566597671,1011.07874
1549566597706,1011.07874
1549566597744,1011.07874
1549566597785,1011.0705
1549566597823,1011.0705
1549566597863,1011.0705
1549566597901,1011.0705
1549566597941,1011.0727
1549566597977,1011.0727
1549566598015,1011.0727
1549566598055,1011.0727
1549566598093,1011.0744
1549566598132,1011.0744
1549566598170,1011.0744
1549566598207,1011.0744
1549566598246,1011.0777
1549566598285,1011.0777
1549566598323,1011.0777
1549566598362,1011.0777
1549566598399,1011.0766
1549566598438,1011.0766
1549566598480,1011.0766
1549566598516,1011.0766
1549566598555,1011.0849
1549566598592,1011.0849
1549566598632,1011.0849
1549566598671,1011.0849
1549566598707,1011.0882
1549566598746,1011.0882
1549566598786,1011.0882
1549566598825,1011.0882
1549566598862,1011.1014
1549566598901,1011.1014
1549566598939,1011.1014
1549566598978,1011.1014
1549566599015,1011.1056
1549566599054,1011.1056
1549566599093,1011.1056
1549566599132,1011.1056
1549566599169,1011.11053
1549566599207,1011.11053
1549566599247,1011.11053
1549566599287,1011.11053
1549566599324,1011.11884
1549566599362,1011.11884
1549566599401,1011.11884
1549566599440,1011.11884
1549566599480,1011.1271
1549566599515,1011.1271
1549566599554,1011.1271
1549566599594,1011.1271
1549566599633,1011.1287
1549566599669,1011.1287
1549566599710,1011.1287
1549566599748,1011.1287
1549566599785,1011.1309
1549566599823,1011.1309
1549566599861,1011.1309
1549566599901,1011.1309
1549566599938,1011.14087
1549566599976,1011.14087
1549566600026,1011.14087
1549566600052,1011.14087
1549566600090,1011.1458
1549566600129,1011.1458
1549566600168,1011.1458
1549566600206,1011.1458
1549566600247,1011.15137
1549566600286,1011.15137
1549566600324,1011.15137
1549566600362,1011.15137
1549566600399,1011.1497
1549566600439,1011.1497
1549566600484,1011.1497
1549566600517,1011.1497
1549566600554,1011.1497
1549566600594,1011.1481
1549566600634,1011.1481
1549566600669,1011.1481
1549566600715,1011.1481
1549566600745,1011.1414
1549566600784,1011.1414
1549566600822,1011.1414
1549566600861,1011.1414
1549566600900,1011.1391
1549566600938,1011.1391
1549566600978,1011.1391
1549566601017,1011.1391
1549566601054,1011.1332
1549566601091,1011.1332
1549566601132,1011.1332
1549566601171,1011.1332
1549566601206,1011.1308
1549566601252,1011.1308
1549566601291,1011.1308
1549566601321,1011.1308
1549566601361,1011.12915
1549566601400,1011.12915
1549566601439,1011.12915
1549566601477,1011.12915
1549566601516,1011.1341
1549566601552,1011.1341
1549566601590,1011.1341
1549566601629,1011.1341
1549566601669,1011.1347
1549566601706,1011.1347
1549566601748,1011.1347
1549566601785,1011.1347
1549566601831,1011.1347
1549566601861,1011.1347
1549566601899,1011.1347
1549566601968,1011.1347
1549566601976,1011.13635
1549566602014,1011.13635
1549566602053,1011.13635
1549566602092,1011.13635
1549566602130,1011.1303
1549566602169,1011.1303
1549566602208,1011.1303
1549566602246,1011.1303
1549566602284,1011.1303
1549566602322,1011.1303
1549566602361,1011.1303
1549566602399,1011.1303
1549566602457,1011.1336
1549566602476,1011.1336
1549566602515,1011.1336
1549566602552,1011.1336
1549566602594,1011.1402
1549566602631,1011.1402
1549566602668,1011.1402
1549566602708,1011.1402
1549566602747,1011.14685
1549566602784,1011.14685
1549566602823,1011.14685
1549566602863,1011.14685
1549566602915,1011.1485
1549566602937,1011.1485
1549566602977,1011.1485
1549566603018,1011.1485
1549566603052,1011.1461
1549566603091,1011.1461
1549566603130,1011.1461
1549566603173,1011.1461
1549566603207,1011.1378
1549566603248,1011.1378
1549566603285,1011.1378
1549566603322,1011.1378
1549566603363,1011.1345
1549566603401,1011.1345
1549566603440,1011.1345
1549566603478,1011.1345
1549566603515,1011.1252
1549566603554,1011.1252
1549566603590,1011.1252
1549566603629,1011.1252
1549566603670,1011.1252
1549566603707,1011.1252
1549566603743,1011.1252
1549566603784,1011.1252
1549566603821,1011.12024
1549566603861,1011.12024
1549566603901,1011.12024
1549566603937,1011.12024
1549566603977,1011.11755
1549566604017,1011.11755
1549566604051,1011.11755
1549566604092,1011.11755
1549566604129,1011.1148
1549566604169,1011.1148
1549566604207,1011.1148
1549566604246,1011.1148
1549566604286,1011.11975
1549566604322,1011.11975
1549566604360,1011.11975
1549566604398,1011.11975
1549566604436,1011.1174
1549566604475,1011.1174
1549566604517,1011.1174
1549566604553,1011.1174
1549566604592,1011.1141
1549566604635,1011.1141
1549566604667,1011.1141
1549566604708,1011.1141
1549566604743,1011.1108
1549566604784,1011.1108
1549566604823,1011.1108
1549566604863,1011.1108
1549566604899,1011.10583
1549566604938,1011.10583
1549566604976,1011.10583
1549566605015,1011.10583
1549566605051,1011.0976
1549566605093,1011.0976
1549566605132,1011.0976
1549566605169,1011.0976
1549566605209,1011.09094
1549566605244,1011.09094
1549566605286,1011.09094
1549566605324,1011.09094
1549566605362,1011.09094
1549566605400,1011.09094
1549566605440,1011.09094
1549566605477,1011.09094
1549566605517,1011.0959
1549566605553,1011.0959
1549566605591,1011.0959
1549566605631,1011.0959
1549566605672,1011.10254
1549566605707,1011.10254
1549566605746,1011.10254
1549566605784,1011.10254
1549566605822,1011.10254
1549566605861,1011.10254
1549566605902,1011.10254
1549566605937,1011.10254
1549566605981,1011.0965
1549566606018,1011.0965
1549566606051,1011.0965
1549566606091,1011.0965
1549566606128,1011.10474
1549566606166,1011.10474
1549566606205,1011.10474
1549566606244,1011.10474
1549566606282,1011.1124
1549566606321,1011.1124
1549566606359,1011.1124
1549566606402,1011.1124
1549566606436,1011.1141
1549566606476,1011.1141
1549566606513,1011.1141
1549566606553,1011.1141
1549566606591,1011.1081
1549566606628,1011.1081
1549566606667,1011.1081
1549566606709,1011.1081
1549566606746,1011.1114
1549566606784,1011.1114
1549566606824,1011.1114
1549566606860,1011.1114
1549566606898,1011.10535
1549566606938,1011.10535
1549566606975,1011.10535
1549566607018,1011.10535
1549566607053,1011.107
1549566607092,1011.107
1549566607132,1011.107
1549566607168,1011.107
1549566607207,1011.10864
1549566607247,1011.10864
1549566607284,1011.10864
1549566607321,1011.10864
1549566607359,1011.1112
1549566607400,1011.1112
1549566607436,1011.1112
1549566607475,1011.1112
1549566607516,1011.12445
1549566607552,1011.12445
1549566607591,1011.12445
1549566607628,1011.12445
1549566607667,1011.12775
1549566607709,1011.12775
1549566607745,1011.12775
1549566607783,1011.12775
1549566607823,1011.12445
1549566607858,1011.12445
1549566607899,1011.12445
1549566607940,1011.12445
1549566607977,1011.1217
1549566608017,1011.1217
1549566608050,1011.1217
1549566608094,1011.1217
1549566608131,1011.1217
1549566608167,1011.1217
1549566608214,1011.1217
1549566608244,1011.1217
1549566608282,1011.125
1549566608321,1011.125
1549566608359,1011.125
1549566608399,1011.125
1549566608436,1011.125
1549566608477,1011.12555
1549566608516,1011.12555
1549566608550,1011.12555
1549566608590,1011.12555
1549566608631,1011.12994
1549566608669,1011.12994
1549566608720,1011.12994
1549566608744,1011.12994
1549566608783,1011.1316
1549566608822,1011.1316
1549566608860,1011.1316
1549566608898,1011.1316
1549566608937,1011.13824
1549566608974,1011.13824
1549566609013,1011.13824
1549566609055,1011.13824
1549566609089,1011.13824
1549566609133,1011.13824
1549566609168,1011.13824
1549566609207,1011.13824
1549566609243,1011.13055
1549566609284,1011.13055
1549566609323,1011.13055
1549566609362,1011.13055
1549566609397,1011.13824
1549566609437,1011.13824
1549566609476,1011.13824
1549566609512,1011.13824
1549566609551,1011.12225
1549566609591,1011.12225
1549566609630,1011.12225
1549566609667,1011.12225
1549566609705,1011.1206
1549566609743,1011.1206
1549566609781,1011.1206
1549566609821,1011.1206
1549566609861,1011.1206
1549566609898,1011.1206
1549566609936,1011.1206
1549566609974,1011.1206
1549566610017,1011.12396
1549566610050,1011.12396
1549566610089,1011.12396
1549566610128,1011.12396
1549566610167,1011.12396
1549566610207,1011.12396
1549566610254,1011.12396
1549566610284,1011.12396
1549566610322,1011.12225
1549566610363,1011.12225
1549566610398,1011.12225
1549566610435,1011.12225
1549566610476,1011.1199
1549566610514,1011.1199
1549566610557,1011.1199
1549566610589,1011.1199
1549566610628,1011.1215
1549566610668,1011.1215
1549566610706,1011.1215
1549566610744,1011.1215
1549566610782,1011.1149
1549566610822,1011.1149
1549566610858,1011.1149
1549566610898,1011.1149
1549566610938,1011.10394
1549566610973,1011.10394
1549566611012,1011.10394
1549566611051,1011.10394
1549566611090,1011.1056
1549566611129,1011.1056
1549566611168,1011.1056
1549566611203,1011.1056
1549566611246,1011.1089
1549566611285,1011.1089
1549566611323,1011.1089
1549566611360,1011.1089
1549566611398,1011.10724
1549566611434,1011.10724
1549566611474,1011.10724
1549566611526,1011.10724
1549566611558,1011.10724
1549566611590,1011.10724
1549566611626,1011.10724
1549566611666,1011.10724
1549566611703,1011.1029
1549566611743,1011.1029
1549566611783,1011.1029
1549566611819,1011.1029
1549566611857,1011.10455
1549566611898,1011.10455
1549566611936,1011.10455
1549566611975,1011.10455
1549566612013,1011.11884
1549566612051,1011.11884
1549566612090,1011.11884
1549566612129,1011.11884
1549566612167,1011.11884
1549566612217,1011.11884
1549566612242,1011.11884
1549566612283,1011.11884
1549566612319,1011.1161
1549566612360,1011.1161
1549566612396,1011.1161
1549566612437,1011.1161
1549566612475,1011.1243
1549566612517,1011.1243
1549566612551,1011.1243
1549566612588,1011.1243
1549566612627,1011.12933
1549566612669,1011.12933
1549566612705,1011.12933
1549566612747,1011.12933
1549566612783,1011.12195
1549566612822,1011.12195
1549566612858,1011.12195
1549566612899,1011.12195
1549566612935,1011.117
1549566612974,1011.117
1549566613013,1011.117
1549566613058,1011.117
1549566613089,1011.1104
1549566613128,1011.1104
1549566613166,1011.1104
1549566613204,1011.1104
1549566613243,1011.11206
1549566613283,1011.11206
1549566613321,1011.11206
1549566613366,1011.11206
1549566613398,1011.1104
1549566613435,1011.1104
1549566613473,1011.1104
1549566613513,1011.1104
1549566613549,1011.10876
1549566613589,1011.10876
1549566613629,1011.10876
1549566613667,1011.10876
1549566613706,1011.106
1549566613743,1011.106
1549566613781,1011.106
1549566613823,1011.106
1549566613858,1011.1093
1549566613898,1011.1093
1549566613936,1011.1093
1549566613976,1011.1093
1549566614011,1011.111
1549566614051,1011.111
1549566614088,1011.111
1549566614129,1011.111
1549566614168,1011.10767
1549566614204,1011.10767
1549566614244,1011.10767
1549566614281,1011.10767
1549566614320,1011.1011
1549566614358,1011.1011
1549566614397,1011.1011
1549566614435,1011.1011
1549566614474,1011.106
1549566614512,1011.106
1549566614556,1011.106
1549566614588,1011.106
1549566614629,1011.1011
1549566614666,1011.1011
1549566614708,1011.1011
1549566614745,1011.1011
1549566614781,1011.1044
1549566614819,1011.1044
1549566614858,1011.1044
1549566614905,1011.1044
1549566614935,1011.10333
1549566614976,1011.10333
1549566615013,1011.10333
1549566615055,1011.10333
1549566615087,1011.0973
1549566615126,1011.0973
1549566615164,1011.0973
1549566615204,1011.0973
1549566615248,1011.105
1549566615281,1011.105
1549566615318,1011.105
1549566615360,1011.105
1549566615395,1011.10333
1549566615434,1011.10333
1549566615474,1011.10333
1549566615512,1011.10333
1549566615551,1011.09894
1549566615587,1011.09894
1549566615626,1011.09894
1549566615665,1011.09894
1549566615705,1011.0973
1549566615742,1011.0973
1549566615781,1011.0973
1549566615821,1011.0973
1549566615858,1011.09235
1549566615904,1011.09235
1549566615937,1011.09235
1549566615971,1011.09235
1549566616013,1011.08575
1549566616051,1011.08575
1549566616088,1011.08575
1549566616127,1011.08575
1549566616165,1011.08575
1549566616206,1011.08575
1549566616245,1011.08575
1549566616279,1011.08575
1549566616318,1011.08575
1549566616361,1011.08734
1549566616399,1011.08734
1549566616435,1011.08734
1549566616472,1011.08734
1549566616513,1011.0867
1549566616550,1011.0867
1549566616589,1011.0867
1549566616627,1011.0867
1549566616664,1011.0867
1549566616704,1011.0867
1549566616744,1011.0867
1549566616779,1011.0867
1549566616820,1011.08997
1549566616866,1011.08997
1549566616896,1011.08997
1549566616939,1011.08997
1549566616973,1011.0867
1549566617013,1011.0867
1549566617054,1011.0867
1549566617088,1011.0867
1549566617126,1011.0916
1549566617165,1011.0916
1549566617202,1011.0916
1549566617241,1011.0916
1549566617280,1011.0867
1549566617319,1011.0867
1549566617357,1011.0867
1549566617395,1011.0867
1549566617434,1011.08887
1549566617473,1011.08887
1549566617511,1011.08887
1549566617549,1011.08887
1549566617588,1011.0955
1549566617626,1011.0955
1549566617663,1011.0955
1549566617703,1011.0955
1549566617742,1011.1004
1549566617783,1011.1004
1549566617819,1011.1004
1549566617858,1011.1004
1549566617895,1011.0971
1549566617935,1011.0971
1549566617972,1011.0971
1549566618012,1011.0971
1549566618051,1011.0988
1549566618087,1011.0988
1549566618144,1011.0988
1549566618163,1011.0988
1549566618203,1011.0988
1549566618242,1011.0988
1549566618282,1011.0988
1549566618319,1011.0988
1549566618358,1011.0988
1549566618403,1011.0988
1549566618434,1011.0988
1549566618474,1011.0988
1549566618512,1011.1021
1549566618550,1011.1021
1549566618588,1011.1021
1549566618626,1011.1021
1549566618666,1011.0944
1549566618704,1011.0944
1549566618745,1011.0944
1549566618780,1011.0944
1549566618818,1011.09607
1549566618861,1011.09607
1549566618898,1011.09607
1549566618935,1011.09607
1549566618974,1011.09607
1549566619011,1011.09607
1549566619052,1011.09607
1549566619088,1011.09607
1549566619125,1011.0928
1549566619163,1011.0928
1549566619212,1011.0928
1549566619254,1011.0928
1549566619281,1011.09607
1549566619318,1011.09607
1549566619356,1011.09607
1549566619400,1011.09607
1549566619433,1011.09607
1549566619471,1011.09607
1549566619511,1011.09607
1549566619551,1011.09607
1549566619589,1011.09534
1549566619626,1011.09534
1549566619665,1011.09534
1549566619703,1011.09534
1549566619741,1011.097
1549566619781,1011.097
1549566619817,1011.097
1549566619858,1011.097
1549566619895,1011.0937
1549566619936,1011.0937
1549566619973,1011.0937
1549566620011,1011.0937
1549566620054,1011.08545
1549566620087,1011.08545
1549566620126,1011.08545
1549566620165,1011.08545
1549566620204,1011.08875
1549566620243,1011.08875
1549566620281,1011.08875
1549566620317,1011.08875
1549566620358,1011.0794
1549566620396,1011.0794
1549566620434,1011.0794
1549566620473,1011.0794
1549566620510,1011.0827
1549566620548,1011.0827
1549566620586,1011.0827
1549566620624,1011.0827
1549566620666,1011.0871
1549566620703,1011.0871
1549566620741,1011.0871
1549566620780,1011.0871
1549566620818,1011.08765
1549566620859,1011.08765
1549566620895,1011.08765
1549566620936,1011.08765
1549566620975,1011.07996
1549566621010,1011.07996
1549566621050,1011.07996
1549566621085,1011.07996
1549566621125,1011.0833
1549566621166,1011.0833
1549566621202,1011.0833
1549566621243,1011.0833
1549566621279,1011.07666
1549566621320,1011.07666
1549566621357,1011.07666
1549566621394,1011.07666
1549566621435,1011.07666
1549566621497,1011.07666
1549566621510,1011.07666
1549566621547,1011.07666
1549566621586,1011.0783
1549566621624,1011.0783
1549566621663,1011.0783
1549566621705,1011.0783
1549566621742,1011.07666
1549566621778,1011.07666
1549566621817,1011.07666
1549566621858,1011.07666
1549566621892,1011.075
1549566622050,1011.075
1549566622051,1011.075
1549566622051,1011.075
1549566622052,1011.07996
1549566622128,1011.07996
1549566622129,1011.07996
1549566622196,1011.07996
1549566622207,1011.0833
1549566622239,1011.0833
1549566622280,1011.0833
1549566622350,1011.0833
1549566622356,1011.0866
1549566622392,1011.0866
1549566622433,1011.0866
1549566622470,1011.0866
1549566622509,1011.0842
1549566622661,1011.0871
1549566622661,1011.0871
1549566622700,1011.0871
1549566622739,1011.0871
1549566622780,1011.0937
1549566622821,1011.0937
1549566622858,1011.0937
1549566622895,1011.0937
1549566622931,1011.0904
1549566622970,1011.0904
1549566623012,1011.0904
1549566623049,1011.0904
1549566623087,1011.097
1549566623133,1011.097
1549566623163,1011.097
1549566623201,1011.097
1549566623239,1011.09863
1549566623279,1011.09863
1549566623318,1011.09863
1549566623363,1011.09863
1549566623393,1011.0976
1549566623434,1011.0976
1549566623470,1011.0976
1549566623512,1011.0976
1549566623550,1011.0998
1549566623591,1011.0998
1549566623625,1011.0998
1549566623662,1011.0998
1549566623700,1011.10474
1549566623739,1011.10474
1549566623778,1011.10474
1549566623818,1011.10474
1549566623855,1011.1007
1549566623893,1011.1007
1549566623933,1011.1007
1549566623971,1011.1007
1549566624007,1011.1013
1549566624057,1011.1013
1549566624085,1011.1013
1549566624126,1011.1013
1549566624163,1011.11066
1549566624201,1011.11066
1549566624238,1011.11066
1549566624285,1011.11066
1549566624318,1011.10895
1549566624355,1011.10895
1549566624394,1011.10895
1549566624432,1011.10895
1549566624470,1011.0964
1549566624512,1011.0964
1549566624546,1011.0964
1549566624588,1011.0964
1549566624643,1011.0914
1549566624704,1011.0914
1549566624704,1011.0914
1549566624739,1011.0914
1549566624778,1011.09576
1549566624819,1011.09576
1549566624856,1011.09576
1549566624894,1011.09576
1549566624933,1011.0974
1549566624970,1011.0974
1549566625009,1011.0974
1549566625048,1011.0974
1549566625084,1011.10144
1549566625122,1011.10144
1549566625162,1011.10144
1549566625200,1011.10144
1549566625238,1011.10144
1549566625278,1011.10144
1549566625318,1011.10144
1549566625355,1011.10144
1549566625393,1011.1007
1549566625432,1011.1007
1549566625471,1011.1007
1549566625510,1011.1007
1549566625550,1011.1064
1549566625588,1011.1064
1549566625623,1011.1064
1549566625663,1011.1064
1549566625704,1011.1031
1549566625740,1011.1031
1549566625779,1011.1031
1549566625816,1011.1031
1549566625856,1011.0965
1549566625896,1011.0965
1549566625935,1011.0965
1549566625973,1011.0965
1549566626010,1011.0866
1549566626048,1011.0866
1549566626085,1011.0866
1549566626124,1011.0866
1549566626162,1011.0849
1549566626201,1011.0849
1549566626244,1011.0849
1549566626280,1011.0849
1549566626316,1011.0866
1549566626355,1011.0866
1549566626394,1011.0866
1549566626433,1011.0866
1549566626474,1011.0849
1549566626510,1011.0849
1549566626565,1011.0849
1549566626605,1011.0849
1549566626625,1011.086
1549566626660,1011.086
1549566626701,1011.086
1549566626738,1011.086
1549566626798,1011.08765
1549566626816,1011.08765
1549566626854,1011.08765
1549566626892,1011.08765
1549566626932,1011.0827
1549566626973,1011.0827
1549566627014,1011.0827
1549566627063,1011.0827
1549566627087,1011.0783
1549566627126,1011.0783
1549566627161,1011.0783
1549566627200,1011.0783
1549566627295,1011.0794
1549566627296,1011.0794
1549566627315,1011.0794
1549566627358,1011.0794
1549566627393,1011.08435
1549566627435,1011.08435
1549566627469,1011.08435
1549566627508,1011.08435
1549566627547,1011.08435
1549566627586,1011.08435
1549566627628,1011.08435
1549566627669,1011.08435
1549566627700,1011.0937
1549566627738,1011.0937
1549566627775,1011.0937
1549566627814,1011.0937
1549566627853,1011.097
1549566627892,1011.097
1549566627935,1011.097
1549566627968,1011.097
1549566628008,1011.1036
1549566628049,1011.1036
1549566628087,1011.1036
1549566628125,1011.1036
1549566628163,1011.1126
1549566628201,1011.1126
1549566628241,1011.1126
1549566628278,1011.1126
1549566628320,1011.11426
1549566628353,1011.11426
1549566628414,1011.11426
1549566628432,1011.11426
1549566628471,1011.1109
1549566628508,1011.1109
1549566628548,1011.1109
1549566628610,1011.1109
1549566628624,1011.1093
1549566628663,1011.1093
1549566628703,1011.1093
1549566628739,1011.1093
1549566628777,1011.097
1549566628816,1011.097
1549566628854,1011.097
1549566628893,1011.097
1549566628932,1011.09534
1549566628973,1011.09534
1549566629011,1011.09534
1549566629048,1011.09534
1549566629085,1011.08545
1549566629125,1011.08545
1549566629163,1011.08545
1549566629203,1011.08545
1549566629239,1011.08545
1549566629278,1011.08545
1549566629316,1011.08545
1549566629354,1011.08545
1549566629393,1011.08435
1549566629435,1011.08435
1549566629472,1011.08435
1549566629510,1011.08435
1549566629547,1011.0821
1549566629587,1011.0821
1549566629625,1011.0821
1549566629661,1011.0821
1549566629702,1011.0794
1549566629739,1011.0794
1549566629778,1011.0794
1549566629815,1011.0794
1549566629855,1011.0761
1549566629893,1011.0761
1549566629932,1011.0761
1549566629971,1011.0761
1549566630010,1011.0612
1549566630047,1011.0612
1549566630115,1011.0612
1549566630126,1011.0612
1549566630160,1011.0612
1549566630200,1011.04034
1549566630238,1011.04034
1549566630284,1011.04034
1549566630316,1011.04034
1549566630358,1011.0387
1549566630418,1011.0387
1549566630431,1011.0387
1549566630502,1011.0387
1549566630529,1011.02386
1549566630548,1011.02386
1549566630638,1011.02386
1549566630638,1011.02386
1549566630662,1011.03375
1549566630699,1011.03375
1549566630740,1011.03375
1549566630778,1011.03375
1549566630813,1011.0321
1549566630851,1011.0321
1549566630890,1011.0321
1549566630930,1011.0321
1549566630967,1011.03046
1549566631005,1011.03046
1549566631044,1011.03046
1549566631083,1011.03046
1549566631121,1011.0354
1549566631159,1011.0354
1549566631198,1011.0354
1549566631237,1011.0354
1549566631274,1011.0387
1549566631314,1011.0387
1549566631351,1011.0387
1549566631390,1011.0387
1549566631435,1011.04126
1549566631470,1011.04126
1549566631506,1011.04126
1549566631545,1011.04126
1549566631584,1011.03796
1549566631622,1011.03796
1549566631659,1011.03796
1549566631701,1011.03796
1549566631737,1011.0429
1549566631776,1011.0429
1549566631819,1011.0429
1549566631853,1011.0429
1549566631894,1011.0396
1549566631928,1011.0396
1549566631968,1011.0396
1549566632007,1011.0396
1549566632046,1011.0385
1549566632084,1011.0385
1549566632125,1011.0385
1549566632159,1011.0385
1549566632199,1011.0435
1549566632236,1011.0435
1549566632274,1011.0435
1549566632313,1011.0435
1549566632359,1011.0435
1549566632411,1011.0435
1549566632495,1011.0435
1549566632495,1011.0435
1549566632556,1011.04517
1549566632556,1011.04517
1549566632629,1011.04517
1549566632630,1011.04517
1549566632660,1011.0424
1549566632699,1011.0424
1549566632736,1011.0424
1549566632776,1011.0424
1549566632813,1011.04736
1549566632851,1011.04736
1549566632890,1011.04736
1549566632929,1011.04736
1549566632968,1011.0507
1549566633006,1011.0507
1549566633044,1011.0507
1549566633083,1011.0507
1549566633121,1011.0457
1549566633159,1011.0457
1549566633198,1011.0457
1549566633239,1011.0457
1549566633277,1011.04333
