1549566083757,1009.9552
1549566083758,1009.9552
1549566083794,1009.9552
1549566083832,1009.9552
1549566083872,1009.95465
1549566083909,1009.95465
1549566083948,1009.95465
1549566083985,1009.95465
1549566084027,1009.96014
1549566084063,1009.96014
1549566084103,1009.96014
1549566084145,1009.96014
1549566084179,1009.9658
1549566084218,1009.9658
1549566084257,1009.9658
1549566084294,1009.9658
1549566084334,1009.96796
1549566084374,1009.96796
1549566084414,1009.96796
1549566084448,1009.96796
1549566084492,1009.9631
1549566084527,1009.9631
1549566084563,1009.9631
1549566084603,1009.9631
1549566084643,1009.9653
1549566084683,1009.9653
1549566084718,1009.9653
1549566084764,1009.9653
1549566084796,1009.9841
1549566084835,1009.9841
1549566084871,1009.9841
1549566084909,1009.9841
1549566084947,1009.9929
1549566084989,1009.9929
1549566085025,1009.9929
1549566085066,1009.9929
1549566085104,1009.9902
1549566085146,1009.9902
1549566085181,1009.9902
1549566085218,1009.9902
1549566085255,1010.0166
1549566085294,1010.0166
1549566085334,1010.0166
1549566085372,1010.0166
1549566085422,1010.0112
1549566085448,1010.0112
1549566085487,1010.0112
1549566085526,1010.0112
1549566085627,1010.0078
1549566085628,1010.0078
1549566085646,1010.0078
1549566085688,1010.0078
1549566085716,1010.01166
1549566085757,1010.01166
1549566085794,1010.01166
1549566085834,1010.01166
1549566085870,1010.01953
1549566085911,1010.01953
1549566085949,1010.01953
1549566085987,1010.01953
1549566086025,1010.0211
1549566086066,1010.0211
1549566086105,1010.0211
1549566086143,1010.0211
1549566086177,1010.03
1549566086218,1010.03
1549566086254,1010.03
1549566086294,1010.03
1549566086347,1010.0405
1549566086371,1010.0405
1549566086414,1010.0405
1549566086447,1010.0405
1549566086486,1010.0421
1549566086526,1010.0421
1549566086565,1010.0421
1549566086603,1010.0421
1549566086640,1010.04865
1549566086681,1010.04865
1549566086717,1010.04865
1549566086756,1010.04865
1549566086794,1010.07477
1549566086833,1010.07477
1549566086872,1010.07477
1549566086912,1010.07477
1549566086948,1010.086
1549566086986,1010.086
1549566087024,1010.086
1549566087063,1010.086
1549566087102,1010.0799
1549566087141,1010.0799
1549566087180,1010.0799
1549566087218,1010.0799
1549566087257,1010.0844
1549566087296,1010.0844
1549566087333,1010.0844
1549566087371,1010.0844
1549566087414,1010.10034
1549566087448,1010.10034
1549566087486,1010.10034
1549566087524,1010.10034
1549566087562,1010.0999
1549566087615,1010.0999
1549566087666,1010.0999
1549566087688,1010.0999
1549566087717,1010.08655
1549566087756,1010.08655
1549566087792,1010.08655
1549566087833,1010.08655
1549566087879,1010.0811
1549566087910,1010.0811
1549566087948,1010.0811
1549566087985,1010.0811
1549566088025,1010.0827
1549566088073,1010.0827
1549566088102,1010.0827
1549566088143,1010.0827
1549566088178,1010.07996
1549566088217,1010.07996
1549566088254,1010.07996
1549566088293,1010.07996
1549566088337,1010.0815
1549566088371,1010.0815
1549566088411,1010.0815
1549566088450,1010.0815
1549566088487,1010.0794
1549566088530,1010.0794
1549566088562,1010.0794
1549566088601,1010.0794
1549566088645,1010.0727
1549566088679,1010.0727
1549566088716,1010.0727
1549566088756,1010.0727
1549566088794,1010.0793
1549566088832,1010.0793
1549566088871,1010.0793
1549566088910,1010.0793
1549566088948,1010.07947
1549566088986,1010.07947
1549566089024,1010.07947
1549566089064,1010.07947
1549566089101,1010.0821
1549566089141,1010.0821
1549566089179,1010.0821
1549566089217,1010.0821
1549566089259,1010.0783
1549566089294,1010.0783
1549566089332,1010.0783
1549566089370,1010.0783
1549566089412,1010.0926
1549566089447,1010.0926
1549566089489,1010.0926
1549566089525,1010.0926
1549566089562,1010.0815
1549566089639,1010.0815
1549566089686,1010.0815
1549566089687,1010.0815
1549566089779,1010.0844
1549566089780,1010.0844
1549566089802,1010.0844
1549566089832,1010.0844
1549566089870,1010.0986
1549566089907,1010.0986
1549566089946,1010.0986
1549566089985,1010.0986
1549566090024,1010.10315
1549566090062,1010.10315
1549566090103,1010.10315
1549566090151,1010.10315
1549566090177,1010.10205
1549566090218,1010.10205
1549566090258,1010.10205
1549566090297,1010.10205
1549566090333,1010.1059
1549566090370,1010.1059
1549566090408,1010.1059
1549566090445,1010.1059
1549566090484,1010.1191
1549566090523,1010.1191
1549566090562,1010.1191
1549566090600,1010.1191
1549566090638,1010.12195
1549566090679,1010.12195
1549566090716,1010.12195
1549566090755,1010.12195
1549566090795,1010.1418
1549566090835,1010.1418
1549566090871,1010.1418
1549566090910,1010.1418
1549566090947,1010.1546
1549566090987,1010.1546
1549566091027,1010.1546
1549566091062,1010.1546
1549566091103,1010.1646
1549566091138,1010.1562
1549566091182,1010.1562
1549566091217,1010.1562
1549566091257,1010.1562
1549566091293,1010.1628
1549566091332,1010.1628
1549566091370,1010.1628
1549566091409,1010.1628
1549566091447,1010.17395
1549566091485,1010.17395
1549566091525,1010.17395
1549566091564,1010.17395
1549566091601,1010.17487
1549566091670,1010.17487
1549566091681,1010.17487
1549566091717,1010.17487
1549566091753,1010.16785
1549566091795,1010.16785
1549566091831,1010.16785
1549566091869,1010.16785
1549566091911,1010.1744
1549566091947,1010.1744
1549566091985,1010.1744
1549566092024,1010.1744
1549566092062,1010.1898
1549566092100,1010.1898
1549566092138,1010.1898
1549566092176,1010.1898
1549566092214,1010.2021
1549566092254,1010.2021
1549566092294,1010.2021
1549566092332,1010.2021
1549566092370,1010.2003
1549566092409,1010.2003
1549566092452,1010.2003
1549566092485,1010.2003
1549566092524,1010.2159
1549566092566,1010.2159
1549566092600,1010.2159
1549566092652,1010.2159
1549566092677,1010.2191
1549566092716,1010.2191
1549566092755,1010.2191
1549566092796,1010.2191
1549566092842,1010.2247
1549566092871,1010.2247
1549566092907,1010.2247
1549566092946,1010.2247
1549566092985,1010.23456
1549566093025,1010.23456
1549566093062,1010.23456
1549566093101,1010.23456
1549566093139,1010.2491
1549566093178,1010.2491
1549566093215,1010.2491
1549566093254,1010.2491
1549566093293,1010.2396
1549566093332,1010.2396
1549566093371,1010.2396
1549566093413,1010.2396
1549566093445,1010.2495
1549566093485,1010.2495
1549566093524,1010.2495
1549566093562,1010.2495
1549566093600,1010.2684
1549566093650,1010.2684
1549566093678,1010.2684
1549566093715,1010.2684
1549566093756,1010.2716
1549566093794,1010.2716
1549566093832,1010.2716
1549566093869,1010.2716
1549566093947,1010.26385
1549566093949,1010.26385
1549566093986,1010.26385
1549566094025,1010.26385
1549566094066,1010.2734
1549566094102,1010.2734
1549566094140,1010.2734
1549566094176,1010.2734
1549566094217,1010.28815
1549566094257,1010.28815
1549566094294,1010.28815
1549566094331,1010.28815
1549566094368,1010.2844
1549566094411,1010.2844
1549566094455,1010.2844
1549566094485,1010.2844
1549566094522,1010.2887
1549566094562,1010.2887
1549566094600,1010.2887
1549566094641,1010.2887
1549566094678,1010.29156
1549566094716,1010.29156
1549566094781,1010.29156
1549566094795,1010.29156
1549566094830,1010.30646
1549566094869,1010.30646
1549566094909,1010.30646
1549566094950,1010.30646
1549566094983,1010.3163
1549566095023,1010.3163
1549566095063,1010.3163
1549566095103,1010.3163
1549566095141,1010.31256
1549566095180,1010.31256
1549566095217,1010.31256
1549566095254,1010.31256
1549566095294,1010.3234
1549566095333,1010.3234
1549566095369,1010.3234
1549566095407,1010.3234
1549566095446,1010.32965
1549566095484,1010.32965
1549566095522,1010.32965
1549566095561,1010.32965
1549566095603,1010.34357
1549566095639,1010.34357
1549566095676,1010.34357
1549566095716,1010.34357
1549566095755,1010.33685
1549566095792,1010.33685
1549566095832,1010.33685
1549566095868,1010.33685
1549566095907,1010.33673
1549566095948,1010.33673
1549566095984,1010.33673
1549566096025,1010.33673
1549566096064,1010.33795
1549566096101,1010.33795
1549566096140,1010.33795
1549566096177,1010.33795
1549566096215,1010.3372
1549566096254,1010.3372
1549566096292,1010.3372
1549566096331,1010.3372
1549566096371,1010.33685
1549566096409,1010.33685
1549566096444,1010.33685
1549566096483,1010.33685
1549566096523,1010.33673
1549566096561,1010.33673
1549566096601,1010.33673
1549566096657,1010.33673
1549566096676,1010.3363
1549566096715,1010.3363
1549566096753,1010.3363
1549566096794,1010.3363
1549566096829,1010.3495
1549566096870,1010.3495
1549566096909,1010.3495
1549566096948,1010.3495
1549566096984,1010.3501
1549566097026,1010.3501
1549566097063,1010.3501
1549566097100,1010.3501
1549566097140,1010.3516
1549566097178,1010.3516
1549566097216,1010.3516
1549566097255,1010.3516
1549566097292,1010.36053
1549566097330,1010.36053
1549566097370,1010.36053
1549566097406,1010.36053
1549566097447,1010.3737
1549566097483,1010.3737
1549566097523,1010.3737
1549566097568,1010.3737
1549566097599,1010.36597
1549566097642,1010.36597
1549566097677,1010.36597
1549566097716,1010.36597
1549566097753,1010.3642
1549566097793,1010.3642
1549566097831,1010.3642
1549566097874,1010.3642
1549566097907,1010.3737
1549566097949,1010.3737
1549566097985,1010.3737
1549566098025,1010.3737
1549566098063,1010.38525
1549566098100,1010.38525
1549566098142,1010.38525
1549566098178,1010.38525
1549566098214,1010.3931
1549566098256,1010.3931
1549566098295,1010.3931
1549566098330,1010.3931
1549566098368,1010.393
1549566098409,1010.393
1549566098450,1010.393
1549566098484,1010.393
1549566098523,1010.3896
1549566098563,1010.3896
1549566098598,1010.3896
1549566098637,1010.3896
1549566098676,1010.4068
1549566098714,1010.4068
1549566098751,1010.4068
1549566098793,1010.4068
1549566098830,1010.4001
1549566098871,1010.4001
1549566098908,1010.4001
1549566098948,1010.4001
1549566098983,1010.3941
1549566099026,1010.3941
1549566099060,1010.3941
1549566099098,1010.3941
1549566099139,1010.4052
1549566099176,1010.4052
1549566099215,1010.4052
1549566099254,1010.4052
1549566099297,1010.4228
1549566099333,1010.4228
1549566099373,1010.4228
1549566099407,1010.4228
1549566099449,1010.4406
1549566099481,1010.4406
