1549566005774,1010.39703
1549566005775,1010.39703
1549566005813,1010.39703
1549566005854,1010.39703
1549566005893,1010.40106
1549566005928,1010.40106
1549566005966,1010.40106
1549566006006,1010.40106
1549566006047,1010.3994
1549566006082,1010.3994
1549566006123,1010.3994
1549566006160,1010.3994
1549566006199,1010.39886
1549566006243,1010.39886
1549566006274,1010.39886
1549566006314,1010.39886
1549566006353,1010.4078
1549566006391,1010.4078
1549566006429,1010.4078
1549566006467,1010.4078
1549566006514,1010.4062
1549566006555,1010.4062
1549566006582,1010.4062
1549566006621,1010.4062
1549566006660,1010.4321
1549566006703,1010.4321
1549566006741,1010.4321
1549566006779,1010.4321
1549566006813,1010.4442
1549566006853,1010.4442
1549566006892,1010.4442
1549566006931,1010.4442
1549566006975,1010.44867
1549566007007,1010.44867
1549566007055,1010.44867
1549566007083,1010.44867
1549566007123,1010.45087
1549566007162,1010.45087
1549566007198,1010.45087
1549566007237,1010.45087
1549566007278,1010.4714
1549566007313,1010.4714
1549566007355,1010.4714
1549566007390,1010.4714
1549566007429,1010.4619
1549566007467,1010.4619
1549566007507,1010.4619
1549566007545,1010.4619
1549566007581,1010.46747
1549566007640,1010.46747
1549566007663,1010.46747
1549566007698,1010.46747
1549566007735,1010.4737
1549566007777,1010.4737
1549566007813,1010.4737
1549566007852,1010.4737
1549566007890,1010.48584
1549566007930,1010.48584
1549566007966,1010.48584
1549566008006,1010.48584
1549566008047,1010.4974
1549566008085,1010.4974
1549566008121,1010.4974
1549566008174,1010.4974
1549566008199,1010.50555
1549566008235,1010.50555
1549566008275,1010.50555
1549566008314,1010.50555
1549566008353,1010.5091
1549566008391,1010.5091
1549566008430,1010.5091
1549566008467,1010.5091
1549566008506,1010.5239
1549566008546,1010.5239
1549566008584,1010.5239
1549566008621,1010.5239
1549566008661,1010.5255
1549566008697,1010.5255
1549566008737,1010.5255
1549566008774,1010.5255
1549566008814,1010.5218
1549566008852,1010.5218
1549566008890,1010.5218
1549566008930,1010.5218
1549566008969,1010.535
1549566009006,1010.535
1549566009048,1010.535
1549566009086,1010.535
1549566009121,1010.52563
1549566009165,1010.52563
1549566009201,1010.52563
1549566009236,1010.52563
1549566009273,1010.52783
1549566009314,1010.52783
1549566009350,1010.52783
1549566009388,1010.52783
1549566009428,1010.56256
1549566009471,1010.56256
1549566009505,1010.56256
1549566009544,1010.56256
1549566009583,1010.5649
1549566009655,1010.5649
1549566009684,1010.5649
1549566009735,1010.5649
1549566009742,1010.5638
1549566009772,1010.5638
1549566009812,1010.5638
1549566009852,1010.5638
1549566009892,1010.58856
1549566009930,1010.58856
1549566009966,1010.58856
1549566010008,1010.58856
1549566010043,1010.5924
1549566010082,1010.5924
1549566010125,1010.5924
1549566010161,1010.5924
1549566010197,1010.59033
1549566010241,1010.59033
1549566010277,1010.59033
1549566010313,1010.59033
1549566010352,1010.59595
1549566010390,1010.59595
1549566010430,1010.59595
1549566010467,1010.59595
1549566010506,1010.5975
1549566010544,1010.5975
1549566010583,1010.5975
1549566010620,1010.5975
1549566010661,1010.58246
1549566010700,1010.58246
1549566010735,1010.58246
1549566010773,1010.58246
1549566010812,1010.58374
1549566010852,1010.58374
1549566010891,1010.58374
1549566010927,1010.58374
1549566010971,1010.582
1549566011005,1010.582
1549566011044,1010.582
1549566011083,1010.582
1549566011121,1010.58856
1549566011158,1010.58856
1549566011202,1010.58856
1549566011238,1010.58856
1549566011275,1010.5881
1549566011313,1010.5881
1549566011351,1010.5881
1549566011392,1010.5881
1549566011429,1010.5914
1549566011468,1010.5914
1549566011507,1010.5914
1549566011547,1010.5914
1549566011581,1010.6079
1549566011620,1010.6079
1549566011696,1010.6079
1549566011697,1010.6079
1549566011763,1010.6125
1549566011783,1010.6125
1549566011812,1010.6125
1549566011853,1010.6125
1549566011888,1010.6208
1549566011931,1010.60803
1549566011966,1010.60803
1549566012005,1010.60803
1549566012045,1010.60803
1549566012083,1010.60297
1549566012119,1010.60297
1549566012158,1010.60297
1549566012199,1010.60297
1549566012235,1010.60956
1549566012274,1010.60956
1549566012324,1010.60956
1549566012351,1010.60956
1549566012391,1010.61676
1549566012429,1010.61676
1549566012467,1010.61676
1549566012505,1010.61676
1549566012546,1010.62335
1549566012582,1010.62335
1549566012618,1010.62335
1549566012660,1010.62335
1549566012698,1010.6213
1549566012736,1010.6213
1549566012774,1010.6213
1549566012812,1010.6213
1549566012849,1010.62115
1549566012889,1010.62115
1549566012927,1010.62115
1549566012966,1010.62115
1549566013006,1010.6224
1549566013043,1010.6224
1549566013084,1010.6224
1549566013120,1010.6224
1549566013162,1010.63165
1549566013200,1010.63165
1549566013236,1010.63165
1549566013275,1010.63165
1549566013312,1010.6346
1549566013354,1010.6346
1549566013389,1010.6346
1549566013427,1010.6346
1549566013465,1010.64276
1549566013504,1010.64276
1549566013545,1010.64276
1549566013585,1010.64276
1549566013622,1010.65497
1549566013660,1010.65497
1549566013718,1010.65497
1549566013737,1010.65497
1549566013772,1010.65985
1549566013818,1010.65985
1549566013849,1010.65985
1549566013893,1010.65985
1549566013927,1010.6551
1549566013966,1010.6551
1549566014009,1010.6551
1549566014042,1010.6551
1549566014080,1010.67395
1549566014120,1010.67395
1549566014160,1010.67395
1549566014195,1010.67395
1549566014236,1010.6645
1549566014272,1010.6645
1549566014312,1010.6645
1549566014350,1010.6645
1549566014392,1010.6628
1549566014431,1010.6628
1549566014465,1010.6628
1549566014504,1010.6628
1549566014542,1010.6717
1549566014583,1010.6717
1549566014624,1010.6717
1549566014663,1010.6717
1549566014697,1010.6766
1549566014741,1010.6766
1549566014774,1010.6766
1549566014814,1010.6766
1549566014851,1010.6795
1549566014891,1010.6795
1549566014929,1010.6795
1549566014968,1010.6795
1549566015004,1010.6844
1549566015052,1010.6844
1549566015082,1010.6844
1549566015121,1010.6844
1549566015159,1010.69556
1549566015198,1010.69556
1549566015236,1010.69556
1549566015275,1010.69556
1549566015315,1010.6988
1549566015351,1010.6988
1549566015390,1010.6988
1549566015426,1010.6988
1549566015464,1010.7004
1549566015505,1010.7004
1549566015543,1010.7004
1549566015590,1010.7004
1549566015619,1010.7209
1549566015656,1010.7209
1549566015695,1010.7209
1549566015733,1010.7209
1549566015772,1010.7357
1549566015810,1010.7357
1549566015850,1010.7357
1549566015891,1010.7357
1549566015929,1010.748
1549566015966,1010.748
1549566016002,1010.748
1549566016042,1010.748
1549566016082,1010.75287
1549566016119,1010.75287
1549566016156,1010.75287
1549566016203,1010.75287
1549566016234,1010.7541
1549566016272,1010.7541
1549566016313,1010.7541
1549566016351,1010.7541
1549566016387,1010.75726
1549566016427,1010.75726
1549566016469,1010.75726
1549566016504,1010.75726
1549566016542,1010.7629
1549566016583,1010.7629
1549566016619,1010.7629
1549566016657,1010.7629
1549566016697,1010.77606
1549566016734,1010.77606
1549566016773,1010.77606
1549566016812,1010.77606
1549566016851,1010.7873
1549566016891,1010.7873
1549566016926,1010.7873
1549566016965,1010.7873
1549566017005,1010.7922
1549566017042,1010.7922
1549566017084,1010.7922
1549566017120,1010.7922
1549566017158,1010.80365
1549566017197,1010.80365
1549566017234,1010.80365
1549566017282,1010.80365
1549566017312,1010.80597
1549566017350,1010.80597
1549566017387,1010.80597
1549566017427,1010.80597
1549566017506,1010.8022
1549566017507,1010.8022
1549566017542,1010.8022
1549566017580,1010.8022
1549566017618,1010.8005
1549566017657,1010.8005
1549566017697,1010.8005
1549566017735,1010.8005
1549566017773,1010.80865
1549566017821,1010.80865
1549566017850,1010.80865
1549566017887,1010.80865
1549566017927,1010.8099
1549566017966,1010.8099
1549566018008,1010.8099
1549566018045,1010.8099
1549566018081,1010.81915
1549566018122,1010.81915
1549566018157,1010.81915
1549566018196,1010.81915
1549566018233,1010.8336
1549566018274,1010.8336
1549566018311,1010.8336
1549566018351,1010.8336
1549566018391,1010.8435
1549566018429,1010.8435
1549566018466,1010.8435
1549566018506,1010.8435
1549566018544,1010.848
1549566018582,1010.848
1549566018617,1010.848
1549566018657,1010.848
1549566018696,1010.85394
1549566018736,1010.85394
1549566018774,1010.85394
1549566018813,1010.85394
1549566018851,1010.85187
1549566018889,1010.85187
1549566018927,1010.85187
1549566018965,1010.85187
1549566019002,1010.85944
1549566019044,1010.85944
1549566019083,1010.85944
1549566019118,1010.85944
1549566019157,1010.8667
1549566019196,1010.8667
1549566019235,1010.8667
1549566019272,1010.8667
1549566019312,1010.8716
1549566019349,1010.8716
1549566019388,1010.8716
1549566019431,1010.8716
1549566019465,1010.87616
1549566019502,1010.87616
1549566019542,1010.87616
1549566019583,1010.87616
1549566019624,1010.86444
1549566019658,1010.86444
1549566019696,1010.86444
1549566019733,1010.86444
1549566019773,1010.86835
1549566019811,1010.86835
1549566019852,1010.86835
1549566019889,1010.86835
1549566019933,1010.8732
1549566019964,1010.8732
1549566020007,1010.8732
1549566020043,1010.8732
1549566020085,1010.8888
1549566020120,1010.8888
1549566020156,1010.8888
1549566020196,1010.8888
1549566020233,1010.89606
1549566020275,1010.89606
1549566020315,1010.89606
1549566020349,1010.89606
1549566020390,1010.8943
1549566020430,1010.8943
1549566020467,1010.8943
1549566020505,1010.8943
1549566020543,1010.89087
1549566020582,1010.89087
1549566020618,1010.89087
1549566020661,1010.89087
1549566020696,1010.89813
1549566020733,1010.89813
1549566020777,1010.89813
1549566020813,1010.89813
1549566020850,1010.89636
1549566020888,1010.89636
1549566020927,1010.89636
1549566020965,1010.89636
1549566021002,1010.9053
1549566021042,1010.9053
1549566021082,1010.9053
1549566021120,1010.9053
1549566021157,1010.91254
1549566021194,1010.91254
1549566021232,1010.91254
1549566021273,1010.91254
1549566021324,1010.9225
1549566021350,1010.9141
1549566021387,1010.9141
1549566021424,1010.9141
1549566021464,1010.9141
1549566021505,1010.9817
1549566021544,1010.9817
1549566021581,1010.9817
1549566021618,1010.9817
1549566021656,1010.9594
1549566021696,1010.9594
1549566021732,1010.9594
1549566021772,1010.9594
1549566021814,1010.9501
1549566021849,1010.9501
1549566021888,1010.9501
1549566021925,1010.9501
1549566021964,1010.91846
1549566022003,1010.91846
1549566022042,1010.91846
1549566022078,1010.91846
1549566022116,1010.8859
1549566022158,1010.8859
1549566022194,1010.8859
1549566022234,1010.8859
1549566022273,1010.89905
1549566022310,1010.89905
1549566022350,1010.89905
1549566022387,1010.89905
1549566022426,1010.9036
1549566022466,1010.9036
1549566022506,1010.9036
1549566022541,1010.9036
1549566022581,1010.91284
1549566022618,1010.91284
1549566022657,1010.91284
1549566022698,1010.91284
1549566022734,1010.9257
1549566022772,1010.9257
1549566022809,1010.9257
1549566022848,1010.9257
1549566022886,1010.9462
1549566022927,1010.9462
1549566022966,1010.9462
1549566023002,1010.9462
1549566023040,1010.9511
1549566023083,1010.9511
1549566023119,1010.9511
1549566023158,1010.9511
1549566023199,1010.9517
1549566023232,1010.9517
1549566023273,1010.9517
1549566023312,1010.9517
1549566023352,1010.93835
1549566023388,1010.93835
1549566023427,1010.93835
1549566023464,1010.93835
1549566023501,1010.9655
1549566023539,1010.9655
1549566023583,1010.9655
1549566023617,1010.9655
1549566023656,1010.9654
1549566023693,1010.9654
1549566023733,1010.9654
1549566023770,1010.9654
1549566023809,1010.97266
1549566023847,1010.97266
1549566023885,1010.97266
1549566023924,1010.97266
1549566023964,1010.9985
1549566024000,1010.9985
1549566024040,1010.9985
1549566024078,1010.9985
1549566024116,1010.9958
1549566024156,1010.9958
1549566024194,1010.9958
1549566024232,1010.9958
1549566024271,1011.0047
1549566024308,1011.0047
1549566024347,1011.0047
1549566024386,1011.0047
1549566024424,1011.0278
1549566024463,1011.0278
1549566024503,1011.0278
1549566024539,1011.0278
1549566024577,1011.04004
1549566024617,1011.04004
1549566024655,1011.04004
1549566024693,1011.04004
1549566024732,1011.0316
1549566024770,1011.0316
1549566024825,1011.0316
1549566024847,1011.0316
1549566024887,1011.0422
1549566024924,1011.0422
1549566024962,1011.0422
1549566025002,1011.0422
1549566025039,1011.04376
1549566025078,1011.04376
1549566025116,1011.04376
1549566025154,1011.04376
1549566025193,1011.03046
1549566025231,1011.03046
1549566025271,1011.03046
1549566025309,1011.03046
1549566025346,1011.0118
1549566025385,1011.0118
1549566025427,1011.0118
1549566025462,1011.0118
1549566025504,1011.00946
1549566025543,1011.00946
1549566025580,1011.00946
1549566025615,1011.00946
1549566025655,1011.02167
1549566025694,1011.02167
1549566025733,1011.02167
1549566025775,1011.02167
1549566025809,1011.0223
1549566025848,1011.0223
