1549566061762,1010.3783
1549566061762,1010.3783
1549566061798,1010.3783
1549566061838,1010.3783
1549566061876,1010.3763
1549566061917,1010.3763
1549566061952,1010.3763
1549566061993,1010.3763
1549566062031,1010.40216
1549566062068,1010.40216
1549566062107,1010.40216
1549566062147,1010.40216
1549566062184,1010.4337
1549566062225,1010.4337
1549566062262,1010.4337
1549566062301,1010.4337
1549566062340,1010.4403
1549566062378,1010.4403
1549566062416,1010.4403
1549566062455,1010.4403
1549566062523,1010.38947
1549566062530,1010.38947
1549566062569,1010.38947
1549566062609,1010.38947
1549566062661,1010.3867
1549566062696,1010.3867
1549566062725,1010.3867
1549566062761,1010.3867
1549566062799,1010.3956
1549566062839,1010.3956
1549566062880,1010.3956
1549566062919,1010.3956
1549566062954,1010.39215
1549566062994,1010.39215
1549566063030,1010.39215
1549566063070,1010.39215
1549566063107,1010.3784
1549566063145,1010.3784
1549566063184,1010.3784
1549566063226,1010.3784
1549566063265,1010.3664
1549566063313,1010.3664
1549566063341,1010.3664
1549566063376,1010.3664
1549566063415,1010.3513
1549566063458,1010.3513
1549566063500,1010.3513
1549566063530,1010.3513
1549566063628,1010.36505
1549566063629,1010.36505
1549566063663,1010.36505
1549566063697,1010.36505
1549566063722,1010.358
1549566063760,1010.358
1549566063798,1010.358
1549566063845,1010.358
1549566063876,1010.35016
1549566063914,1010.35016
1549566063956,1010.35016
1549566063993,1010.35016
1549566064030,1010.3514
1549566064068,1010.3514
1549566064111,1010.3514
1549566064145,1010.3514
1549566064183,1010.3336
1549566064225,1010.3336
1549566064262,1010.3336
1549566064301,1010.3336
1549566064337,1010.31195
1549566064384,1010.31195
1549566064416,1010.31195
1549566064453,1010.31195
1549566064505,1010.30316
1549566064530,1010.30316
1549566064570,1010.30316
1549566064611,1010.30316
1549566064646,1010.3121
1549566064686,1010.3121
1549566064722,1010.3121
1549566064765,1010.3121
1549566064800,1010.3175
1549566064839,1010.3175
1549566064882,1010.3175
1549566064940,1010.3175
1549566064953,1010.3204
1549566064995,1010.3204
1549566065031,1010.3204
1549566065066,1010.3204
1549566065105,1010.3136
1549566065146,1010.3136
1549566065183,1010.3136
1549566065222,1010.3136
1549566065260,1010.31744
1549566065300,1010.31744
1549566065338,1010.31744
1549566065378,1010.31744
1549566065426,1010.3236
1549566065454,1010.3236
1549566065497,1010.3236
1549566065529,1010.3236
1549566065570,1010.30914
1549566065641,1010.30914
1549566065680,1010.30914
1549566065739,1010.30914
1549566065740,1010.293
1549566065764,1010.293
1549566065799,1010.293
1549566065836,1010.293
1549566065875,1010.2766
1549566065919,1010.2766
1549566065952,1010.2766
1549566065991,1010.2766
1549566066044,1010.2798
1549566066070,1010.2798
1549566066107,1010.2798
1549566066148,1010.2798
1549566066184,1010.2936
1549566066221,1010.2936
1549566066259,1010.2936
1549566066298,1010.2936
1549566066338,1010.27875
1549566066380,1010.27875
1549566066415,1010.27875
1549566066455,1010.27875
1549566066501,1010.27203
1549566066530,1010.27203
1549566066567,1010.27203
1549566066607,1010.27203
1549566066671,1010.26917
1549566066693,1010.26917
1549566066722,1010.26917
1549566066761,1010.26917
1549566066801,1010.271
1549566066838,1010.271
1549566066876,1010.271
1549566066914,1010.271
1549566066957,1010.2665
1549566067003,1010.2665
1549566067028,1010.2665
1549566067074,1010.2665
1549566067106,1010.2487
1549566067148,1010.2487
1549566067185,1010.2487
1549566067223,1010.2487
1549566067263,1010.23926
1549566067301,1010.23926
1549566067341,1010.23926
1549566067375,1010.23926
1549566067415,1010.24207
1549566067454,1010.24207
1549566067497,1010.24207
1549566067528,1010.24207
1549566067570,1010.24756
1549566067608,1010.24756
1549566067666,1010.24756
1549566067689,1010.24756
1549566067742,1010.2381
1549566067761,1010.2381
1549566067802,1010.2381
1549566067841,1010.2381
1549566067878,1010.22754
1549566067915,1010.22754
1549566067952,1010.22754
1549566067998,1010.22754
1549566068030,1010.22534
1549566068067,1010.22534
1549566068108,1010.22534
1549566068146,1010.22534
1549566068186,1010.2072
1549566068224,1010.2072
1549566068263,1010.2072
1549566068301,1010.2072
1549566068338,1010.18945
1549566068376,1010.18945
1549566068418,1010.18945
1549566068454,1010.18945
1549566068504,1010.1806
1549566068531,1010.1806
1549566068568,1010.1806
1549566068607,1010.1806
1549566068649,1010.1767
1549566068691,1010.1767
1549566068727,1010.1767
1549566068761,1010.1767
1549566068801,1010.16455
1549566068840,1010.16455
1549566068876,1010.16455
1549566068915,1010.16455
1549566068952,1010.15936
1549566068995,1010.15936
1549566069030,1010.15936
1549566069069,1010.15936
1549566069107,1010.1538
1549566069145,1010.1538
1549566069183,1010.1538
1549566069224,1010.1538
1549566069264,1010.1506
1549566069306,1010.1506
1549566069339,1010.1506
1549566069375,1010.1506
1549566069420,1010.15094
1549566069453,1010.15094
1549566069495,1010.15094
1549566069531,1010.15094
1549566069567,1010.1398
1549566069607,1010.1398
1549566069644,1010.1398
1549566069685,1010.1398
1549566069721,1010.1348
1549566069761,1010.1348
1549566069801,1010.1348
1549566069836,1010.1348
1549566069875,1010.1292
1549566069920,1010.1292
1549566069952,1010.1292
1549566069997,1010.1292
1549566070030,1010.1292
1549566070078,1010.13525
1549566070113,1010.13525
1549566070145,1010.13525
1549566070184,1010.13525
1549566070220,1010.1353
1549566070258,1010.1353
1549566070299,1010.1353
1549566070338,1010.1353
1549566070376,1010.1353
1549566070416,1010.1353
1549566070452,1010.1353
1549566070492,1010.1353
1549566070529,1010.1337
1549566070568,1010.1337
1549566070607,1010.1337
1549566070644,1010.1337
1549566070684,1010.1188
1549566070728,1010.1188
1549566070759,1010.1188
1549566070800,1010.1188
1549566070836,1010.1072
1549566070877,1010.1072
1549566070914,1010.1072
1549566070954,1010.1072
1549566070991,1010.0998
1549566071028,1010.0998
1549566071068,1010.0998
1549566071110,1010.0998
1549566071148,1010.1015
1549566071186,1010.1015
1549566071225,1010.1015
1549566071261,1010.1015
1549566071299,1010.0932
1549566071336,1010.0932
1549566071377,1010.0932
1549566071415,1010.0932
1549566071453,1010.0905
1549566071492,1010.0905
1549566071532,1010.0905
1549566071566,1010.0905
1549566071605,1010.10046
1549566071645,1010.10046
1549566071684,1010.10046
1549566071723,1010.10046
1549566071760,1010.0938
1549566071799,1010.0938
1549566071837,1010.0938
1549566071876,1010.0938
1549566071912,1010.07947
1549566071954,1010.07947
1549566071990,1010.07947
1549566072028,1010.07947
1549566072067,1010.0678
1549566072107,1010.0678
1549566072145,1010.0678
1549566072184,1010.0678
1549566072221,1010.06903
1549566072260,1010.06903
1549566072299,1010.06903
1549566072336,1010.06903
1549566072375,1010.07404
1549566072416,1010.07404
1549566072465,1010.07404
1549566072492,1010.07404
1549566072532,1010.05963
1549566072568,1010.05963
1549566072606,1010.05963
1549566072649,1010.05963
1549566072682,1010.06525
1549566072723,1010.06525
1549566072758,1010.06525
1549566072800,1010.06525
1549566072836,1010.0682
1549566072879,1010.0682
1549566072913,1010.0682
1549566072953,1010.0682
1549566072989,1010.0548
1549566073037,1010.0548
1549566073068,1010.0548
1549566073106,1010.0548
1549566073145,1010.0398
1549566073183,1010.0398
1549566073223,1010.0398
1549566073260,1010.0398
1549566073298,1010.03436
1549566073337,1010.03436
1549566073376,1010.03436
1549566073413,1010.03436
1549566073452,1010.07587
1549566073489,1010.07587
1549566073536,1010.07587
1549566073568,1010.07587
1549566073607,1010.0605
1549566073644,1010.0605
1549566073683,1010.0605
1549566073722,1010.0605
1549566073760,1010.04443
1549566073798,1010.04443
1549566073839,1010.04443
1549566073882,1010.04443
1549566073914,1010.045
1549566073950,1010.045
1549566073990,1010.045
1549566074043,1010.045
1549566074068,1010.0549
1549566074107,1010.0549
1549566074144,1010.0549
1549566074183,1010.0549
1549566074220,1010.04285
1549566074262,1010.04285
1549566074296,1010.04285
1549566074336,1010.04285
1549566074375,1010.0152
1549566074416,1010.0152
1549566074452,1010.0152
1549566074493,1010.0152
1549566074534,1010.00574
1549566074572,1010.00574
1549566074605,1010.00574
1549566074649,1010.00574
1549566074683,1010.004
1549566074722,1010.004
1549566074760,1010.004
1549566074797,1010.004
1549566074837,1009.9979
1549566074876,1009.9979
1549566074914,1009.9979
1549566074954,1009.9979
1549566074990,1009.9962
1549566075028,1009.9962
1549566075068,1009.9962
1549566075111,1009.9962
1549566075143,1009.9881
1549566075181,1009.9881
1549566075221,1009.9881
1549566075262,1009.9881
1549566075299,1009.98865
1549566075337,1009.98865
1549566075374,1009.98865
1549566075412,1009.98865
1549566075450,1009.99854
1549566075488,1009.99854
1549566075533,1009.99854
1549566075568,1009.99854
1549566075606,1009.9842
1549566075643,1009.9842
1549566075685,1009.9842
1549566075722,1009.9842
1549566075762,1009.9781
1549566075798,1009.9781
1549566075835,1009.9781
1549566075877,1009.9781
1549566075912,1009.9803
1549566075953,1009.9803
1549566075990,1009.9803
1549566076053,1009.9803
1549566076065,1009.9842
1549566076105,1009.9842
1549566076145,1009.9842
1549566076182,1009.9842
1549566076219,1009.993
1549566076257,1009.993
1549566076301,1009.993
1549566076336,1009.993
1549566076374,1009.9886
1549566076413,1009.9886
1549566076451,1009.9886
1549566076488,1009.9886
1549566076529,1009.9838
1549566076566,1009.9838
1549566076608,1009.9838
1549566076642,1009.9838
1549566076681,1009.9853
1549566076720,1009.9853
1549566076758,1009.9853
1549566076797,1009.9853
1549566076833,1010.0257
1549566076872,1010.0257
1549566076912,1010.0257
1549566076951,1010.0257
1549566076988,1009.9499
1549566077029,1009.9499
1549566077066,1009.9499
1549566077103,1009.9499
1549566077141,1009.9269
1549566077180,1009.9269
1549566077219,1009.9269
1549566077257,1009.9269
1549566077296,1009.9274
1549566077337,1009.9274
1549566077373,1009.9274
1549566077412,1009.9274
1549566077450,1009.93066
1549566077487,1009.93066
1549566077530,1009.93066
1549566077565,1009.93066
1549566077604,1009.9262
1549566077649,1009.9262
1549566077681,1009.9262
1549566077722,1009.9262
1549566077759,1009.9251
1549566077796,1009.9251
1549566077835,1009.9251
1549566077874,1009.9251
1549566077911,1009.93066
1549566077955,1009.93066
1549566077991,1009.93066
1549566078027,1009.93066
1549566078069,1009.9285
1549566078106,1009.9285
1549566078142,1009.9285
1549566078181,1009.9285
1549566078220,1009.9214
1549566078263,1009.9214
1549566078297,1009.9214
1549566078333,1009.9214
1549566078372,1009.9212
1549566078410,1009.9212
1549566078451,1009.9212
1549566078488,1009.9212
1549566078534,1009.92975
1549566078566,1009.92975
1549566078605,1009.92975
1549566078644,1009.92975
1549566078680,1009.92957
1549566078719,1009.92957
1549566078760,1009.92957
1549566078796,1009.92957
1549566078835,1009.93085
1549566078880,1009.93085
1549566078912,1009.93085
1549566078951,1009.93085
1549566078990,1009.92975
1549566079044,1009.92975
1549566079067,1009.92975
1549566079103,1009.92975
1549566079150,1009.93854
1549566079179,1009.93854
1549566079218,1009.93854
1549566079256,1009.93854
