1549566290320,1009.9214
1549566290320,1009.9214
1549566290359,1009.9214
1549566290398,1009.9214
1549566290436,1009.9367
1549566290478,1009.9367
1549566290512,1009.9367
1549566290551,1009.9367
1549566290593,1009.9449
1549566290627,1009.9449
1549566290666,1009.9449
1549566290705,1009.9449
1549566290746,1009.95306
1549566290781,1009.95306
1549566290820,1009.95306
1549566290861,1009.95306
1549566290898,1009.96686
1549566290937,1009.96686
1549566290981,1009.96686
1549566291012,1009.96686
1549566291054,1009.97784
1549566291093,1009.97784
1549566291129,1009.97784
1549566291167,1009.97784
1549566291206,1009.99725
1549566291246,1009.99725
1549566291300,1009.99725
1549566291327,1009.99725
1549566291360,1010.02155
1549566291400,1010.02155
1549566291437,1010.02155
1549566291475,1010.02155
1549566291517,1010.0372
1549566291551,1010.0372
1549566291590,1010.0372
1549566291631,1010.0372
1549566291667,1010.06146
1549566291711,1010.06146
1549566291742,1010.06146
1549566291787,1010.06146
1549566291821,1010.0871
1549566291860,1010.0871
1549566291897,1010.0871
1549566291940,1010.0871
1549566291976,1010.122
1549566292019,1010.122
1549566292051,1010.122
1549566292093,1010.122
1549566292148,1010.1509
1549566292173,1010.1509
1549566292208,1010.1509
1549566292242,1010.1509
1549566292286,1010.1645
1549566292321,1010.1645
1549566292358,1010.1645
1549566292396,1010.1645
1549566292437,1010.1811
1549566292473,1010.1811
1549566292513,1010.1811
1549566292555,1010.1811
1549566292590,1010.19
1549566292628,1010.19
1549566292686,1010.19
1549566292704,1010.19
1549566292743,1010.2022
1549566292784,1010.2022
1549566292821,1010.2022
1549566292862,1010.2022
1549566292898,1010.2118
1549566292938,1010.2118
1549566292976,1010.2118
1549566293012,1010.2118
1549566293052,1010.22736
1549566293095,1010.22736
1549566293131,1010.22736
1549566293166,1010.22736
1549566293207,1010.2353
1549566293249,1010.2353
1549566293282,1010.2353
1549566293321,1010.2353
1549566293359,1010.2492
1549566293397,1010.2492
1549566293436,1010.2492
1549566293475,1010.2492
1549566293515,1010.2564
1549566293554,1010.2564
1549566293590,1010.2564
1549566293635,1010.2564
1549566293666,1010.2659
1549566293705,1010.2659
1549566293744,1010.2659
1549566293812,1010.2659
1549566293821,1010.28046
1549566293859,1010.28046
1549566293902,1010.28046
1549566293938,1010.28046
1549566293975,1010.2937
1549566294015,1010.2937
1549566294062,1010.2937
1549566294094,1010.2937
1549566294184,1010.3083
1549566294185,1010.3083
1549566294207,1010.3083
1549566294261,1010.3083
1549566294281,1010.3311
1549566294319,1010.3311
1549566294358,1010.3311
1549566294399,1010.3311
1549566294435,1010.3383
1549566294473,1010.3383
1549566294513,1010.3383
1549566294551,1010.3383
1549566294590,1010.34454
1549566294633,1010.34454
1549566294665,1010.34454
1549566294704,1010.34454
1549566294746,1010.36676
1549566294786,1010.36676
1549566294819,1010.36676
1549566294858,1010.36676
1549566294897,1010.3807
1549566294937,1010.3807
1549566294974,1010.3807
1549566295018,1010.3807
1549566295056,1010.39624
1549566295089,1010.39624
1549566295129,1010.39624
1549566295168,1010.39624
1549566295204,1010.40247
1549566295252,1010.40247
1549566295281,1010.40247
1549566295320,1010.40247
1549566295358,1010.42035
1549566295397,1010.42035
1549566295435,1010.42035
1549566295480,1010.42035
1549566295513,1010.42694
1549566295550,1010.42694
1549566295590,1010.42694
1549566295628,1010.42694
1549566295668,1010.4399
1549566295705,1010.4399
1549566295744,1010.4399
1549566295789,1010.4399
1549566295819,1010.4481
1549566295858,1010.4481
1549566295899,1010.4481
1549566295936,1010.4481
1549566295975,1010.4594
1549566296016,1010.4594
1549566296055,1010.4594
1549566296089,1010.4594
1549566296132,1010.46436
1549566296224,1010.46436
1549566296225,1010.46436
1549566296276,1010.46436
1549566296344,1010.4766
1549566296344,1010.4766
1549566296358,1010.4766
1549566296395,1010.4766
1549566296436,1010.4882
1549566296473,1010.4882
1549566296514,1010.4882
1549566296551,1010.4882
1549566296589,1010.4999
1549566296630,1010.4999
1549566296665,1010.4999
1549566296704,1010.4999
1549566296746,1010.50714
1549566296781,1010.50714
1549566296825,1010.50714
1549566296858,1010.50714
1549566296896,1010.5214
1549566296934,1010.5214
1549566296974,1010.5214
1549566297012,1010.5214
1549566297050,1010.53973
1549566297088,1010.53973
1549566297126,1010.53973
1549566297165,1010.53973
1549566297202,1010.53973
1549566297242,1010.55304
1549566297280,1010.55304
1549566297318,1010.55304
1549566297358,1010.55304
1549566297396,1010.56305
1549566297442,1010.56305
1549566297473,1010.56305
1549566297511,1010.56305
1549566297548,1010.573
1549566297587,1010.573
1549566297628,1010.573
1549566297664,1010.573
1549566297705,1010.5854
1549566297742,1010.5854
1549566297783,1010.5854
1549566297820,1010.5854
1549566297862,1010.5914
1549566297898,1010.5914
1549566297934,1010.5914
1549566297974,1010.5914
1549566298014,1010.5964
1549566298052,1010.5964
1549566298088,1010.5964
1549566298128,1010.5964
1549566298166,1010.6147
1549566298230,1010.6147
1549566298244,1010.6147
1549566298280,1010.6147
1549566298318,1010.6291
1549566298365,1010.6291
1549566298399,1010.6291
1549566298449,1010.6291
1549566298472,1010.6367
1549566298513,1010.6367
1549566298550,1010.6367
1549566298587,1010.6367
1549566298627,1010.65344
1549566298665,1010.65344
1549566298703,1010.65344
1549566298741,1010.65344
1549566298786,1010.6622
1549566298820,1010.6622
1549566298861,1010.6622
1549566298895,1010.6622
1549566298935,1010.6855
1549566298973,1010.6855
1549566299012,1010.6855
1549566299051,1010.6855
1549566299089,1010.70386
1549566299131,1010.70386
1549566299164,1010.70386
1549566299204,1010.70386
1549566299243,1010.71326
1549566299281,1010.71326
1549566299319,1010.71326
1549566299358,1010.71326
1549566299396,1010.7276
1549566299436,1010.7276
1549566299473,1010.7276
1549566299511,1010.7276
1549566299550,1010.74426
1549566299588,1010.74426
1549566299629,1010.74426
1549566299672,1010.74426
1549566299702,1010.7573
1549566299742,1010.7573
1549566299781,1010.7573
1549566299822,1010.7573
1549566299861,1010.7684
1549566299896,1010.7684
1549566299937,1010.7684
1549566299975,1010.7684
1549566300018,1010.7861
1549566300052,1010.7861
1549566300093,1010.7861
1549566300126,1010.7861
1549566300169,1010.7988
1549566300202,1010.7988
1549566300242,1010.7988
1549566300282,1010.7988
1549566300319,1010.8116
1549566300358,1010.8116
1549566300395,1010.8116
1549566300434,1010.8116
1549566300478,1010.811
1549566300511,1010.811
1549566300549,1010.811
1549566300588,1010.811
1549566300627,1010.81976
1549566300665,1010.81976
1549566300703,1010.81976
1549566300744,1010.81976
1549566300781,1010.83813
1549566300818,1010.83813
1549566300857,1010.83813
1549566300903,1010.83813
1549566300934,1010.8552
1549566300974,1010.8552
1549566301010,1010.8552
1549566301049,1010.8552
1549566301089,1010.8646
1549566301126,1010.8646
1549566301167,1010.8646
1549566301203,1010.8646
1549566301244,1010.87067
1549566301280,1010.87067
1549566301318,1010.87067
1549566301358,1010.87067
1549566301402,1010.8894
1549566301433,1010.8894
1549566301475,1010.8894
1549566301512,1010.8894
1549566301553,1010.8955
1549566301588,1010.8955
1549566301626,1010.8955
1549566301665,1010.8955
1549566301703,1010.8949
1549566301742,1010.8949
1549566301780,1010.8949
1549566301822,1010.8949
1549566301861,1010.8943
1549566301895,1010.8943
1549566301934,1010.8943
1549566301973,1010.8943
1549566302013,1010.892
1549566302049,1010.892
1549566302088,1010.892
1549566302127,1010.892
1549566302165,1010.8875
1549566302204,1010.8875
1549566302242,1010.8875
1549566302281,1010.8875
1549566302317,1010.89294
1549566302362,1010.89294
1549566302399,1010.89294
1549566302433,1010.89294
1549566302474,1010.89734
1549566302510,1010.89734
1549566302552,1010.89734
1549566302588,1010.89734
1549566302627,1010.9084
1549566302666,1010.9084
1549566302703,1010.9084
1549566302742,1010.9084
1549566302782,1010.9061
1549566302818,1010.9061
1549566302857,1010.9061
1549566302899,1010.9061
1549566302934,1010.91156
1549566302974,1010.91156
1549566303012,1010.91156
1549566303049,1010.91156
1549566303097,1010.9066
1549566303132,1010.9066
1549566303165,1010.9066
1549566303202,1010.9066
1549566303242,1010.916
1549566303282,1010.916
1549566303319,1010.916
1549566303357,1010.916
1549566303395,1010.9204
1549566303434,1010.9204
1549566303472,1010.9204
1549566303511,1010.9204
1549566303548,1010.92255
1549566303587,1010.92255
1549566303628,1010.92255
1549566303663,1010.92255
1549566303702,1010.9286
1549566303740,1010.9286
1549566303779,1010.9286
1549566303816,1010.9286
1549566303863,1010.92896
1549566303897,1010.92896
1549566303933,1010.92896
1549566303971,1010.92896
1549566304012,1010.93005
1549566304051,1010.93005
1549566304087,1010.93005
1549566304127,1010.93005
1549566304165,1010.9278
1549566304202,1010.9278
1549566304241,1010.9278
1549566304281,1010.9278
1549566304321,1010.92487
1549566304357,1010.92487
1549566304406,1010.92487
1549566304434,1010.92487
1549566304471,1010.9326
1549566304510,1010.9326
1549566304548,1010.9326
1549566304587,1010.9326
1549566304627,1010.93274
1549566304667,1010.93274
1549566304705,1010.93274
1549566304741,1010.93274
1549566304778,1010.9321
1549566304819,1010.9321
1549566304856,1010.9321
1549566304894,1010.9321
1549566304934,1010.9368
1549566304972,1010.9368
1549566305010,1010.9368
1549566305048,1010.9368
1549566305090,1010.9329
1549566305127,1010.9329
1549566305166,1010.9329
1549566305203,1010.9329
1549566305243,1010.9373
1549566305279,1010.9373
1549566305324,1010.9373
1549566305357,1010.9373
1549566305397,1010.9384
1549566305431,1010.9384
1549566305473,1010.9384
1549566305510,1010.9384
1549566305549,1010.9378
1549566305586,1010.9378
1549566305628,1010.9378
1549566305669,1010.9378
1549566305702,1010.94055
1549566305741,1010.94055
1549566305787,1010.94055
1549566305818,1010.94055
1549566305856,1010.93994
1549566305896,1010.93994
1549566305933,1010.93994
1549566305971,1010.93994
1549566306012,1010.93604
1549566306050,1010.93604
1549566306087,1010.93604
1549566306128,1010.93604
1549566306164,1010.9354
1549566306207,1010.9354
1549566306240,1010.9354
1549566306281,1010.9354
1549566306318,1010.9315
1549566306358,1010.9315
1549566306397,1010.9315
1549566306432,1010.9315
1549566306470,1010.9442
1549566306510,1010.9442
