1518029678075,-1.8759766,6.5443726,6.90329
1518029678081,-1.976471,6.599411,7.0372925
1518029678084,-2.0721893,6.6185455,7.125824
1518029678084,-2.1678925,6.5970154,7.2215424
1518029678084,-2.2348938,6.599411,7.338791
1518029678086,-2.2994995,6.5778656,7.4680023
1518029678086,-2.3401794,6.570694,7.520645
1518029678086,-2.3784637,6.570694,7.759918
1518029678089,-2.4143524,6.55394,7.9489594
1518029678091,-2.411972,6.5395813,8.109283
1518029678094,-2.4526367,6.5036926,8.262421
1518029678096,-2.4789581,6.4630127,8.427521
1518029678098,-2.5172424,6.41037,8.563919
1518029678101,-2.5220337,6.3433685,8.740982
1518029678103,-2.5172424,6.2644043,8.906082
1518029678106,-2.4885406,6.20459,9.080765
1518029678110,-2.445465,6.1447754,9.241089
1518029678111,-2.395218,6.0562286,9.360718
1518029678114,-2.3688965,5.996414,9.456436
1518029678119,-2.3521423,5.9653015,9.530609
1518029678119,-2.3473663,5.924637,9.583252
1518029678121,-2.3665009,5.893524,9.619141
1518029678124,-2.388031,5.9102783,9.633499
1518029678126,-2.4095764,5.9126587,9.595215
1518029678129,-2.4478607,5.9126587,9.525833
1518029678134,-2.4430695,5.950943,9.444473
1518029678136,-2.4669952,5.9772644,9.327225
1518029678137,-2.4741821,6.032303,9.205185
1518029678138,-2.5005035,6.0634155,9.059235
1518029678142,-2.5028992,6.106491,8.874985
1518029678144,-2.514862,6.139984,8.681168
1518029678149,-2.5076752,6.2069855,8.475372
1518029678150,-2.5076752,6.254837,8.286346
1518029678152,-2.4957123,6.2859497,8.090134
1518029678155,-2.490921,6.340973,7.8723907
1518029678159,-2.490921,6.364914,7.6785736
1518029678159,-2.486145,6.3792725,7.5014954
1518029678161,-2.4765778,6.3936157,7.331604
1518029678163,-2.4933167,6.41037,7.171295
1518029678166,-2.490921,6.4008026,7.0085754
1518029678169,-2.498108,6.3601227,6.8721924
1518029678171,-2.514862,6.32901,6.75972
1518029678174,-2.5220337,6.278763,6.6400757
1518029678176,-2.531601,6.22612,6.5611267
1518029678178,-2.5627136,6.173477,6.508484
1518029678182,-2.5986023,6.099304,6.47258
1518029678184,-2.6368866,6.0538483,6.4989014
1518029678188,-2.6895294,5.967697,6.5946198
1518029678190,-2.7278137,5.883957,6.7453613
1518029678191,-2.725418,5.8002014,6.948761
1518029678194,-2.7086792,5.723633,7.171295
1518029678196,-2.675171,5.63031,7.367508
1518029678202,-2.6249237,5.515457,7.525421
1518029678205,-2.572281,5.4053802,7.6378937
1518029678205,-2.531601,5.28096,7.802994
1518029678207,-2.498108,5.1637115,7.963318
1518029678210,-2.4885406,5.0321045,8.137985
1518029678211,-2.4957123,4.9411774,8.295914
1518029678215,-2.5052795,4.8358917,8.437088
1518029678221,-2.5028992,4.7449646,8.530411
1518029678222,-2.498108,4.68515,8.626129
1518029678223,-2.5292206,4.6420746,8.700302
1518029678224,-2.5746765,4.610962,8.764908
1518029678227,-2.6153564,4.610962,8.774475
1518029678230,-2.634491,4.606186,8.750549
1518029678231,-2.6249237,4.6085815,8.683548
1518029678235,-2.6273193,4.64447,8.611771
1518029678237,-2.5411835,4.610962,8.446671
1518029678241,-2.325821,4.5607147,8.094925
1518029678241,-2.3377838,4.6660004,8.008774
1518029678244,-2.395218,4.6636047,7.9369965
1518029678246,-2.411972,4.6301117,7.771881
1518029678254,-2.4143524,4.6612244,7.585251
1518029678255,-2.4789581,4.76651,7.479965
1518029678255,-2.600998,4.857437,7.434494
1518029678258,-2.5459595,4.8071747,7.240677
1518029678260,-2.6249237,4.9483643,7.147354
1518029678262,-2.663208,4.9914246,7.0157623
1518029678263,-2.732605,5.07518,6.948761
1518029678268,-2.7445679,5.0847473,6.855438
1518029678270,-2.7924194,5.166107,6.7812653
1518029678271,-2.8881378,5.2163544,6.7333984
1518029678275,-2.9431763,5.206787,6.6879425
1518029678276,-3.012558,5.24028,6.6640167
1518029678278,-3.0197449,5.2211456,6.599411
1518029678282,-3.0341034,5.2378845,6.563507
1518029678285,-3.007782,5.1924286,6.5395813
1518029678287,-3.0173492,5.1589203,6.522827
1518029678289,-3.000595,5.1254272,6.4989014
1518029678291,-3.0149536,5.0608215,6.4654083
1518029678293,-3.0293121,5.0153503,6.4079742
1518029678296,-3.053238,4.955536,6.357727
1518029678299,-3.0747833,4.926819,6.3553314
1518029678302,-3.1202393,4.886139,6.34816
1518029678303,-3.144165,4.8478546,6.3625183
1518029678306,-3.1752777,4.823929,6.386444
1518029678308,-3.2039948,4.821533,6.3960114
1518029678311,-3.2183533,4.821533,6.422333
1518029678313,-3.2494507,4.821533,6.479767
1518029678318,-3.2925262,4.823929,6.5611267
1518029678319,-3.2614136,4.7976074,6.714264
1518029678321,-3.1250305,4.7736816,6.8889313
1518029678323,-2.9694977,4.7019043,7.056427
1518029678326,-3.0747833,4.689926,7.2550354
1518029678328,-3.3188477,4.718643,7.441681
1518029678331,-3.534195,4.778473,7.5637054
1518029678334,-3.6442719,4.82872,7.6450653
1518029678336,-3.672989,4.857437,7.755142
1518029678338,-3.6442719,4.8789673,7.893921
1518029678341,-3.625122,4.8837585,8.051849
1518029678343,-3.5868378,4.8789673,8.207382
1518029678346,-3.5533447,4.8717804,8.336594
1518029678351,-3.529419,4.874176,8.487335
1518029678352,-3.4983063,4.8382874,8.616562
1518029678353,-3.4624176,4.8047943,8.731415
1518029678356,-3.419342,4.778473,8.8367
1518029678359,-3.3547363,4.7688904,8.941986
1518029678362,-3.287735,4.7569275,9.037689
1518029678364,-3.2733765,4.74736,9.104691
1518029678368,-3.2159576,4.7521515,9.176468
1518029678370,-3.1824493,4.754532,9.250656
1518029678370,-3.144165,4.7808533,9.305695
1518029678373,-3.115448,4.76651,9.358322
1518029678376,-3.069992,4.792816,9.410965
1518029678378,-3.012558,4.7976074,9.434906
1518029678381,-2.950348,4.8071747,9.43251
1518029678384,-2.8570251,4.7976074,9.43251
1518029678387,-2.773285,4.8071747,9.389435
1518029678389,-2.6895294,4.800003,9.3511505
1518029678391,-2.5794678,4.78804,9.281754
1518029678394,-2.4646149,4.76651,9.207581
1518029678396,-2.3234253,4.721039,9.104691
1518029678398,-2.2085724,4.7019043,8.997009
1518029678401,-2.0913239,4.6636047,8.884552
1518029678404,-1.9932251,4.615753,8.769699
1518029678406,-1.902298,4.598999,8.609375
1518029678408,-1.8281097,4.5583344,8.492126
1518029678414,-1.7467651,4.5176544,8.360519
1518029678414,-1.6988983,4.4985046,8.257629
1518029678416,-1.6390839,4.47937,8.149948
1518029678423,-1.5553284,4.4650116,8.037491
1518029678423,-1.5098724,4.4530487,7.903488
1518029678423,-1.4452667,4.4530487,7.7838593
1518029678426,-1.3926239,4.467407,7.6953125
1518029678428,-1.3471527,4.4817505,7.6115723
1518029678430,-1.2945099,4.4817505,7.5397797
1518029678437,-1.2442627,4.4889374,7.475174
1518029678438,-1.2107697,4.503296,7.384247
1518029678438,-1.1724854,4.503296,7.331604
1518029678441,-1.1246338,4.474579,7.274185
1518029678444,-1.0935211,4.467407,7.235901
1518029678446,-1.0624084,4.443466,7.216751
1518029678450,-1.0145569,4.3908234,7.1928253
1518029678454,-0.9906311,4.359726,7.178467
1518029678455,-0.94755554,4.2807617,7.137787
1518029678456,-0.89730835,4.197006,7.0899353
1518029678459,-0.8518524,4.0989075,7.044464
1518029678462,-0.8183441,4.0175476,6.924835
1518029678464,-0.72262573,3.952942,7.030121
1518029678466,-0.61735535,3.900299,7.195221
1518029678472,-0.59580994,3.900299,7.343567
1518029678474,-0.61735535,3.8907318,7.503891
1518029678476,-0.65563965,3.8883362,7.709671
1518029678476,-0.72024536,3.8883362,7.9585266
1518029678479,-0.7657013,3.8883362,8.202591
1518029678480,-0.8159485,3.9026947,8.413162
1518029678484,-0.84706116,3.9098663,8.561523
1518029678489,-0.92362976,3.9314117,8.659622
1518029678489,-1.0001984,3.9194489,8.709869
1518029678492,-1.071991,3.929016,8.731415
1518029678493,-1.1246338,3.9242249,8.724228
1518029678496,-1.1294098,3.9266205,8.726624
1518029678499,-1.146164,3.8979034,8.731415
1518029678502,-1.1270142,3.866806,8.745773
1518029678505,-1.0911255,3.8572235,8.772095
1518029678508,-1.0408783,3.8285217,8.791229
1518029678509,-0.98106384,3.7926178,8.7960205
1518029678511,-0.91166687,3.7471619,8.788834
1518029678514,-0.87098694,3.7160492,8.781662
1518029678516,-0.83270264,3.6849518,8.776871
1518029678520,-0.80877686,3.6394806,8.750549
1518029678524,-0.80158997,3.603592,8.721832
1518029678524,-0.8039856,3.5868378,8.652451
1518029678526,-0.78723145,3.5461578,8.571091
1518029678530,-0.7848511,3.522232,8.456238
1518029678531,-0.8039856,3.5126648,8.346161
1518029678535,-0.87098694,3.5102692,8.216949
1518029678540,-0.9571228,3.517456,8.092529
1518029678541,-1.0911255,3.517456,7.972885
1518029678542,-1.1964111,3.5246277,7.831711
1518029678543,-1.3351898,3.5413818,7.7192535
1518029678546,-1.4572296,3.5605164,7.5924225
1518029678548,-1.5673065,3.5844421,7.4847565
1518029678551,-1.655838,3.6155548,7.348358
1518029678556,-1.7324066,3.6347046,7.216751
1518029678562,-1.8185425,3.6586304,7.0875397
1518029678563,-1.8999023,3.6634064,6.970291
1518029678564,-1.9716797,3.6825562,6.8410797
1518029678575,-2.0075836,3.6969147,6.723831
1518029678576,-2.0410767,3.7112732,6.587448
1518029678577,-2.0650024,3.7184448,6.477371
1518029678578,-2.096115,3.706482,6.3792725
1518029678579,-2.1032867,3.7016907,6.283554
1518029678591,-2.096115,3.6897278,6.2237244
1518029678592,-2.1104736,3.6921234,6.1591187
1518029678592,-2.1104736,3.672989,6.1327972
1518029678593,-2.1056824,3.665802,6.1136627
1518029678593,-2.1056824,3.665802,6.12323
1518029678594,-2.0650024,3.6586304,6.1375885
1518029678594,-2.0195465,3.6514435,6.168701
1518029678595,-1.9525452,3.653839,6.20459
1518029678596,-1.9549408,3.6586304,6.2572327
1518029678599,-1.9716797,3.6825562,6.324234
1518029678603,-1.9788666,3.7136536,6.3672943
1518029678607,-1.9692993,3.739975,6.417557
1518029678607,-1.9262238,3.768692,6.508484
1518029678609,-1.8520508,3.7830505,6.61615
1518029678610,-1.804184,3.809372,6.714264
1518029678613,-1.7467651,3.8165588,6.8315125
1518029678615,-1.6749725,3.8452606,6.9631195
1518029678619,-1.5984039,3.8548431,7.1066895
1518029678619,-1.5266266,3.8572235,7.25264
1518029678623,-1.454834,3.8739777,7.405792
1518029678626,-1.3710938,3.878769,7.5373993
1518029678628,-1.282547,3.883545,7.659424
1518029678630,-1.1700897,3.8811646,7.7647095
1518029678633,-1.0576324,3.8907318,7.8771667
1518029678635,-0.9667053,3.8883362,7.980057
1518029678638,-0.8542328,3.8811646,8.116455
1518029678643,-0.75852966,3.8859406,8.250458
1518029678646,-0.6628113,3.8883362,8.398804
1518029678647,-0.54556274,3.8931274,8.573486
1518029678647,-0.44506836,3.8955078,8.729019
1518029678651,-0.31825256,3.907486,8.846268
1518029678654,-0.2033844,3.9266205,8.961121
1518029678657,-0.100494385,3.9194489,9.064011
1518029678659,-0.011962891,3.9218292,9.147766
1518029678661,0.052642822,3.9433746,9.207581
1518029678663,0.110076904,3.952942,9.265015
1518029678666,0.18664551,3.9433746,9.310471
1518029678669,0.24645996,3.9577332,9.3511505
1518029678671,0.29910278,3.952942,9.396622
1518029678673,0.36131287,3.9385834,9.454041
1518029678675,0.4019928,3.9361877,9.468399
1518029678678,0.42352295,3.929016,9.477966
1518029678681,0.43788147,3.9218292,9.492325
1518029678683,0.42591858,3.9026947,9.489929
1518029678685,0.41874695,3.8955078,9.463608
1518029678688,0.41156006,3.871582,9.434906
1518029678692,0.3900299,3.8548431,9.408585
1518029678692,0.3637085,3.8332977,9.389435
1518029678695,0.3134613,3.8045807,9.353546
1518029678698,0.28234863,3.7998047,9.322433
1518029678700,0.2416687,3.780655,9.28894
1518029678703,0.20100403,3.763916,9.250656
1518029678706,0.14117432,3.7519531,9.22673
1518029678708,0.090927124,3.735199,9.183655
1518029678711,0.050247192,3.728012,9.142975
1518029678713,0.035888672,3.7184448,9.097519
1518029678716,0.011962891,3.7040863,9.030518
1518029678720,-0.007171631,3.6921234,9.016159
1518029678721,-0.050247192,3.665802,8.963516
1518029678725,-0.06939697,3.6418762,8.906082
1518029678726,-0.06939697,3.6394806,8.848663
1518029678729,-0.086135864,3.6347046,8.779266
1518029678733,-0.095718384,3.6155548,8.712265
1518029678737,-0.117248535,3.5988007,8.626129
1518029678737,-0.14596558,3.5844421,8.551941
1518029678740,-0.15792847,3.5844421,8.477768
1518029678743,-0.1603241,3.5700989,8.367706
1518029678743,-0.17228699,3.5605164,8.264816
1518029678746,-0.18185425,3.5700989,8.135605
1518029678749,-0.1986084,3.5700989,8.006378
1518029678755,-0.20578003,3.5796661,7.8771667
1518029678756,-0.22970581,3.5700989,7.7479553
1518029678756,-0.25125122,3.5748749,7.630707
1518029678762,-0.27757263,3.5700989,7.5302124
1518029678762,-0.29910278,3.591629,7.4081726
1518029678763,-0.30867004,3.6179504,7.3244324
1518029678765,-0.30389404,3.632309,7.2311096
1518029678768,-0.32781982,3.661026,7.147354
1518029678771,-0.35653687,3.6897278,7.0588226
1518029678773,-0.38285828,3.7375946,6.9870453
1518029678775,-0.39959717,3.7782745,6.9391785
1518029678779,-0.4283142,3.830902,6.8697968
1518029678783,-0.44506836,3.8859406,6.8027954
1518029678784,-0.44267273,3.9338074,6.752548
1518029678786,-0.46420288,3.9720917,6.7501526
1518029678788,-0.4665985,4.027115,6.7501526
1518029678792,-0.45224,4.067795,6.754944
1518029678797,-0.4283142,4.125229,6.7716827
1518029678797,-0.43310547,4.2017975,6.795624
1518029678800,-0.40438843,4.2520447,6.857834
1518029678803,-0.3637085,4.302292,6.898514
1518029678804,-0.33259583,4.371689,6.9463654
1518029678807,-0.30867004,4.4267273,6.989441
1518029678808,-0.26560974,4.474579,7.030121
1518029678811,-0.23449707,4.546356,7.063614
1518029678814,-0.22732544,4.587036,7.0875397
1518029678815,-0.19142151,4.6253204,7.113861
1518029678818,-0.17706299,4.646866,7.154541
1518029678822,-0.15792847,4.6612244,7.1497498
1518029678825,-0.12921143,4.6995087,7.1593323
1518029678826,-0.13160706,4.7234344,7.171295
1518029678830,-0.124420166,4.7282104,7.1688995
1518029678831,-0.112457275,4.7234344,7.1856537
1518029678833,-0.102890015,4.718643,7.1976166
1518029678842,-0.124420166,4.7282104,7.171295
1518029678844,-0.114852905,4.7162476,7.154541
1518029678845,-0.117248535,4.7401886,7.1449738
1518029678846,-0.15074158,4.737793,7.113861
1518029678855,-0.16989136,4.754532,7.0947266
1518029678856,-0.19621277,4.771286,7.068405
1518029678857,-0.22253418,4.7856445,7.0253296
1518029678859,-0.2536316,4.811966,6.9966125
1518029678860,-0.27278137,4.8478546,6.9655
1518029678861,-0.3062744,4.864609,6.9391785
1518029678862,-0.33021545,4.8957214,6.9104767
1518029678863,-0.3397827,4.9340057,6.886551
1518029678870,-0.38046265,4.9579315,6.8817596
1518029678871,-0.4139557,4.967499,6.9224396
1518029678874,-0.42591858,5.01297,6.960724
1518029678875,-0.45224,5.0416718,6.999008
1518029678875,-0.44267273,5.07518,7.0372925
1518029678883,-0.4402771,5.1134644,7.0779724
1518029678883,-0.4665985,5.13739,7.1186523
1518029678884,-0.48095703,5.168503,7.171295
1518029678887,-0.4785614,5.194824,7.188034
1518029678887,-0.4905243,5.206787,7.211975
1518029678890,-0.5048828,5.235489,7.2191467
1518029678893,-0.5144501,5.2546387,7.2143555
1518029678896,-0.50727844,5.268997,7.2335052
1518029678897,-0.49291992,5.2905273,7.2430725
1518029678900,-0.5001068,5.304886,7.2622223
1518029678903,-0.49531555,5.30011,7.2837524
1518029678906,-0.4905243,5.314453,7.302902
1518029678906,-0.53359985,5.333603,7.3244324
1518029678911,-0.54556274,5.3240356,7.338791
1518029678914,-0.6029968,5.338394,7.326828
1518029678914,-0.64845276,5.3647156,7.3339996
1518029678918,-0.6915283,5.3862457,7.338791
1518029678919,-0.76330566,5.4053802,7.3459625
1518029678922,-0.8374939,5.412567,7.343567
1518029678925,-0.92123413,5.4340973,7.350754
1518029678927,-0.9882355,5.4556427,7.367508
1518029678930,-1.0648041,5.469986,7.379471
1518029678932,-1.1222382,5.469986,7.379471
1518029678935,-1.1485596,5.469986,7.401001
1518029678937,-1.208374,5.48674,7.401001
1518029678946,-1.2418823,5.493927,7.417755
1518029678947,-1.2849426,5.4915314,7.4201508
1518029678947,-1.3088684,5.4891357,7.453644
1518029678948,-1.3375854,5.4963074,7.5014954
1518029678949,-1.3543396,5.5010986,7.4990997
1518029678954,-1.3830566,5.493927,7.525421
1518029678955,-1.3926239,5.515457,7.5517426
1518029678964,-1.4021912,5.515457,7.5684967
1518029678964,-1.4309082,5.517853,7.561325
1518029678965,-1.4285126,5.517853,7.5684967
1518029678971,-1.4356995,5.481964,7.582855
1518029678974,-1.4237366,5.441284,7.6091766
1518029678974,-1.4380798,5.417343,7.623535
1518029678974,-1.409378,5.3814545,7.652252
1518029678975,-1.4021912,5.333603,7.7001038
1518029678981,-1.3926239,5.30249,7.738388
1518029678981,-1.3830566,5.276169,7.7742767
1518029678983,-1.2466583,5.25943,7.8915253
1518029678984,-0.73698425,5.21875,8.188232
1518029678989,-0.071777344,5.1756744,8.563919
1518029678991,0.48335266,5.1541443,8.949158
1518029678992,0.74894714,5.1589203,9.231506
1518029678995,0.65802,5.1924286,9.310471
1518029678997,0.22970581,5.21875,9.18605
1518029679000,-0.28474426,5.2666016,9.020935
1518029679001,-0.72262573,5.32164,8.858231
1518029679005,-1.0145569,5.3694916,8.760132
1518029679008,-1.1964111,5.4221344,8.712265
1518029679013,-1.2370911,5.453247,8.705093
1518029679013,-1.2418823,5.481964,8.678772
1518029679016,-1.2322998,5.5130615,8.650055
1518029679017,-1.179657,5.539383,8.568695
1518029679023,-1.1150513,5.580063,8.530411
1518029679023,-0.9379883,5.6279144,8.714661
1518029679026,-0.68434143,5.67099,9.025726
1518029679028,-0.4355011,5.7260284,9.236298
1518029679032,-0.31825256,5.7786713,9.32962
1518029679034,-0.29670715,5.8121643,9.231506
1518029679035,-0.38285828,5.8672028,9.001801
1518029679037,-0.53359985,5.9102783,8.719452
1518029679040,-0.77526855,5.95813,8.444275
1518029679042,-1.031311,5.9892426,8.185852
1518029679045,-1.3088684,6.0179443,7.9585266
1518029679048,-1.6199341,6.049057,7.7695007
1518029679050,-1.9262238,6.0801697,7.630707
1518029679053,-2.1631165,6.070587,7.532608
1518029679056,-2.3808594,6.0849457,7.527817
1518029679059,-2.5842438,6.1280212,7.5397797
1518029679061,-2.7086792,6.1447754,7.635498
1518029679062,-2.8163452,6.1902313,7.7072754
1518029679066,-2.8618164,6.233307,7.8221436
1518029679068,-2.8737793,6.2811584,7.932205
1518029679070,-2.868988,6.364914,8.013565
1518029679072,-2.8283234,6.4342957,8.102097
1518029679075,-2.766098,6.5371857,8.200211
1518029679077,-2.6943207,6.620941,8.269592
1518029679083,-2.6273193,6.7405853,8.334198
1518029679083,-2.5411835,6.8602295,8.377274
1518029679086,-2.4550323,6.977478,8.427521
1518029679088,-2.3473663,7.0995026,8.484955
1518029679091,-2.268402,7.195221,8.556732
1518029679095,-2.1631165,7.269394,8.626129
1518029679096,-2.0291138,7.331604,8.731415
1518029679099,-1.8496552,7.4081726,8.920441
1518029679101,-1.6319122,7.434494,9.166901
1518029679105,-1.4069824,7.4249268,9.451645
1518029679106,-1.174881,7.377075,9.726822
1518029679108,-0.94755554,7.278961,10.035492
1518029679110,-0.73698425,7.166504,10.365707
1518029679112,-0.44984436,6.9966125,10.715057
1518029679116,-0.20100403,6.8004,11.071594
1518029679118,0.023925781,6.563507,11.449661
1518029679122,0.24406433,6.3218384,11.827728
1518029679124,0.5096741,6.0586243,12.210571
1518029679124,0.8039856,5.7547455,12.622147
1518029679131,1.0265198,5.4293213,13.062424
1518029679132,1.1413727,5.1015015,13.524231
1518029679135,1.2059784,4.8358917,13.976471
1518029679135,1.2442627,4.524826,14.397614
1518029679141,1.3016968,4.2113647,14.756531
1518029679141,1.4021912,3.9050903,15.120239
1518029679150,1.5409851,3.596405,15.462418
1518029679151,1.6917267,3.2996979,15.742386
1518029679152,1.8209381,3.0197449,15.976883
1518029679152,1.907074,2.7972107,16.137192
1518029679164,1.9932251,2.5866394,16.27359
1518029679164,2.0697937,2.4215393,16.321442
1518029679165,2.1631165,2.3066864,16.285553
1518029679165,2.285141,2.2660065,16.21376
1518029679166,2.4071808,2.2492523,16.060623
1518029679166,2.4885406,2.2707825,15.885956
1518029679167,2.5962067,2.3473663,15.65863
1518029679171,2.773285,2.4693909,15.373886
1518029679172,3.0556335,2.634491,15.043671
1518029679174,3.3666992,2.8187408,14.675186
1518029679176,3.620346,3.0341034,14.292328
1518029679180,3.809372,3.3092804,13.897522
1518029679180,3.900299,3.5988007,13.509872
1518029679184,3.8692017,3.8763733,13.14856
1518029679187,3.5078735,4.072586,12.856644
1518029679189,3.172882,4.3046875,12.555145
1518029679192,2.995819,4.532013,12.277573
1518029679196,2.9072723,4.7162476,12.026321
1518029679199,2.8450623,4.9076843,11.775085
1518029679200,2.761322,5.027313,11.545364
1518029679201,2.6249237,5.168503,11.3013
1518029679205,2.4717865,5.268997,11.07637
1518029679208,2.3808594,5.3599243,10.880173
1518029679212,2.3641052,5.4101715,10.724625
1518029679213,2.371292,5.5034943,10.595413
1518029679217,2.5124664,5.5824585,10.478165
1518029679217,2.7182465,5.642273,10.322632
1518029679220,3.5820618,5.5992126,10.138397
1518029679223,4.37648,5.4556427,10.064209
1518029679226,4.4267273,5.4053802,10.224533
1518029679227,4.137192,5.4843445,10.303497
1518029679229,3.8069763,5.625519,10.157532
1518029679231,3.6179504,5.7786713,9.887146
1518029679234,3.4432678,5.93898,9.611969
1518029679237,3.3188477,6.118454,9.463608
1518029679240,3.2374878,6.300308,9.365509
1518029679243,3.2159576,6.4701996,9.276978
1518029679246,3.4049835,6.541977,9.068802
1518029679247,3.4791565,6.714264,8.906082
1518029679252,3.500702,6.7740784,8.882156
1518029679252,3.4002075,6.7788696,8.879761
1518029679255,3.247055,6.793228,8.925232
1518029679256,3.1322021,6.8123627,8.927628
1518029679260,3.007782,6.8602295,8.930008
1518029679261,2.8881378,6.929611,8.934799
1518029679265,2.7421722,7.030121,8.941986
1518029679267,2.5531464,7.133011,8.937195
1518029679269,2.3353882,7.2143555,8.934799
1518029679272,2.1104736,7.257431,8.851059
1518029679274,1.9381866,7.2382812,8.6979065
1518029679277,1.758728,7.1449738,8.484955
1518029679280,1.5481567,7.0372925,8.281555
1518029679282,1.2945099,6.924835,8.087738
1518029679284,1.0432739,6.742981,7.9465637
1518029679287,0.80877686,6.5276184,7.829315
1518029679288,0.64367676,6.312271,7.721634
1518029679292,0.5240326,6.1040955,7.6115723
1518029679294,0.47616577,5.8695984,7.525421
1518029679296,0.42591858,5.647064,7.4680023
1518029679300,0.47138977,5.42453,7.3746796
1518029679301,0.57188416,5.242676,7.269394
1518029679304,0.68434143,5.099106,7.1282196
1518029679307,0.78245544,4.9914246,6.9152527
1518029679309,0.8757782,4.914856,6.723831
1518029679312,0.94755554,4.8694,6.5324097
1518029679315,1.0121613,4.8311157,6.3505554
1518029679316,1.071991,4.8095703,6.1950226
1518029679320,1.0815582,4.811966,6.0562286
1518029679323,1.0911255,4.7976074,5.9437714
1518029679324,1.0791626,4.8071747,5.8456726
1518029679327,1.0648041,4.833496,5.77388
1518029679330,1.031311,4.8598175,5.71167
1518029679331,0.9834442,4.8550415,5.682953
1518029679336,0.9571228,4.845459,5.6351013
1518029679336,0.92362976,4.833496,5.596817
1518029679341,0.88534546,4.821533,5.5633087
1518029679343,0.87338257,4.8095703,5.544174
1518029679343,0.8901367,4.795212,5.5417786
1518029679349,0.9403839,4.7856445,5.54895
1518029679350,0.98106384,4.78804,5.5585327
1518029679352,1.0097656,4.790436,5.577667
1518029679354,1.0480499,4.7760773,5.580063
1518029679357,1.0671997,4.759323,5.5944214
1518029679360,1.0791626,4.78804,5.6111755
1518029679362,1.1030884,4.795212,5.6063843
1518029679364,1.1222382,4.8095703,5.6039886
1518029679367,1.1318054,4.8095703,5.58963
1518029679370,1.1533356,4.8143616,5.556137
1518029679374,1.1581268,4.795212,5.5010986
1518029679374,1.174881,4.754532,5.4508514
1518029679376,1.1892395,4.7353973,5.38385
1518029679382,1.208374,4.697113,5.3479614
1518029679382,1.2131653,4.6372833,5.314453
1518029679383,1.208374,4.584656,5.2546387
1518029679387,1.1892395,4.508072,5.1756744
1518029679389,1.1605225,4.433899,5.09671
1518029679391,1.1222382,4.3381805,5.0368958
1518029679394,1.0552368,4.249649,5.017746
1518029679396,0.9954071,4.165909,4.989029
1518029679400,0.9260254,4.1036835,4.965103
1518029679401,0.825531,4.051056,4.9579315
1518029679405,0.7082825,4.022339,4.9507446
1518029679407,0.6006012,3.9960175,4.989029
1518029679411,0.4785614,3.9625092,5.022537
1518029679415,0.33021545,3.9649048,5.0823517
1518029679415,0.21057129,3.9601288,5.144562
1518029679418,0.090927124,3.9553375,5.2378845
1518029679422,-0.011962891,3.9577332,5.371887
1518029679423,-0.12921143,3.969696,5.515457
1518029679424,-0.23449707,3.9840546,5.65184
1518029679427,-0.32781982,3.9960175,5.8097687
1518029679430,-0.4283142,4.003189,5.9772644
1518029679431,-0.49771118,4.0007935,6.147156
1518029679434,-0.5934143,4.0055847,6.3338013
1518029679437,-0.68434143,4.031906,6.522827
1518029679439,-0.73220825,4.0295105,6.7381897
1518029679443,-0.7896271,4.043869,6.9870453
1518029679444,-0.83509827,4.0534363,7.2502594
1518029679447,-0.87098694,4.067795,7.5373993
1518029679453,-0.9188385,4.072586,7.841278
1518029679453,-0.9379883,4.067795,8.152344
1518029679456,-0.9523468,4.0797577,8.439484
1518029679460,-0.9403839,4.072586,8.714661
1518029679460,-0.9068756,4.0366974,8.98027
1518029679460,-0.87338257,4.0007935,9.205185
1518029679463,-0.8183441,3.952942,9.406189
1518029679466,-0.72262573,3.9218292,9.573685
1518029679469,-0.6460571,3.8692017,9.676575
1518029679472,-0.5790558,3.8428802,9.767502
1518029679474,-0.55274963,3.7998047,9.796219
1518029679476,-0.50727844,3.7615204,9.765106
1518029679481,-0.45942688,3.7375946,9.729218
1518029679481,-0.42591858,3.7136536,9.662216
1518029679484,-0.39482117,3.7136536,9.623932
1518029679487,-0.35653687,3.728012,9.537796
1518029679491,-0.3397827,3.728012,9.4205475
1518029679492,-0.3517456,3.735199,9.279373
1518029679494,-0.35414124,3.7543335,9.119049
1518029679497,-0.37088013,3.7662964,8.93959
1518029679500,-0.38523865,3.7926178,8.767303
1518029679501,-0.4019928,3.8165588,8.604584
1518029679504,-0.40678406,3.8428802,8.449051
1518029679507,-0.39482117,3.8692017,8.27916
1518029679508,-0.38523865,3.8859406,8.128418
1518029679512,-0.3756714,3.9433746,7.9704895
1518029679513,-0.3517456,4.0127563,7.8795624
1518029679516,-0.33738708,4.096512,7.812561
1518029679519,-0.32781982,4.165909,7.767105
1518029679520,-0.29910278,4.23291,7.688141
1518029679523,-0.33021545,4.278366,7.625931
1518029679526,-0.32781982,4.3381805,7.5517426
1518029679529,-0.29670715,4.3908234,7.4895325
1518029679531,-0.29910278,4.4243317,7.4440765
1518029679535,-0.29670715,4.4769745,7.422531
1518029679535,-0.32302856,4.520035,7.3962097
1518029679539,-0.34457397,4.5750732,7.389038
1518029679540,-0.38285828,4.6301117,7.3986053
1518029679543,-0.41635132,4.6995087,7.412964
1518029679546,-0.447464,4.7736816,7.4273224
1518029679549,-0.46180725,4.8311157,7.4656067
1518029679552,-0.49291992,4.898102,7.511078
1518029679557,-0.50727844,4.9507446,7.566101
1518029679558,-0.49291992,5.0081787,7.6331024
1518029679559,-0.46899414,5.0775757,7.7001038
1518029679563,-0.4737854,5.127823,7.7407837
1518029679563,-0.4737854,5.173279,7.757538
1518029679567,-0.4857483,5.2139587,7.795822
1518029679570,-0.49531555,5.242676,7.8053894
1518029679572,-0.5048828,5.252243,7.829315
1518029679574,-0.49291992,5.2785645,7.862808
1518029679577,-0.4857483,5.2953186,7.901108
1518029679580,-0.45463562,5.3192444,7.9202423
1518029679581,-0.42352295,5.36232,7.944168
1518029679584,-0.4283142,5.374283,7.944168
1518029679586,-0.45703125,5.3766785,7.932205
1518029679589,-0.51924133,5.355133,7.903488
1518029679592,-0.5670929,5.3168488,7.858032
1518029679597,-0.62931824,5.297714,7.7838593
1518029679597,-0.69869995,5.268997,7.704895
1518029679599,-0.7657013,5.242676,7.647461
1518029679602,-0.8039856,5.211563,7.566101
1518029679607,-0.8829498,5.1972046,7.482361
1518029679607,-0.94755554,5.1972046,7.4033966
1518029679612,-1.0169525,5.166107,7.314865
1518029679612,-1.0743713,5.1756744,7.2143555
1518029679613,-1.0863342,5.21875,7.1066895
1518029679617,-1.1174469,5.2546387,7.010971
1518029679618,-1.146164,5.268997,6.9152527
1518029679622,-1.174881,5.292923,6.838684
1518029679624,-1.1868439,5.3407745,6.757324
1518029679628,-1.1868439,5.3814545,6.7094727
1518029679631,-1.1485596,5.6398773,6.6472626
1518029679632,-1.1557312,5.75235,6.685547
1518029679633,-1.2610168,5.6398773,6.757324
1518029679639,-1.3160553,5.6039886,6.6472626
1518029679642,-1.3997955,5.4891357,6.5850525
1518029679643,-1.4620209,5.3886414,6.6017914
1518029679644,-1.409378,5.3407745,6.6807556
1518029679651,-1.3016968,5.3479614,6.795624
1518029679651,-1.2299042,5.3599243,6.850647
1518029679654,-1.2155609,5.391037,6.8195496
1518029679655,-1.2681885,5.414963,6.7118683
1518029679659,-1.3160553,5.417343,6.5970154
1518029679662,-1.3471527,5.4388885,6.496521
1518029679663,-1.3160553,5.458023,6.427124
1518029679664,-1.277771,5.4723816,6.3505554
1518029679665,-1.2251282,5.515457,6.30748
1518029679668,-1.1509552,5.54657,5.927017
1518029679671,-0.90927124,5.967697,5.2378845
1518029679673,-1.0552368,5.946167,5.01297
1518029679676,-1.3782654,5.9605255,4.9387817
1518029679678,-1.4715881,6.025131,5.0368958
1518029679708,-1.4428711,5.950943,5.458023
1518029679709,-1.4524384,5.7547455,5.986847
1518029679709,-1.5409851,5.5322113,6.3026886
1518029679709,-1.5314026,5.4676056,6.3601227
1518029679709,-1.4644012,5.4891357,6.386444
1518029679710,-1.4189453,5.54895,6.5108643
1518029679710,-1.454834,5.642273,6.723831
1518029679711,-1.552948,5.71167,6.994217
1518029679711,-1.6414795,5.7690887,7.2622223
1518029679711,-1.7132568,5.79303,7.5302124
1518029679711,-1.7874451,5.79303,7.8221436
1518029679712,-1.8376923,5.79541,8.114059
1518029679712,-1.8855438,5.8097687,8.358124
1518029679712,-1.9477539,5.8073883,8.556732
1518029679716,-2.0147552,5.8121643,8.748154
1518029679732,-2.0913239,5.8002014,8.915665
1518029679733,-2.1511536,5.8073883,9.049652
1518029679733,-2.165512,5.790634,9.150162
1518029679734,-2.1607208,5.7427673,9.219543
1518029679734,-2.1128693,5.69252,9.205185
1518029679735,-2.0602264,5.6638184,9.152542
1518029679735,-2.0267181,5.6351013,9.099899
1518029679736,-1.9884338,5.596817,9.066406
1518029679762,-1.9860382,5.5202484,8.987442
1518029679762,-1.9956207,5.458023,8.918045
1518029679762,-2.038681,5.4269257,8.855835
1518029679762,-2.0865479,5.38385,8.7960205
1518029679763,-2.0985107,5.34317,8.709869
1518029679763,-2.0865479,5.28096,8.618942
1518029679763,-2.038681,5.201996,8.516052
1518029679763,-1.9884338,5.127823,8.398804
1518029679763,-1.9453583,5.103897,8.3198395
1518029679763,-1.9046936,5.0560303,8.221741
1518029679763,-1.8592224,5.0321045,8.152344
1518029679766,-1.8376923,5.024933,8.075775
1518029679766,-1.804184,5.0153503,8.011169
1518029679801,-1.7970123,5.0105743,7.9657135
1518029679801,-1.7826538,5.01297,7.951355
1518029679801,-1.7730865,5.029709,7.9609222
1518029679801,-1.7563324,5.027313,7.9824524
1518029679802,-1.7204437,5.0368958,8.020737
1518029679802,-1.6773682,5.0608215,8.082962
1518029679802,-1.6414795,5.058426,8.152344
1518029679802,-1.6007996,5.0608215,8.252853
1518029679802,-1.5792694,5.0512543,8.355743
1518029679802,-1.5170441,5.0392914,8.477768
1518029679802,-1.4428711,5.0512543,8.580658
1518029679803,-1.3591309,5.0201416,8.685944
1518029679803,-1.2753754,5.022537,8.752945
1518029679803,-1.1964111,5.0081787,8.843872
1518029679807,-1.1724854,5.0105743,8.915665
1518029679807,-1.1437683,5.001007,8.989838
1518029679903,-1.0935211,5.001007,9.025726
1518029679904,-1.0576324,5.001007,9.032898
1518029679904,-1.036087,5.005783,9.018555
1518029679904,-1.0456696,4.977066,8.970688
1518029679904,-1.0935211,4.9507446,8.879761
1518029679904,-1.0408783,4.9483643,8.752945
1518029679904,-0.9643097,4.9459686,8.599808
1518029679905,-0.8901367,4.9507446,8.444275
1518029679905,-0.8159485,4.965103,8.300705
1518029679905,-0.76330566,4.9818573,8.154739
1518029679906,-0.7465668,5.0321045,8.020737
1518029679906,-0.7346039,5.0608215,7.893921
1518029679906,-0.72502136,5.09671,7.7766724
1518029679906,-0.7465668,5.11586,7.6402893
1518029679907,-0.7537384,5.1349945,7.503891
1518029679907,-0.74417114,5.1421814,7.3627167
1518029679907,-0.75852966,5.170883,7.207184
1518029679907,-0.74894714,5.1828613,7.073181
1518029679908,-0.72502136,5.211563,6.9631195
1518029679908,-0.6891327,5.247467,6.8602295
1518029679908,-0.6460571,5.2666016,6.757324
1518029679908,-0.6197357,5.2833557,6.6592255
1518029679908,-0.5623169,5.3168488,6.587448
1518029679909,-0.5288086,5.3288116,6.479767
1518029679909,-0.5024872,5.3407745,6.398407
1518029679910,-0.48812866,5.36232,6.3338013
1518029679910,-0.50727844,5.3766785,6.273987
1518029679910,-0.49531555,5.374283,6.2189484
1518029679910,-0.5048828,5.3862457,6.197418
1518029679910,-0.5120697,5.412567,6.180664
1518029679911,-0.5288086,5.4101715,6.192627
1518029679911,-0.5288086,5.419739,6.2404785
1518029679911,-0.5288086,5.436493,6.271591
1518029679911,-0.5168457,5.4508514,6.32901
1518029679911,-0.5144501,5.4436646,6.3840485
1518029679912,-0.5264282,5.4388885,6.460617
1518029679912,-0.5383911,5.42453,6.5443726
1518029679912,-0.5623169,5.414963,6.5970154
1518029679912,-0.55274963,5.3814545,6.65683
1518029679912,-0.5312042,5.367096,6.7214355
1518029679913,-0.5240326,5.3527374,6.788437
1518029679913,-0.5168457,5.314453,6.8410797
1518029679916,-0.5001068,5.2785645,6.9104767
1518029679916,-0.49771118,5.2450714,6.9750824
1518029679919,-0.4905243,5.211563,7.0707855
1518029679940,-0.4785614,5.1852417,7.133011
1518029679940,-0.45463562,5.132599,7.204788
1518029679940,-0.43788147,5.1015015,7.2885437
1518029679940,-0.38763428,5.0727844,7.348358
1518029679940,-0.37327576,5.0345,7.4273224
1518029679941,-0.34457397,5.005783,7.515854
1518029679941,-0.32781982,4.97229,7.6211395
1518029679942,-0.29910278,4.977066,7.726425
1518029679984,-0.279953,4.9698944,7.800598
1518029679985,-0.23449707,4.965103,7.8915253
1518029679986,-0.19621277,4.977066,7.9489594
1518029679986,-0.15553284,4.967499,7.968094
1518029679986,-0.13639832,4.9531403,7.9896393
1518029679987,-0.117248535,4.9483643,7.984848
1518029679988,-0.110076904,4.9483643,7.9465637
1518029679988,-0.105285645,4.9340057,7.9250336
1518029679990,-0.110076904,4.93161,7.881958
1518029679991,-0.13877869,4.902893,7.819748
1518029679992,-0.16989136,4.898102,7.7862396
1518029679992,-0.22013855,4.881363,7.7479553
1518029679994,-0.26081848,4.8885345,7.704895
1518029679994,-0.31106567,4.89093,7.6713867
1518029679995,-0.38523865,4.8957214,7.6498566
1518029679995,-0.46180725,4.9076843,7.6331024
1518029679996,-0.55513,4.9100647,7.618744
1518029679996,-0.67477417,4.9052887,7.594818
1518029679997,-0.7800598,4.8885345,7.6115723
1518029679998,-0.89730835,4.893326,7.625931
1518029679998,-1.0001984,4.8789673,7.6666107
1518029679999,-1.0863342,4.8765717,7.7192535
1518029679999,-1.1437683,4.8670044,7.7862396
1518029680000,-1.1820526,4.8550415,7.848465
1518029680001,-1.2394867,4.840683,7.8771667
1518029680015,-1.2801666,4.8095703,7.910675
1518029680015,-1.3280182,4.7976074,7.9776764
1518029680016,-1.3495483,4.76651,8.025528
1518029680016,-1.3567352,4.7521515,8.078171
1518029680016,-1.3567352,4.6995087,8.116455
1518029680017,-1.3304138,4.6612244,8.1427765
1518029680018,-1.2945099,4.6731873,8.185852
1518029680026,-1.2442627,4.6827545,8.202591
1518029680027,-1.1820526,4.7066803,8.181061
1518029680027,-1.1246338,4.795212,8.166702
1518029680031,-1.0624084,4.9172516,8.118851
1518029680032,-0.97387695,5.017746,8.056641
1518029680034,-0.8949127,5.2139587,7.9585266
1518029680036,-0.80877686,5.42453,7.8341064
1518029680038,-0.74417114,5.6614227,7.704895
1518029680043,-0.72502136,5.9102783,7.5756836
1518029680045,-0.7417755,6.1375885,7.475174
1518029680046,-0.78723145,6.3385925,7.401001
1518029680048,-0.8757782,6.522827,7.3363953
1518029680051,-0.98583984,6.654434,7.298111
1518029680053,-1.1413727,6.7405853,7.2837524
1518029680055,-1.2873383,6.809967,7.298111
1518029680058,-1.4476624,6.809967,7.3292084
1518029680062,-1.5792694,6.7788696,7.3938293
1518029680063,-1.6342926,6.7333984,7.5086823
1518029680066,-1.8209381,6.6017914,7.659424
1518029680069,-2.1056824,6.3792725,7.8460693
1518029680071,-2.371292,6.1830597,8.0686035
1518029680074,-2.519638,6.0059814,8.298309
1518029680077,-2.5435638,5.81456,8.592621
1518029680078,-2.5363922,5.6327057,8.994614
1518029680082,-2.5244293,5.44606,9.506683
1518029680084,-2.5387878,5.2857513,10.126419
1518029680087,-2.5866394,5.1349945,10.78923
1518029680096,-2.6249237,5.0033875,11.483154
1518029680096,-2.6416779,4.9124603,12.191437
1518029680097,-2.658432,4.823929,12.897308
1518029680097,-2.646469,4.7401886,13.569702
1518029680099,-2.567505,4.675583,14.201401
1518029680102,-2.4693909,4.6133575,14.763718
1518029680104,-2.342575,4.5750732,15.278168
1518029680106,-2.1559296,4.548752,15.708878
1518029680111,-1.9549408,4.524826,16.043884
1518029680112,-1.7371826,4.515259,16.331009
1518029680114,-1.5003052,4.5343933,16.543976
1518029680116,-1.2945099,4.553543,16.673187
1518029680119,-1.0959167,4.598999,16.709076
1518029680122,-0.94755554,4.646866,16.656433
1518029680123,-0.830307,4.7042847,16.543976
1518029680127,-0.7537384,4.783249,16.342987
1518029680130,-0.69869995,4.8382874,16.079773
1518029680133,-0.67237854,4.8957214,15.732803
1518029680133,-0.6269226,4.9483643,15.381058
1518029680137,-0.5886383,5.0201416,14.950363
1518029680139,-0.5288086,5.087143,14.524429
1518029680143,-0.4905243,5.139786,14.076981
1518029680145,-0.45703125,5.1828613,13.586441
1518029680146,-0.43070984,5.2378845,13.10788
1518029680148,-0.39242554,5.2905273,12.595825
1518029680150,-0.3756714,5.3192444,12.107681
1518029680153,-0.3637085,5.333603,11.65065
1518029680155,-0.36849976,5.34317,11.196014
1518029680159,-0.35891724,5.3168488,10.772491
1518029680161,-0.36610413,5.2833557,10.351349
1518029680163,-0.38763428,5.230713,9.961319
1518029680166,-0.43788147,5.166107,9.607178
1518029680169,-0.45942688,5.058426,9.300903
1518029680171,-0.5312042,4.955536,9.020935
1518029680173,-0.58384705,4.823929,8.781662
1518029680175,-0.6197357,4.7114716,8.585449
1518029680179,-0.6388855,4.610962,8.446671
1518029680182,-0.66760254,4.536789,8.310272
1518029680184,-0.6891327,4.4482574,8.221741
1518029680186,-0.7417755,4.3908234,8.1427765
1518029680188,-0.79441833,4.371689,8.102097
1518029680191,-0.8063812,4.3788605,8.080566
1518029680195,-0.82073975,4.3908234,8.066208
1518029680196,-0.8685913,4.3908234,8.025528
1518029680200,-0.9140625,4.371689,7.980057
1518029680202,-0.9643097,4.3453674,7.9178467
1518029680203,-1.0073853,4.319046,7.8436737
1518029680207,-1.031311,4.3094788,7.7695007
1518029680212,-1.0743713,4.2640076,7.6785736
1518029680214,-1.0791626,4.220932,7.602005
1518029680215,-1.105484,4.1850433,7.5014954
1518029680215,-1.1150513,4.1802673,7.3938293
1518029680219,-1.1294098,4.158722,7.274185
1518029680221,-1.1676941,4.137192,7.171295
1518029680223,-1.2370911,4.1204376,7.0588226
1518029680227,-1.3160553,4.0917206,6.953537
1518029680229,-1.4285126,4.065399,6.8410797
1518029680230,-1.5553284,4.043869,6.731003
1518029680233,-1.7036896,4.019943,6.6185455
1518029680235,-1.8448639,3.998413,6.501297
1518029680239,-1.9692993,3.9960175,6.3553314
1518029680242,-2.1104736,3.9912262,6.2309113
1518029680244,-2.2157593,3.998413,6.1160583
1518029680249,-2.3234253,4.010376,5.9940186
1518029680249,-2.3928223,4.055832,5.9078827
1518029680250,-2.445465,4.08934,5.824127
1518029680253,-2.4693909,4.141983,5.7379913
1518029680256,-2.4957123,4.1850433,5.6733856
1518029680262,-2.4933167,4.244873,5.65184
1518029680263,-2.4813538,4.311859,5.659027
1518029680263,-2.4646149,4.340576,5.7092743
1518029680265,-2.4311066,4.400406,5.7667084
1518029680267,-2.4047852,4.4482574,5.8576355
1518029680270,-2.3784637,4.515259,5.970093
1518029680272,-2.3665009,4.5607147,6.0921326
1518029680275,-2.3497467,4.618149,6.242874
1518029680278,-2.3353882,4.6731873,6.4055786
1518029680280,-2.3306122,4.737793,6.5611267
1518029680283,-2.3330078,4.8047943,6.735794
1518029680285,-2.3090668,4.8717804,6.9128723
1518029680288,-2.2755737,4.9292145,7.0540466
1518029680291,-2.2827454,4.965103,7.176071
1518029680294,-2.2947235,5.0081787,7.3005066
1518029680296,-2.297104,5.0440674,7.4201508
1518029680298,-2.292328,5.065613,7.479965
1518029680300,-2.2827454,5.0775757,7.5182495
1518029680303,-2.2755737,5.087143,7.523041
1518029680305,-2.2588196,5.103897,7.5134583
1518029680308,-2.2301178,5.132599,7.5014954
1518029680311,-2.0865479,5.2953186,7.4656067
1518029680314,-1.9788666,5.44606,7.401001
1518029680315,-2.0123596,5.4388885,7.3651123
1518029680318,-2.1248322,5.4006042,7.3172455
1518029680322,-2.2348938,5.3312073,7.207184
1518029680322,-2.3521423,5.2953186,7.039688
1518029680328,-2.399994,5.2881317,6.8769684
1518029680329,-2.416748,5.2881317,6.735794
1518029680331,-2.4478607,5.2785645,6.61615
1518029680335,-2.4669952,5.28096,6.5276184
1518029680335,-2.490921,5.3192444,6.3960114
1518029680339,-2.5100708,5.367096,6.2476654
1518029680341,-2.526825,5.4388885,6.1160583
1518029680349,-2.560318,5.493927,6.008377
1518029680349,-2.572281,5.54895,5.9365997
1518029680350,-2.5794678,5.620743,5.8695984
1518029680351,-2.5938263,5.6614227,5.8408813
1518029680353,-2.5962067,5.7021027,5.8289185
1518029680357,-2.5962067,5.7092743,5.843277
1518029680362,-2.6105652,5.7379913,5.8743744
1518029680363,-2.6033936,5.7355957,5.93898
1518029680363,-2.6081696,5.7092743,6.0131683
1518029680369,-2.6033936,5.6685944,6.099304
1518029680370,-2.600998,5.625519,6.1878357
1518029680372,-2.555542,5.58963,6.312271
1518029680373,-2.4669952,5.539383,6.455841
1518029680376,-2.4143524,5.50589,6.6257324
1518029680380,-2.3593292,5.4628143,6.829117
1518029680380,-2.3162537,5.395813,7.068405
1518029680383,-2.280365,5.3288116,7.3172455
1518029680386,-2.2181396,5.2833557,7.5756836
1518029680388,-2.1607208,5.2283173,7.8341064
1518029680391,-2.1032867,5.1828613,8.102097
1518029680393,-2.0554352,5.1254272,8.346161
1518029680395,-1.9932251,5.0608215,8.602203
1518029680398,-1.9429779,4.984253,8.865402
1518029680401,-1.9118652,4.936386,9.090332
1518029680403,-1.9118652,4.857437,9.317657
1518029680406,-1.8999023,4.7688904,9.506683
1518029680409,-1.9166565,4.697113,9.71965
1518029680412,-1.9333954,4.6301117,9.870392
1518029680412,-1.935791,4.5559387,10.025925
1518029680416,-1.9597168,4.4985046,10.138397
1518029680420,-1.9884338,4.443466,10.21257
1518029680421,-2.0147552,4.409973,10.260422
1518029680423,-2.033905,4.371689,10.29631
1518029680425,-2.0817566,4.3381805,10.322632
1518029680428,-2.1152496,4.302292,10.341782
1518029680430,-2.1846466,4.266403,10.346573
1518029680434,-2.222931,4.228119,10.341782
1518029680436,-2.2588196,4.2305145,10.313065
1518029680439,-2.321045,4.194626,10.286743
1518029680440,-2.3808594,4.19223,10.236496
1518029680443,-2.411972,4.1611176,10.1766815
1518029680446,-2.4478607,4.141983,10.09053
1518029680447,-2.490921,4.125229,10.023529
1518029680451,-2.5507507,4.1156616,9.94696
1518029680454,-2.6081696,4.0989075,9.846466
1518029680456,-2.651245,4.072586,9.750748
1518029680459,-2.7062836,4.0343018,9.659821
1518029680460,-2.7493591,4.0007935,9.547363
1518029680463,-2.802002,3.9553375,9.439682
1518029680466,-2.835495,3.9218292,9.293716
1518029680468,-2.8809662,3.8739777,9.162125
1518029680471,-2.904892,3.826126,8.989838
1518029680473,-2.945572,3.7710876,8.822342
1518029680476,-3.000595,3.7304077,8.642868
1518029680479,-3.0771637,3.706482,8.484955
1518029680481,-3.3379822,3.8572235,8.243271
1518029680484,-3.3714905,3.775879,8.140381
1518029680486,-3.328415,3.7112732,8.018356
1518029680491,-3.2781677,3.6466675,7.860428
1518029680492,-3.2518463,3.5653076,7.762314
1518029680493,-3.242279,3.4815521,7.659424
1518029680496,-3.247055,3.4097748,7.5756836
1518029680498,-3.2398834,3.3810577,7.4847565
1518029680501,-3.2638092,3.3427734,7.384247
1518029680503,-3.2901306,3.3332062,7.298111
1518029680506,-3.3236237,3.3379822,7.204788
1518029680507,-3.3475647,3.345169,7.0875397
1518029680511,-3.3810577,3.349945,6.970291
1518029680513,-3.3834534,3.3690948,6.845871
1518029680516,-3.378662,3.390625,6.735794
1518029680519,-3.3666992,3.4073792,6.623337
1518029680522,-3.3523407,3.4384918,6.4917297
1518029680524,-3.3403778,3.4959106,6.381653
1518029680527,-3.3092804,3.5365906,6.2644043
1518029680528,-3.282959,3.5988007,6.1280212
1518029680533,-3.2518463,3.637085,6.04187
1518029680533,-3.2183533,3.6681976,5.986847
1518029680540,-3.1896362,3.706482,5.91745
1518029680541,-3.1680908,3.7423706,5.8743744
1518029680551,-3.1465607,3.768692,5.83609
1518029680552,-3.1250305,3.7902374,5.79303
1518029680553,-3.098709,3.8117676,5.7379913
1518029680555,-3.0723877,3.8189392,5.687744
1518029680556,-3.0436707,3.830902,5.6351013
1518029680557,-2.9862366,3.8452606,5.5657043
1518029680558,-2.938385,3.8428802,5.5082703
1518029680559,-2.8881378,3.826126,5.46521
1518029680560,-2.864212,3.8069763,5.417343
1518029680569,-2.8666077,3.8022003,5.395813
1518029680571,-2.8546448,3.775879,5.4006042
1518029680574,-2.8450623,3.7734833,5.3982086
1518029680574,-2.8618164,3.780655,5.412567
1518029680575,-2.876175,3.768692,5.395813
1518029680576,-2.8737793,3.7710876,5.419739
1518029680577,-2.8953094,3.780655,5.474777
1518029680583,-2.9001007,3.7854462,5.522629
1518029680583,-2.904892,3.7854462,5.5944214
1518029680586,-2.9072723,3.8069763,5.6685944
1518029680588,-2.9120636,3.8189392,5.7714844
1518029680591,-2.8881378,3.8404846,5.860016
1518029680593,-2.8785706,3.8739777,5.986847
1518029680596,-2.8450623,3.8979034,6.118454
1518029680599,-2.7972107,3.929016,6.24527
1518029680602,-2.7804565,3.9625092,6.3625183
1518029680606,-2.7469635,3.9864502,6.4941254
1518029680610,-2.720642,4.031906,6.623337
1518029680610,-2.6895294,4.0701904,6.754944
1518029680613,-2.6416779,4.1156616,6.845871
1518029680614,-2.629715,4.1683044,6.9511566
1518029680616,-2.6129608,4.216156,7.032501
1518029680618,-2.6201477,4.266403,7.10907
1518029680620,-2.6201477,4.307083,7.1569366
1518029680623,-2.6273193,4.359726,7.204788
1518029680625,-2.6416779,4.400406,7.216751
1518029680628,-2.6847534,4.441086,7.228714
1518029680631,-2.7397766,4.5009003,7.2598267
1518029680634,-2.7804565,4.54158,7.2957153
1518029680636,-2.8163452,4.594223,7.319641
1518029680638,-2.864212,4.6325073,7.372284
1518029680641,-2.8905334,4.692322,7.3938293
1518029680643,-2.9527435,4.7521515,7.434494
1518029680644,-3.000595,4.778473,7.4967194
1518029680651,-3.0652008,4.821533,7.566101
1518029680651,-3.0915222,4.8550415,7.635498
1518029680653,-3.1345978,4.881363,7.7192535
1518029680656,-3.1680908,4.898102,7.7862396
1518029680657,-3.180069,4.943573,7.8747864
1518029680661,-3.2039948,4.9483643,7.9824524
1518029680663,-3.2303162,4.9507446,8.094925
1518029680665,-3.254242,4.9794617,8.197815
1518029680667,-3.2781677,5.0105743,8.324631
1518029680671,-3.328415,5.0392914,8.439484
1518029680672,-3.3690948,5.0727844,8.551941
1518029680676,-3.4002075,5.1134644,8.635696
1518029680677,-3.4217377,5.1517487,8.724228
1518029680682,-3.460022,5.201996,8.817551
1518029680684,-3.4839478,5.2450714,8.891724
1518029680685,-3.529419,5.2618103,8.977875
1518029680689,-3.5365906,5.297714,9.059235
1518029680692,-3.5581207,5.350357,9.114258
1518029680692,-3.5892334,5.371887,9.099899
1518029680696,-3.6227264,5.4053802,9.1453705
1518029680700,-3.6681976,5.42453,9.200409
1518029680700,-3.7256317,5.44606,9.260223
1518029680703,-3.7375946,5.4628143,9.324829
1518029680706,-3.723236,5.5010986,9.399002
1518029680709,-3.529419,5.63031,9.456436
1518029680712,-3.5413818,5.6446686,9.5282135
1518029680712,-3.723236,5.58963,9.561722
1518029680717,-3.900299,5.5322113,9.477966
1518029680718,-3.9888306,5.4891357,9.284149
1518029680722,-3.9577332,5.474777,9.044876
1518029680723,-3.8979034,5.474777,8.829514
1518029680725,-3.900299,5.4628143,8.662018
1518029680728,-3.9361877,5.469986,8.513657
1518029680731,-3.9194489,5.5298157,8.353348
1518029680733,-3.912262,5.6039886,8.17627
1518029680737,-3.9553375,5.613556,7.795822
1518029680740,-4.0701904,5.54895,6.970291
1518029680741,-4.3262177,5.560913,5.95813
1518029680743,-4.4769745,5.699707,5.58963
1518029680746,-4.4578247,5.824127,5.9150543
1518029680756,-4.3549347,5.929413,6.427124
1518029680756,-4.3166504,5.974884,6.7716827
1518029680756,-4.340576,5.962921,6.8195496
1518029680757,-4.3668976,5.9102783,6.69751
1518029680785,-4.388443,5.8791656,6.5611267
1518029680785,-4.266403,5.826523,6.508484
1518029680786,-4.1036835,5.826523,6.520447
1518029680786,-3.929016,5.81456,6.6017914
1518029680786,-3.8332977,5.8097687,6.7214355
1518029680786,-3.7950134,5.826523,6.8315125
1518029680786,-3.768692,5.8073883,6.9224396
1518029680786,-3.7304077,5.826523,6.9846497
1518029680786,-3.6634064,5.831314,7.027725
1518029680787,-3.6011963,5.831314,7.0707855
1518029680787,-3.5677032,5.831314,7.101898
1518029680787,-3.522232,5.8289185,7.1234283
1518029680787,-3.4959106,5.8217316,7.1066895
1518029680789,-3.4719849,5.7786713,7.0947266
1518029680801,-3.4241333,5.7379913,7.0157623
1518029680801,-3.3595276,5.6805573,6.898514
1518029680801,-3.2662048,5.6279144,6.747757
1518029680801,-3.1537476,5.5704956,6.604187
1518029680801,-3.1011047,5.5010986,6.4941254
1518029680820,-3.1058807,5.3814545,6.3505554
1518029680820,-3.0604248,5.297714,6.22612
1518029680821,-2.9838562,5.2618103,6.08255
1518029680821,-2.904892,5.252243,5.9892426
1518029680821,-2.847458,5.271393,5.93898
1518029680821,-2.802002,5.2905273,5.9078827
1518029680821,-2.773285,5.3407745,5.89592
1518029680822,-2.7684937,5.391037,5.871994
1518029680835,-2.7565308,5.417343,5.8672028
1518029680835,-2.7397766,5.4556427,5.883957
1518029680836,-2.7278137,5.4843445,5.8983154
1518029680836,-2.7565308,5.4843445,5.9365997
1518029680836,-2.7708893,5.498703,6.02034
1518029680836,-2.794815,5.510666,6.1088715
1518029680839,-2.7708893,5.510666,6.24527
1518029680841,-2.7924194,5.510666,6.3840485
1518029680843,-2.794815,5.5130615,6.551544
1518029680846,-2.7900238,5.544174,6.75972
1518029680848,-2.7972107,5.5681,7.0181427
1518029680851,-2.7972107,5.6231384,7.274185
1518029680853,-2.778061,5.699707,7.544571
1518029680856,-2.7302094,5.7714844,7.771881
1518029680858,-2.6799622,5.843277,7.9824524
1518029680862,-2.617752,5.934204,8.161911
1518029680865,-2.5746765,6.0131683,8.255234
1518029680866,-2.519638,6.0634155,8.338989
1518029680868,-2.4885406,6.1160583,8.427521
1518029680871,-2.428711,6.151947,8.504089
1518029680873,-2.3928223,6.18544,8.583054
1518029680875,-2.354538,6.202194,8.642868
1518029680882,-2.3377838,6.233307,8.705093
1518029680883,-2.292328,6.2524414,8.779266
1518029680884,-2.2660065,6.2691956,8.810379
1518029680886,-2.2253265,6.2979126,8.863022
1518029680937,-2.2014008,6.3026886,8.884552
1518029680937,-2.1607208,6.3098755,8.908478
1518029680938,-2.1104736,6.3218384,8.946762
1518029680938,-2.0554352,6.3218384,8.953949
1518029680938,-2.0123596,6.2979126,8.946762
1518029680939,-1.9501495,6.273987,8.851059
1518029680939,-1.8735809,6.2309113,8.736191
1518029680939,-1.7946167,6.1830597,8.628525
1518029680939,-1.6869354,6.1256256,8.528015
1518029680940,-1.5768738,6.0921326,8.465805
1518029680940,-1.4787598,6.0466614,8.410767
1518029680941,-1.3543396,5.991623,8.350952
1518029680941,-1.2155609,5.946167,8.274384
1518029680941,-1.0217285,5.85524,8.1427765
1518029680942,-0.7800598,5.7260284,7.9585266
1518029680942,-0.6388855,5.65184,7.853241
1518029680942,-0.5790558,5.6279144,7.829315
1518029680942,-0.5814514,5.6279144,7.841278
1518029680942,-0.58384705,5.6781616,7.901108
1518029680943,-0.5647125,5.716461,8.0327
1518029680943,-0.52163696,5.749954,8.228912
1518029680943,-0.45224,5.7475586,8.437088
1518029680955,-0.40678406,5.7475586,8.640488
1518029680956,-0.37088013,5.704483,8.841476
1518029680956,-0.31825256,5.6638184,9.04248
1518029680957,-0.24645996,5.596817,9.250656
1518029680989,-0.14356995,5.510666,9.446869
1518029680989,-0.059814453,5.42453,9.61676
1518029680989,0.0143585205,5.3479614,9.8033905
1518029680989,0.071777344,5.2498474,9.956543
1518029680989,0.12921143,5.1517487,10.124039
1518029680990,0.15792847,5.0608215,10.262817
1518029680990,0.1986084,4.9794617,10.413559
1518029680990,0.23928833,4.926819,10.552353
1518029680990,0.25602722,4.8550415,10.669601
1518029680991,0.275177,4.8023987,10.770096
1518029680991,0.279953,4.7688904,10.858627
1518029680991,0.3062744,4.7234344,10.928024
1518029680991,0.31825256,4.6827545,10.99263
1518029680991,0.3397827,4.639679,11.057236
1518029680992,0.33259583,4.5918274,11.124237
1518029680992,0.34934998,4.5343933,11.196014
1518029680993,0.35891724,4.4650116,11.291733
1518029680997,0.3637085,4.412369,11.401794
1518029680999,0.37088013,4.3142548,11.52623
1518029681000,0.3756714,4.2065887,11.681763
1518029681003,0.37088013,4.1204376,11.851654
1518029681005,0.38285828,4.019943,12.01915
1518029681008,0.45224,3.8811646,12.217758
1518029681010,0.5407715,3.7591248,12.457031
1518029681015,0.6197357,3.637085,12.689133
1518029681016,0.6891327,3.5150604,12.916458
1518029681018,0.74894714,3.3954163,13.158127
1518029681021,0.8063812,3.3092804,13.356735
1518029681024,0.8111725,3.2303162,13.552948
1518029681025,0.81355286,3.1489563,13.715652
1518029681030,0.8039856,3.098709,13.835297
1518029681031,0.75852966,3.0556335,13.940582
1518029681033,0.7298126,3.0317078,14.009979
1518029681036,0.71784973,3.0221405,14.026733
1518029681038,0.69869995,3.0293121,13.995621
1518029681041,0.6771698,3.041275,13.940582
1518029681043,0.6412811,3.069992,13.818558
1518029681047,0.6316986,3.115448,13.643875
1518029681050,0.62213135,3.1489563,13.428528
1518029681052,0.6053772,3.184845,13.165314
1518029681054,0.6269226,3.213562,12.873383
1518029681056,0.66041565,3.2566376,12.55275
1518029681059,0.68434143,3.3068848,12.232117
1518029681062,0.71784973,3.3810577,11.885147
1518029681067,0.72502136,3.4456635,11.531006
1518029681067,0.7298126,3.4959106,11.152954
1518029681069,0.7393799,3.5437775,10.784454
1518029681071,0.72502136,3.603592,10.3992
1518029681073,0.7034912,3.661026,10.001999
1518029681076,0.6891327,3.7304077,9.6263275
1518029681078,0.6771698,3.8237305,9.303299
1518029681083,0.68196106,3.8883362,8.963516
1518029681086,0.6795654,3.9481506,8.659622
1518029681088,0.67477417,4.027115,8.384445
1518029681088,0.67477417,4.094116,8.118851
1518029681091,0.7034912,4.175476,7.8723907
1518029681093,0.70588684,4.268799,7.635498
1518029681096,0.727417,4.3573303,7.4201508
1518029681099,0.73698425,4.4291077,7.2263184
1518029681101,0.74894714,4.4769745,7.0492554
1518029681103,0.77526855,4.5559387,6.8769684
1518029681106,0.7680969,4.6372833,6.726227
1518029681108,0.75852966,4.68515,6.5850525
1518029681111,0.7513428,4.7521515,6.47258
1518029681114,0.7130585,4.800003,6.36969
1518029681116,0.7154541,4.852646,6.2644043
1518029681118,0.7034912,4.9172516,6.1830597
1518029681121,0.6771698,4.9507446,6.1136627
1518029681123,0.6795654,4.989029,6.0801697
1518029681125,0.66041565,5.022537,6.0466614
1518029681128,0.6699829,5.0368958,6.032303
1518029681134,0.6891327,5.0488586,6.0466614
1518029681134,0.76330566,4.9698944,6.0873413
1518029681136,0.7848511,4.9483643,6.1256256
1518029681139,0.77049255,4.955536,6.147156
1518029681143,0.77049255,4.9914246,6.168701
1518029681143,0.7465668,5.022537,6.214157
1518029681146,0.7513428,5.046463,6.24527
1518029681149,0.72262573,5.0847473,6.271591
1518029681152,0.67477417,5.1134644,6.324234
1518029681153,0.6053772,5.13739,6.4008026
1518029681156,0.5168457,5.1349945,6.47258
1518029681160,0.40438843,5.13739,6.5324097
1518029681161,0.30389404,5.1062775,6.580261
1518029681166,0.21774292,5.065613,6.6376953
1518029681167,0.110076904,5.0368958,6.649658
1518029681169,0.050247192,5.0105743,6.6783752
1518029681171,0.011962891,4.960327,6.7046967
1518029681177,-0.026321411,4.9292145,6.735794
1518029681177,-0.04547119,4.8765717,6.7669067
1518029681181,-0.04547119,4.857437,6.805191
1518029681184,-0.047851562,4.840683,6.8769684
1518029681187,-0.050247192,4.816757,6.941574
1518029681187,-0.04067993,4.76651,6.994217
1518029681191,-0.04307556,4.759323,7.0492554
1518029681192,-0.0382843,4.7617188,7.092331
1518029681194,-0.023925781,4.7617188,7.1401825
1518029681195,0.04067993,4.7976074,7.176071
1518029681200,0.114852905,4.800003,7.2263184
1518029681200,0.15074158,4.811966,7.2933197
1518029681203,0.1531372,4.8071747,7.3363953
1518029681205,0.13400269,4.8023987,7.3914337
1518029681207,0.13400269,4.7856445,7.463211
1518029681210,0.13639832,4.7569275,7.527817
1518029681214,0.14117432,4.749756,7.573288
1518029681216,0.1483612,4.7401886,7.635498
1518029681218,0.15074158,4.713867,7.6953125
1518029681220,0.14356995,4.7042847,7.7359924
1518029681222,0.14117432,4.709076,7.800598
1518029681225,0.12921143,4.6827545,7.8508453
1518029681227,0.110076904,4.6588287,7.8867493
1518029681231,0.098098755,4.656433,7.9250336
1518029681233,0.107681274,4.6420746,7.9824524
1518029681235,0.112457275,4.6301117,8.018356
1518029681237,0.112457275,4.6037903,8.051849
1518029681240,0.105285645,4.584656,8.075775
1518029681242,0.088531494,4.584656,8.114059
1518029681245,0.071777344,4.5583344,8.147568
1518029681248,0.06460571,4.536789,8.188232
1518029681250,0.055038452,4.5343933,8.238495
1518029681253,0.052642822,4.5056915,8.310272
1518029681255,0.04307556,4.496109,8.389236
1518029681258,0.033493042,4.484146,8.480164
1518029681261,0.026321411,4.4578247,8.578262
1518029681263,0.04547119,4.4075775,8.683548
1518029681266,0.04067993,4.3621216,8.784058
1518029681268,0.047851562,4.307083,8.894119
1518029681271,0.047851562,4.2352905,9.018555
1518029681273,0.08135986,4.158722,9.152542
1518029681276,0.088531494,4.0821533,9.298508
1518029681278,0.0765686,4.0127563,9.463608
1518029681282,0.052642822,3.9457703,9.614365
1518029681284,0.04547119,3.8763733,9.7986145
1518029681285,0.023925781,3.797409,9.94696
1518029681287,-0.01675415,3.7495575,10.128815
1518029681291,-0.08375549,3.6993103,10.289139
1518029681293,-0.13877869,3.653839,10.449463
1518029681295,-0.20817566,3.6299133,10.595413
1518029681303,-0.29670715,3.5844421,10.750946
1518029681303,-0.36849976,3.534195,10.9040985
1518029681304,-0.45942688,3.5102692,11.042877
1518029681305,-0.5407715,3.4576263,11.140976
1518029681310,-0.6197357,3.4408722,11.23909
1518029681311,-0.6963043,3.4145508,11.310867
1518029681316,-0.7393799,3.3954163,11.358734
1518029681316,-0.80877686,3.378662,11.373093
1518029681317,-0.9020996,3.378662,11.394623
1518029681320,-1.0001984,3.3690948,11.358734
1518029681322,-1.0624084,3.373886,11.308487
1518029681326,-1.1174469,3.4073792,11.243881
1518029681328,-1.1485596,3.4217377,11.138596
1518029681330,-1.1700897,3.460022,11.05484
1518029681333,-1.1724854,3.5078735,10.928024
1518029681335,-1.1437683,3.5796661,10.750946
1518029681337,-1.0935211,3.653839,10.588242
1518029681340,-1.0432739,3.735199,10.387238
1518029681343,-0.98583984,3.8452606,10.167099
1518029681346,-0.96191406,3.9481506,9.94696
1518029681351,-0.9499512,4.055832,9.736389
1518029681352,-0.928421,4.165909,9.525833
1518029681352,-0.9451599,4.249649,9.324829
1518029681355,-0.97387695,4.364502,9.109482
1518029681357,-1.0743713,4.474579,8.903687
1518029681360,-1.105484,4.5607147,8.690735
1518029681362,-1.0887299,4.6253204,8.511276
1518029681367,-1.0384827,4.675583,8.329422
1518029681368,-1.0073853,4.7042847,8.154739
1518029681370,-0.98583984,4.718643,7.992035
1518029681372,-0.9762726,4.7234344,7.8460693
1518029681375,-0.9690857,4.737793,7.704895
1518029681377,-0.9571228,4.7401886,7.585251
1518029681380,-0.94755554,4.7401886,7.463211
1518029681383,-0.933197,4.7569275,7.35553
1518029681385,-0.92362976,4.7808533,7.2669983
1518029681390,-0.9379883,4.819153,7.1928253
1518029681391,-0.95951843,4.8430786,7.10907
1518029681393,-0.99302673,4.881363,7.056427
1518029681394,-1.0384827,4.902893,6.982254
1518029681397,-1.0791626,4.9387817,6.9272156
1518029681401,-1.1413727,4.9627075,6.8841553
1518029681403,-1.1988068,4.984253,6.8243256
1518029681406,-1.2658081,5.027313,6.805191
1518029681408,-1.3710938,5.0488586,6.75972
1518029681411,-1.4644012,5.070389,6.7214355
1518029681413,-1.5840454,5.087143,6.6687927
1518029681415,-1.7036896,5.1110687,6.6352997
1518029681418,-1.8257294,5.1110687,6.592224
1518029681421,-1.9381866,5.1254272,6.5563354
1518029681425,-2.0315094,5.1230316,6.530014
1518029681425,-2.1032867,5.1062775,6.5060883
1518029681428,-2.1248322,5.1015015,6.501297
1518029681431,-2.1343994,5.091934,6.5108643
1518029681434,-2.0985107,5.07518,6.5276184
1518029681437,-2.0410767,5.0775757,6.5491486
1518029681439,-1.9501495,5.0823517,6.6089783
1518029681442,-1.8592224,5.0895386,6.6759796
1518029681443,-1.7730865,5.1110687,6.75972
1518029681446,-1.660614,5.1349945,6.845871
1518029681448,-1.5433655,5.1589203,6.9463654
1518029681455,-1.4452667,5.1996,7.0612183
1518029681456,-1.3447723,5.21875,7.1641083
1518029681457,-1.2131653,5.2450714,7.302902
1518029681458,-1.1270142,5.268997,7.422531
1518029681462,-1.0408783,5.2546387,7.5373993
1518029681469,-0.94277954,5.28096,7.6666107
1518029681470,-0.8638153,5.2881317,7.7838593
1518029681471,-0.78723145,5.297714,7.901108
1518029681472,-0.7298126,5.292923,8.003998
1518029681473,-0.66760254,5.304886,8.094925
1518029681484,-0.6125641,5.3072815,8.202591
1518029681485,-0.5862427,5.3192444,8.303101
1518029681486,-0.5623169,5.2881317,8.372482
1518029681487,-0.5479584,5.25943,8.434708
1518029681488,-0.5264282,5.2283173,8.477768
1518029681489,-0.5024872,5.2139587,8.489731
1518029681492,-0.46899414,5.190033,8.518448
1518029681495,-0.4283142,5.161316,8.518448
1518029681496,-0.3756714,5.1349945,8.573486
1518029681508,-0.34934998,5.103897,8.642868
1518029681509,-0.29431152,5.063217,8.714661
1518029681510,-0.21296692,5.029709,8.721832
1518029681511,-0.13400269,4.99382,8.712265
1518029681511,-0.100494385,4.9579315,8.729019
1518029681511,-0.1268158,4.9483643,8.779266
1518029681515,-0.16989136,4.922043,8.882156
1518029681515,-0.22253418,4.8717804,9.008972
1518029681520,-0.2679901,4.823929,9.121445
1518029681523,-0.29910278,4.7736816,9.221939
1518029681523,-0.31106567,4.7401886,9.284149
1518029681526,-0.32781982,4.72583,9.324829
1518029681527,-0.33259583,4.689926,9.387039
1518029681529,-0.36131287,4.6325073,9.408585
1518029681532,-0.35653687,4.5607147,9.365509
1518029681534,-0.2871399,4.536789,9.312866
1518029681560,-0.21774292,4.577469,9.296112
1518029681561,-0.22732544,4.6085815,9.367905
1518029681561,-0.23449707,4.639679,9.568893
1518029681561,-0.17228699,4.7019043,9.834503
1518029681562,-0.07417297,4.7449646,10.114456
1518029681562,0.021530151,4.7688904,10.305893
1518029681562,0.050247192,4.783249,10.420746
1518029681562,0.052642822,4.7976074,10.454239
1518029681562,0.033493042,4.8263245,10.442276
1518029681563,0.007171631,4.864609,10.420746
1518029681563,-0.009567261,4.924423,10.4375
1518029681568,-0.021530151,4.967499,10.4231415
1518029681568,-0.03111267,5.024933,10.392029
1518029681588,-0.0765686,5.029709,10.3537445
1518029681589,-0.102890015,4.9794617,10.31546
1518029681589,-0.1483612,4.9076843,10.298706
1518029681589,-0.16270447,4.790436,10.301102
1518029681589,-0.13639832,4.718643,10.301102
1518029681590,-0.08375549,4.68515,10.305893
1518029681590,-0.055038452,4.646866,10.284348
1518029681590,-0.057434082,4.6420746,10.2508545
1518029681591,-0.086135864,4.6372833,10.214966
1518029681612,-0.122039795,4.6540375,10.179062
1518029681612,-0.15553284,4.689926,10.121643
1518029681612,-0.15792847,4.730606,10.052246
1518029681613,-0.15553284,4.7856445,9.973282
1518029681613,-0.105285645,4.845459,9.84407
1518029681613,-0.055038452,4.9004974,9.714859
1518029681613,-0.0143585205,4.960327,9.561722
1518029681614,0.0143585205,5.001007,9.403793
1518029681614,0.04547119,5.0321045,9.2482605
1518029681614,0.04067993,5.0392914,9.0711975
