1518029925902,-0.11828613,0.02204895,-0.014877319
1518029925903,-0.11828613,0.02204895,-0.014877319
1518029925907,0.080825806,-3.704193,-5.565155
1518029925907,0.04295349,-4.6608124,-7.0495453
1518029925908,2.5816956,-17.279999,-20.943008
1518029925913,2.353241,11.556366,16.188858
1518029925919,3.262207,1.1020508,4.28804
1518029925922,3.1278229,1.6115112,5.0601807
1518029925926,3.0667267,1.3085327,4.5678253
1518029925929,3.12294,-0.6559906,1.5635986
1518029925935,3.0484009,-0.71829224,1.3803406
1518029925938,2.951889,-0.70484924,1.38768
1518029925944,2.8627167,-0.6963196,1.3717957
1518029925949,2.0331573,-0.54237366,1.0333557
1518029925953,-0.026672363,-0.11354065,0.12930298
1518029925958,-0.21481323,-0.084228516,0.055999756
1518029925962,-0.25634766,-0.0793457,0.059646606
1518029925967,-0.2734375,-0.0793457,0.043762207
1518029925972,-0.2893219,-0.08544922,0.05354309
1518029925979,-0.29544067,-0.08544922,0.042556763
1518029925984,-0.3027649,-0.087890625,0.058441162
1518029925989,-0.30644226,-0.09033203,0.04988098
1518029925996,-0.3076477,-0.087890625,0.055999756
1518029926002,-0.31498718,-0.084228516,0.06088257
1518029926007,-0.3162079,-0.084228516,0.04988098
1518029926014,-0.3162079,-0.07688904,0.058441162
1518029926019,-0.31132507,-0.067108154,0.047439575
1518029926025,-0.31253052,-0.06222534,0.059646606
1518029926031,-0.31498718,-0.05857849,0.05354309
1518029926036,-0.30888367,-0.059783936,0.054763794
1518029926043,-0.30155945,-0.061019897,0.058441162
1518029926050,-0.29666138,-0.059783936,0.05354309
1518029926057,-0.2917633,-0.05857849,0.062088013
1518029926063,-0.28323364,-0.06222534,0.05354309
1518029926070,-0.27467346,-0.061019897,0.063323975
1518029926075,-0.26490784,-0.06222534,0.058441162
1518029926081,-0.2575531,-0.0634613,0.059646606
1518029926086,-0.24902344,-0.06466675,0.059646606
1518029926091,-0.23678589,-0.067108154,0.05354309
1518029926095,-0.22090149,-0.067108154,0.0572052
1518029926101,-0.21237183,-0.07078552,0.05354309
1518029926105,-0.20137024,-0.07078552,0.05354309
1518029926110,-0.18914795,-0.06956482,0.046203613
1518029926115,-0.17692566,-0.072006226,0.047439575
1518029926121,-0.16227722,-0.07444763,0.04499817
1518029926126,-0.15005493,-0.07688904,0.042556763
1518029926131,-0.14027405,-0.07688904,0.046203613
1518029926136,-0.12561035,-0.08299255,0.042556763
1518029926142,-0.11340332,-0.08299255,0.042556763
1518029926147,-0.09996033,-0.08544922,0.038879395
1518029926153,-0.08407593,-0.087890625,0.03767395
1518029926158,-0.0718689,-0.08666992,0.03767395
1518029926165,-0.058425903,-0.08178711,0.03767395
1518029926173,-0.051101685,-0.084228516,0.038879395
1518029926180,-0.04133606,-0.09033203,0.03277588
1518029926186,-0.030349731,-0.087890625,0.033996582
1518029926191,-0.02178955,-0.08544922,0.030334473
1518029926198,-0.014465332,-0.08666992,0.033996582
1518029926204,-0.0059051514,-0.08666992,0.031555176
1518029926211,-0.0046844482,-0.087890625,0.026672363
1518029926217,-0.0010223389,-0.09643555,0.02911377
1518029926223,0.0026550293,-0.09765625,0.024230957
1518029926229,0.008743286,-0.10621643,0.024230957
1518029926236,0.014862061,-0.107437134,0.02178955
1518029926242,0.014862061,-0.11476135,0.020553589
1518029926248,0.020980835,-0.11842346,0.019332886
1518029926255,0.019744873,-0.12454224,0.015670776
1518029926262,0.02708435,-0.13186646,0.01322937
1518029926268,0.031967163,-0.13798523,0.008346558
1518029926275,0.033187866,-0.14530945,0.0071105957
1518029926281,0.03440857,-0.15019226,0.0010070801
1518029926288,0.036849976,-0.15507507,-2.1362305E-4
1518029926295,0.040512085,-0.15875244,-0.0050964355
1518029926301,0.04663086,-0.16851807,-0.012420654
1518029926308,0.051513672,-0.1807251,-0.012420654
1518029926315,0.05517578,-0.18684387,-0.020980835
1518029926322,0.061294556,-0.19784546,-0.028305054
1518029926329,0.07472229,-0.21005249,-0.03930664
1518029926336,0.08816528,-0.22473145,-0.04663086
1518029926344,0.10159302,-0.24061584,-0.061294556
1518029926350,0.12236023,-0.2625885,-0.07106018
1518029926357,0.14068604,-0.28459167,-0.084503174
1518029926365,0.16145325,-0.3126831,-0.0942688
1518029926375,0.18589783,-0.3444519,-0.10650635
1518029926383,0.2103424,-0.3774414,-0.117492676
1518029926390,0.23355103,-0.41897583,-0.1272583
1518029926398,0.25920105,-0.46783447,-0.13946533
1518029926406,0.28364563,-0.51916504,-0.14924622
1518029926413,0.31173706,-0.5753479,-0.16390991
1518029926421,0.33740234,-0.6340027,-0.18099976
1518029926428,0.36672974,-0.697525,-0.19322205
1518029926436,0.39846802,-0.763504,-0.21276855
1518029926445,0.43267822,-0.83436584,-0.22621155
1518029926453,0.46444702,-0.90156555,-0.24453735
1518029926461,0.49621582,-0.9663086,-0.26042175
1518029926469,0.53286743,-1.0310516,-0.2762909
1518029926476,0.56463623,-1.0945892,-0.28852844
1518029926484,0.59762573,-1.1532288,-0.30197144
1518029926492,0.6245117,-1.2094421,-0.3129425
1518029926501,0.64404297,-1.2583008,-0.33006287
1518029926510,0.66116333,-1.304718,-0.3398285
1518029926519,0.67581177,-1.345047,-0.35083008
1518029926528,0.6806946,-1.3780365,-0.35694885
1518029926538,0.6855774,-1.4085693,-0.36671448
1518029926547,0.68437195,-1.4305725,-0.3703766
1518029926556,0.6746063,-1.4501038,-0.3740387
1518029926575,0.6648102,-1.4635468,-0.37283325
1518029926588,0.6538086,-1.4745483,-0.37283325
1518029926602,0.63671875,-1.4769897,-0.3703766
1518029926615,0.62815857,-1.4940948,-0.36791992
1518029926625,0.61839294,-1.5222015,-0.3630371
1518029926637,0.596405,-1.550293,-0.35203552
1518029926646,0.5744171,-1.5588531,-0.34594727
1518029926655,0.5597534,-1.550293,-0.3398285
1518029926664,0.5414276,-1.5319672,-0.33862305
1518029926673,0.530426,-1.5050812,-0.33494568
1518029926681,0.5194397,-1.4769897,-0.33618164
1518029926690,0.5133209,-1.4440155,-0.33738708
1518029926699,0.5059967,-1.4098053,-0.33494568
1518029926708,0.50109863,-1.3768005,-0.3312683
1518029926717,0.49745178,-1.3499298,-0.32762146
1518029926727,0.4901123,-1.3303833,-0.31906128
1518029926737,0.4925537,-1.3206024,-0.30685425
1518029926747,0.491333,-1.3120575,-0.30197144
1518029926757,0.4925537,-1.3096161,-0.29096985
1518029926780,0.4937744,-1.3096161,-0.28729248
1518029926799,0.4925537,-1.3132782,-0.28118896
1518029926815,0.49501038,-1.3169403,-0.2762909
1518029926828,0.49865723,-1.3255005,-0.27264404
1518029926839,0.5084381,-1.3426056,-0.2738495
1518029926855,0.51698303,-1.3816833,-0.2787323
1518029926867,0.5316467,-1.418335,-0.27752686
1518029926877,0.55119324,-1.4330139,-0.2738495
1518029926887,0.5768585,-1.4281311,-0.2738495
1518029926897,0.596405,-1.4171295,-0.28240967
1518029926907,0.60739136,-1.4220123,-0.3263855
1518029926917,0.61351013,-1.4036865,-0.37527466
1518029926927,0.63183594,-1.3621521,-0.4070282
1518029926938,0.6587219,-1.3303833,-0.43389893
1518029926949,0.67581177,-1.3108368,-0.4559021
1518029926961,0.68925476,-1.2986145,-0.48155212
1518029926978,0.7014618,-1.2839508,-0.50354004
1518029926990,0.71614075,-1.2693024,-0.52186584
1518029927002,0.72346497,-1.2485352,-0.53775024
1518029927016,0.7381134,-1.2350922,-0.55363464
1518029927030,0.7430115,-1.214325,-0.56340027
1518029927043,0.75279236,-1.1923218,-0.5682831
1518029927054,0.762558,-1.1727905,-0.5682831
1518029927064,0.7674408,-1.1532288,-0.5731964
1518029927075,0.7698822,-1.1312408,-0.5780792
1518029927086,0.7772217,-1.0982513,-0.57928467
1518029927099,0.7821045,-1.0591583,-0.5817261
1518029927113,0.7906647,-1.0164032,-0.57928467
1518029927125,0.7918854,-0.9663086,-0.57196045
1518029927137,0.7906647,-0.9113312,-0.5597534
1518029927153,0.7869873,-0.85513306,-0.5499573
1518029927165,0.7821045,-0.7964783,-0.5414276
1518029927177,0.7747803,-0.7354126,-0.52674866
1518029927188,0.7662201,-0.6828766,-0.51330566
1518029927199,0.75279236,-0.6303406,-0.49743652
1518029927214,0.74057007,-0.5814667,-0.48277283
1518029927229,0.7197876,-0.53504944,-0.46932983
1518029927241,0.69781494,-0.48251343,-0.45222473
1518029927253,0.6782532,-0.42630005,-0.43023682
1518029927264,0.6538086,-0.37620544,-0.4033661
1518029927275,0.62939453,-0.33467102,-0.37771606
1518029927288,0.60006714,-0.2906952,-0.35083008
1518029927301,0.5597534,-0.24794006,-0.32518005
1518029927312,0.5157776,-0.19540405,-0.2994995
1518029927325,0.4730072,-0.14408875,-0.26652527
1518029927337,0.4229126,-0.095214844,-0.23843384
1518029927350,0.37649536,-0.04145813,-0.21032715
1518029927364,0.31663513,0.00982666,-0.18223572
1518029927377,0.260437,0.06604004,-0.1565857
1518029927390,0.20301819,0.1234436,-0.13090515
1518029927403,0.13703918,0.18086243,-0.108947754
1518029927420,0.07350159,0.23951721,-0.085739136
1518029927435,0.009979248,0.3030548,-0.060073853
1518029927450,-0.05354309,0.36289978,-0.038085938
1518029927465,-0.119506836,0.42399597,-0.014877319
1518029927477,-0.18304443,0.4838562,0.0071105957
1518029927489,-0.23678589,0.5339508,0.02911377
1518029927501,-0.2917633,0.581604,0.04988098
1518029927513,-0.34429932,0.62435913,0.07064819
1518029927526,-0.3919525,0.65856934,0.09020996
1518029927538,-0.43470764,0.68666077,0.107299805
1518029927551,-0.46891785,0.70622253,0.12686157
1518029927565,-0.50068665,0.720871,0.14518738
1518029927580,-0.5226898,0.73065186,0.15739441
1518029927597,-0.54222107,0.7331085,0.1708374
1518029927619,-0.5569,0.73065186,0.17938232
1518029927636,-0.56422424,0.72698975,0.18792725
1518029927651,-0.56666565,0.720871,0.19160461
1518029927674,-0.56422424,0.71354675,0.19404602
1518029927688,-0.55810547,0.70254517,0.19648743
1518029927702,-0.55444336,0.6915436,0.19282532
1518029927716,-0.54345703,0.6805725,0.19282532
1518029927730,-0.5312195,0.66589355,0.19160461
1518029927744,-0.51657104,0.65000916,0.19160461
1518029927758,-0.4994812,0.6378021,0.18792725
1518029927775,-0.47868347,0.6219177,0.1842804
1518029927791,-0.45547485,0.6048126,0.17572021
1518029927805,-0.43714905,0.5889282,0.17204285
1518029927820,-0.41638184,0.5754852,0.16471863
1518029927838,-0.39561462,0.55960083,0.16105652
1518029927853,-0.3711853,0.541275,0.15739441
1518029927869,-0.3516388,0.5229492,0.14762878
1518029927885,-0.32841492,0.5083008,0.14639282
1518029927900,-0.30888367,0.49241638,0.14151001
1518029927915,-0.29055786,0.4728546,0.13783264
1518029927930,-0.26979065,0.4545288,0.13174438
1518029927945,-0.25390625,0.43988037,0.12806702
1518029927960,-0.23802185,0.42276,0.124420166
1518029927979,-0.21969604,0.4044342,0.119506836
1518029928003,-0.20381165,0.39102173,0.1207428
1518029928018,-0.19036865,0.37757874,0.11830139
1518029928033,-0.18060303,0.36169434,0.11097717
1518029928050,-0.17082214,0.35313416,0.10362244
1518029928067,-0.15615845,0.33847046,0.09753418
1518029928083,-0.14517212,0.32626343,0.098739624
1518029928098,-0.13172913,0.31648254,0.09265137
1518029928120,-0.12194824,0.31037903,0.09020996
1518029928137,-0.11706543,0.29693604,0.08409119
1518029928152,-0.11340332,0.28593445,0.08164978
1518029928169,-0.10852051,0.27372742,0.079208374
1518029928198,-0.1060791,0.26516724,0.07432556
1518029928215,-0.103637695,0.25172424,0.07064819
1518029928237,-0.1060791,0.24195862,0.059646606
1518029928254,-0.1060791,0.23339844,0.055999756
1518029928278,-0.107284546,0.21875,0.04988098
1518029928298,-0.10852051,0.21263123,0.046203613
1518029928314,-0.110961914,0.20898438,0.03767395
1518029928331,-0.11462402,0.205307,0.033996582
1518029928352,-0.11462402,0.2028656,0.03277588
1518029928369,-0.11340332,0.19918823,0.027877808
1518029928393,-0.11828613,0.2004242,0.031555176
1518029928411,-0.119506836,0.19554138,0.027877808
1518029928429,-0.11828613,0.19430542,0.030334473
1518029928450,-0.12072754,0.1894226,0.027877808
1518029928466,-0.119506836,0.18574524,0.02911377
1518029928481,-0.12194824,0.17842102,0.02911377
1518029928498,-0.12072754,0.16741943,0.03277588
1518029928513,-0.11828613,0.16009521,0.0413208
1518029928528,-0.11340332,0.14665222,0.040115356
1518029928545,-0.11218262,0.13568115,0.042556763
1518029928562,-0.107284546,0.1234436,0.042556763
1518029928579,-0.09629822,0.1051178,0.043762207
1518029928605,-0.087753296,0.08312988,0.042556763
1518029928625,-0.07797241,0.06480408,0.042556763
1518029928642,-0.06575012,0.045272827,0.0413208
1518029928659,-0.051101685,0.02571106,0.03767395
1518029928684,-0.038879395,0.0037384033,0.03277588
1518029928702,-0.025466919,-0.018249512,0.030334473
1518029928720,-0.014465332,-0.03781128,0.030334473
1518029928736,0.0038604736,-0.056121826,0.024230957
1518029928752,0.016082764,-0.075668335,0.024230957
1518029928768,0.028305054,-0.09399414,0.02178955
1518029928785,0.03929138,-0.10865784,0.022994995
1518029928802,0.05029297,-0.12088013,0.018112183
1518029928820,0.057617188,-0.13308716,0.01689148
1518029928837,0.064956665,-0.14042664,0.014450073
1518029928858,0.06983948,-0.14530945,0.014450073
1518029928882,0.07472229,-0.15386963,0.012008667
1518029928903,0.08328247,-0.15875244,0.008346558
1518029928922,0.08816528,-0.15875244,0.0046691895
1518029928943,0.096710205,-0.15507507,0.0022277832
1518029928961,0.09915161,-0.15507507,-0.0014343262
1518029928984,0.10404968,-0.15019226,-0.0063171387
1518029929003,0.10404968,-0.14530945,-0.009979248
1518029929020,0.1101532,-0.14042664,-0.009979248
1518029929042,0.108932495,-0.14042664,-0.009979248
1518029929062,0.11383057,-0.14164734,-0.014877319
1518029929080,0.11747742,-0.14530945,-0.017318726
1518029929102,0.11747742,-0.15751648,-0.025863647
1518029929121,0.12359619,-0.17219543,-0.031967163
1518029929139,0.13703918,-0.19052124,-0.038085938
1518029929157,0.1443634,-0.2124939,-0.04663086
1518029929176,0.15657043,-0.23817444,-0.053970337
1518029929198,0.16636658,-0.2650299,-0.060073853
1518029929217,0.18101501,-0.2906952,-0.06741333
1518029929237,0.1920166,-0.3212433,-0.07962036
1518029929255,0.20666504,-0.35055542,-0.084503174
1518029929274,0.221344,-0.375,-0.093063354
1518029929295,0.23355103,-0.40065002,-0.09918213
1518029929314,0.24331665,-0.4250946,-0.10650635
1518029929335,0.25431824,-0.44706726,-0.112594604
1518029929364,0.25553894,-0.46295166,-0.116256714
1518029929384,0.25553894,-0.47639465,-0.12113953
1518029929403,0.25431824,-0.47639465,-0.117492676
1518029929423,0.24575806,-0.4751892,-0.12602234
1518029929444,0.23843384,-0.48007202,-0.13702393
1518029929467,0.23110962,-0.48371887,-0.1431427
1518029929489,0.22987366,-0.47883606,-0.15046692
1518029929512,0.23110962,-0.4727173,-0.15046692
1518029929536,0.23233032,-0.47151184,-0.15046692
1518029929555,0.23477173,-0.46662903,-0.14678955
1518029929575,0.23599243,-0.46051025,-0.15046692
1518029929595,0.23843384,-0.45074463,-0.15046692
1518029929627,0.23599243,-0.43974304,-0.15534973
1518029929657,0.23843384,-0.42385864,-0.16023254
1518029929681,0.2372284,-0.4092102,-0.16511536
1518029929708,0.2372284,-0.38842773,-0.17001343
1518029929728,0.23843384,-0.36766052,-0.17611694
1518029929750,0.23477173,-0.348114,-0.18223572
1518029929770,0.23477173,-0.3273468,-0.18955994
1518029929790,0.23233032,-0.30412292,-0.19812012
1518029929811,0.22254944,-0.2809143,-0.20300293
1518029929831,0.21890259,-0.26138306,-0.20788574
1518029929853,0.21522522,-0.24182129,-0.20788574
1518029929880,0.207901,-0.22105408,-0.20910645
1518029929901,0.20422363,-0.1990509,-0.20910645
1518029929922,0.19689941,-0.17828369,-0.21154785
1518029929943,0.19078064,-0.15507507,-0.21154785
1518029929963,0.18345642,-0.13064575,-0.21766663
1518029929984,0.17489624,-0.10865784,-0.21766663
1518029930016,0.16636658,-0.08666992,-0.22132874
1518029930048,0.1578064,-0.06956482,-0.23843384
1518029930073,0.13215637,-0.07322693,-0.27752686
1518029930093,0.11138916,-0.05368042,-0.3105011
1518029930114,0.10649109,-0.0011749268,-0.3215027
1518029930135,0.11871338,0.04647827,-0.31782532
1518029930156,0.124816895,0.063583374,-0.31417847
1518029930177,0.11503601,0.052597046,-0.32518005
1518029930197,0.10159302,0.048919678,-0.33862305
1518029930220,0.09794617,0.072143555,-0.33370972
1518029930241,0.10038757,0.10757446,-0.31906128
1518029930262,0.10649109,0.124679565,-0.29341125
1518029930288,0.10404968,0.11979675,-0.27996826
1518029930312,0.09794617,0.10635376,-0.27264404
1518029930334,0.09182739,0.10267639,-0.26164246
1518029930355,0.0942688,0.11001587,-0.24209595
1518029930376,0.09915161,0.12223816,-0.22377014
1518029930397,0.108932495,0.12223816,-0.20422363
1518029930419,0.105270386,0.108795166,-0.19812012
1518029930442,0.09915161,0.09413147,-0.19566345
1518029930464,0.10159302,0.09291077,-0.18099976
1518029930488,0.10649109,0.09413147,-0.16390991
1518029930511,0.11138916,0.09413147,-0.14924622
1518029930532,0.11503601,0.09291077,-0.13458252
1518029930553,0.11383057,0.09046936,-0.1272583
1518029930577,0.112594604,0.09046936,-0.11993408
1518029930602,0.10771179,0.08924866,-0.112594604
1518029930628,0.11138916,0.084350586,-0.101623535
1518029930650,0.112594604,0.08680725,-0.09550476
1518029930672,0.11138916,0.09046936,-0.09062195
1518029930695,0.11747742,0.096572876,-0.08938599
1518029930717,0.11138916,0.10635376,-0.084503174
1518029930741,0.10649109,0.112457275,-0.080841064
1518029930763,0.105270386,0.11734009,-0.07962036
1518029930787,0.10282898,0.12588501,-0.07962036
1518029930811,0.10038757,0.13568115,-0.08206177
1518029930834,0.09794617,0.14056396,-0.07962036
1518029930859,0.09182739,0.14665222,-0.077178955
1518029930881,0.08816528,0.15032959,-0.07473755
1518029930905,0.08694458,0.16133118,-0.06985474
1518029930929,0.08572388,0.16497803,-0.07473755
1518029930953,0.084503174,0.1686554,-0.07106018
1518029930977,0.080825806,0.1710968,-0.07229614
1518029930998,0.080825806,0.16989136,-0.068618774
1518029931024,0.0783844,0.16989136,-0.064971924
1518029931046,0.07594299,0.1686554,-0.06617737
1518029931070,0.0771637,0.16497803,-0.060073853
1518029931093,0.07594299,0.15765381,-0.056411743
1518029931115,0.07472229,0.15400696,-0.052734375
1518029931136,0.07594299,0.15032959,-0.05152893
1518029931162,0.0783844,0.15032959,-0.047851562
1518029931188,0.0783844,0.1515503,-0.04663086
1518029931214,0.07472229,0.14788818,-0.03930664
1518029931244,0.0771637,0.14544678,-0.036865234
1518029931271,0.07350159,0.14665222,-0.033203125
1518029931296,0.07106018,0.14910889,-0.029525757
1518029931320,0.06739807,0.152771,-0.025863647
1518029931344,0.060058594,0.152771,-0.023422241
1518029931369,0.056396484,0.15765381,-0.016098022
1518029931392,0.053955078,0.16253662,-0.014877319
1518029931417,0.041748047,0.1686554,-0.012420654
1518029931447,0.03440857,0.17477417,-0.0050964355
1518029931480,0.028305054,0.18086243,-0.0050964355
1518029931510,0.020980835,0.18574524,0.0022277832
1518029931536,0.012420654,0.19554138,0.0034484863
1518029931559,0.007537842,0.205307,-0.0014343262
1518029931586,0.0014190674,0.21142578,0.008346558
1518029931610,-0.0034637451,0.21751404,0.009567261
1518029931635,-0.008346558,0.22851562,0.008346558
1518029931659,-0.012023926,0.23583984,0.010787964
1518029931683,-0.016906738,0.24075317,0.01322937
1518029931708,-0.018112183,0.24563599,0.014450073
1518029931732,-0.02178955,0.25172424,0.01689148
1518029931756,-0.026672363,0.2566223,0.024230957
1518029931782,-0.032791138,0.26028442,0.024230957
1518029931805,-0.040115356,0.2688446,0.025436401
1518029931829,-0.04133606,0.2725067,0.02911377
1518029931853,-0.04866028,0.27983093,0.031555176
1518029931876,-0.054748535,0.2883911,0.031555176
1518029931902,-0.059646606,0.29937744,0.035217285
1518029931927,-0.06575012,0.30671692,0.03643799
1518029931952,-0.0743103,0.31648254,0.038879395
1518029931977,-0.079193115,0.33114624,0.0413208
1518029932008,-0.09263611,0.34580994,0.043762207
1518029932035,-0.10484314,0.35801697,0.042556763
1518029932061,-0.11706543,0.37145996,0.043762207
1518029932088,-0.12806702,0.38978577,0.047439575
1518029932113,-0.14149475,0.40322876,0.04864502
1518029932138,-0.15005493,0.4178772,0.04988098
1518029932163,-0.15737915,0.42887878,0.054763794
1518029932188,-0.16716003,0.44111633,0.058441162
1518029932214,-0.17448425,0.4472046,0.06088257
1518029932241,-0.18792725,0.45332336,0.059646606
1518029932267,-0.19648743,0.4520874,0.063323975
1518029932293,-0.19404602,0.4472046,0.06576538
1518029932322,-0.19036865,0.43743896,0.06452942
1518029932348,-0.19281006,0.42523193,0.06452942
1518029932373,-0.18914795,0.41178894,0.066970825
1518029932398,-0.18424988,0.39466858,0.06452942
1518029932426,-0.17082214,0.37145996,0.06088257
1518029932453,-0.15982056,0.35313416,0.06088257
1518029932480,-0.14883423,0.33114624,0.058441162
1518029932507,-0.13783264,0.30793762,0.055999756
1518029932537,-0.11706543,0.284729,0.04988098
1518029932563,-0.103637695,0.2639618,0.0413208
1518029932590,-0.086517334,0.23951721,0.042556763
1518029932616,-0.070632935,0.2163086,0.033996582
1518029932644,-0.051101685,0.19186401,0.03277588
1518029932673,-0.035232544,0.1710968,0.027877808
1518029932701,-0.018112183,0.14544678,0.019332886
1518029932729,0.0026550293,0.1210022,0.015670776
1518029932759,0.020980835,0.09291077,0.010787964
1518029932788,0.031967163,0.068481445,0.0059051514
1518029932816,0.051513672,0.04159546,-2.1362305E-4
1518029932847,0.06739807,0.015945435,-0.0050964355
1518029932875,0.080825806,-0.003616333,-0.007537842
1518029932905,0.09182739,-0.028015137,-0.013656616
1518029932934,0.10038757,-0.046340942,-0.016098022
1518029932960,0.10771179,-0.0634613,-0.019760132
1518029932986,0.11991882,-0.07444763,-0.025863647
1518029933012,0.12359619,-0.084228516,-0.029525757
1518029933042,0.1272583,-0.09277344,-0.031967163
1518029933077,0.128479,-0.10131836,-0.034423828
1518029933119,0.12971497,-0.10499573,-0.03564453
1518029933146,0.13092041,-0.107437134,-0.03564453
1518029933178,0.12359619,-0.10865784,-0.038085938
1518029933211,0.11747742,-0.115982056,-0.038085938
1518029933240,0.11383057,-0.12210083,-0.040527344
1518029933269,0.1101532,-0.13186646,-0.045410156
1518029933297,0.10159302,-0.14164734,-0.05029297
1518029933325,0.10038757,-0.15631104,-0.052734375
1518029933352,0.09794617,-0.17340088,-0.056411743
1518029933379,0.09794617,-0.19296265,-0.06251526
1518029933406,0.10159302,-0.21737671,-0.064971924
1518029933434,0.105270386,-0.24794006,-0.07229614
1518029933477,0.11747742,-0.2784729,-0.07839966
1518029933509,0.128479,-0.3139038,-0.085739136
1518029933539,0.14068604,-0.35543823,-0.096725464
1518029933570,0.1578064,-0.40309143,-0.108947754
1518029933597,0.17857361,-0.45195007,-0.116256714
1518029933629,0.20301819,-0.50572205,-0.1296997
1518029933662,0.22866821,-0.55337524,-0.14190674
1518029933693,0.25065613,-0.6022339,-0.15290833
1518029933724,0.27876282,-0.6547699,-0.1614685
1518029933752,0.30441284,-0.6902008,-0.16635132
1518029933781,0.32151794,-0.710968,-0.16267395
1518029933811,0.34106445,-0.73661804,-0.16511536
1518029933841,0.35205078,-0.76838684,-0.16879272
1518029933871,0.3569336,-0.80381775,-0.17979431
1518029933900,0.3569336,-0.82702637,-0.19200134
1518029933929,0.36183167,-0.83680725,-0.19812012
1518029933958,0.37161255,-0.83680725,-0.20300293
1518029933986,0.3777008,-0.83314514,-0.20178223
1518029934014,0.38259888,-0.82092285,-0.20422363
1518029934044,0.38381958,-0.81970215,-0.20788574
1518029934082,0.38259888,-0.82092285,-0.21520996
1518029934113,0.3752594,-0.8282471,-0.22743225
1518029934148,0.36427307,-0.83802795,-0.23353577
1518029934178,0.35205078,-0.84291077,-0.24087524
1518029934208,0.33128357,-0.8685608,-0.24942017
1518029934238,0.31051636,-0.90156555,-0.25675964
1518029934271,0.28486633,-0.9345398,-0.26286316
1518029934310,0.24943542,-0.96998596,-0.28363037
1518029934339,0.21278381,-0.9870758,-0.30317688
1518029934368,0.18225098,-0.9773102,-0.3080597
1518029934397,0.1578064,-0.9663086,-0.30073547
1518029934431,0.13459778,-0.96754456,-0.28485107
1518029934461,0.10404968,-0.9736328,-0.2738495
1518029934490,0.07594299,-0.9711914,-0.25675964
1518029934520,0.05029297,-0.9504242,-0.22987366
1518029934549,0.024627686,-0.9235382,-0.19444275
1518029934578,0.0026550293,-0.9003296,-0.15168762
1518029934608,-0.02178955,-0.8844452,-0.112594604
1518029934638,-0.049865723,-0.8685608,-0.07106018
1518029934669,-0.075531006,-0.85025024,-0.036865234
1518029934700,-0.1060791,-0.83680725,-0.0038757324
1518029934730,-0.13417053,-0.81604004,0.024230957
1518029934760,-0.15859985,-0.80015564,0.052322388
1518029934790,-0.18670654,-0.78915405,0.08164978
1518029934819,-0.21481323,-0.77815247,0.10362244
1518029934849,-0.24046326,-0.76838684,0.12562561
1518029934883,-0.2734375,-0.7561798,0.14395142
1518029934914,-0.30155945,-0.74638367,0.15127563
1518029934945,-0.32841492,-0.7305298,0.16105652
1518029934981,-0.3577423,-0.7146454,0.16716003
1518029935014,-0.385849,-0.68896484,0.17204285
1518029935044,-0.41149902,-0.6572113,0.18060303
1518029935075,-0.438385,-0.6156769,0.1867218
1518029935107,-0.45915222,-0.566803,0.19526672
1518029935137,-0.48112488,-0.5142822,0.20625305
1518029935167,-0.49456787,-0.46295166,0.21481323
1518029935200,-0.51168823,-0.41041565,0.22335815
1518029935230,-0.5312195,-0.3603363,0.22581482
1518029935260,-0.54589844,-0.3139038,0.22825623
1518029935293,-0.5569,-0.2577057,0.23313904
1518029935334,-0.56422424,-0.20761108,0.22825623
1518029935365,-0.56788635,-0.15507507,0.22947693
1518029935396,-0.57276917,-0.100112915,0.22703552
1518029935426,-0.56910706,-0.047576904,0.22335815
1518029935458,-0.5654297,0.0049438477,0.21847534
1518029935493,-0.55322266,0.059921265,0.21237183
1518029935526,-0.54222107,0.112457275,0.20748901
1518029935559,-0.52633667,0.16133118,0.20137024
1518029935591,-0.51412964,0.20654297,0.19648743
1518029935622,-0.49700928,0.24928284,0.18548584
1518029935654,-0.47868347,0.29083252,0.17694092
1518029935687,-0.46159363,0.32870483,0.17327881
1518029935722,-0.44203186,0.35925293,0.168396
1518029935754,-0.4176178,0.38490295,0.16351318
1518029935786,-0.39683533,0.40934753,0.15983582
1518029935817,-0.37850952,0.42887878,0.15371704
1518029935850,-0.358963,0.4472046,0.14883423
1518029935882,-0.3357544,0.45944214,0.14395142
1518029935915,-0.31498718,0.46676636,0.1366272
1518029935947,-0.29299927,0.47776794,0.13174438
1518029935979,-0.27711487,0.47776794,0.12562561
1518029936011,-0.2599945,0.48020935,0.119506836
1518029936042,-0.2416687,0.47776794,0.115859985
1518029936074,-0.22702026,0.47409058,0.11097717
1518029936112,-0.21113586,0.4655304,0.10609436
1518029936144,-0.20381165,0.4545288,0.099975586
1518029936176,-0.18670654,0.449646,0.099975586
1518029936209,-0.17570496,0.44476318,0.09629822
1518029936240,-0.16471863,0.44111633,0.09509277
1518029936272,-0.15493774,0.4386444,0.09020996
1518029936304,-0.14761353,0.436203,0.088974
1518029936336,-0.14149475,0.43988037,0.09020996
1518029936371,-0.13294983,0.436203,0.088974
1518029936408,-0.12440491,0.44111633,0.08773804
1518029936440,-0.11706543,0.44111633,0.08529663
1518029936473,-0.11218262,0.44355774,0.079208374
1518029936509,-0.1060791,0.4472046,0.07797241
1518029936556,-0.10240173,0.4472046,0.06941223
1518029936588,-0.10240173,0.4545288,0.06452942
1518029936621,-0.10240173,0.45576477,0.06452942
1518029936653,-0.10852051,0.45576477,0.0572052
1518029936694,-0.11462402,0.45820618,0.05354309
1518029936741,-0.12806702,0.45944214,0.04499817
1518029936778,-0.14517212,0.46064758,0.038879395
1518029936818,-0.16104126,0.463089,0.03277588
1518029936861,-0.18180847,0.4704132,0.033996582
1518029936895,-0.19525146,0.48020935,0.03277588
1518029936939,-0.21601868,0.49241638,0.03643799
1518029936981,-0.23678589,0.50341797,0.03643799
1518029937015,-0.25022888,0.51930237,0.03643799
1518029937051,-0.26611328,0.5363922,0.040115356
1518029937090,-0.28079224,0.5486145,0.043762207
1518029937139,-0.29299927,0.5608368,0.04988098
1518029937178,-0.30644226,0.5742645,0.04864502
1518029937214,-0.31253052,0.5779419,0.052322388
1518029937249,-0.3186493,0.581604,0.05354309
1518029937283,-0.32841492,0.5779419,0.05354309
1518029937325,-0.33087158,0.5718231,0.058441162
1518029937359,-0.33087158,0.5620575,0.0572052
1518029937397,-0.3320923,0.5486145,0.058441162
1518029937433,-0.33087158,0.5363922,0.052322388
1518029937467,-0.3259735,0.515625,0.054763794
1518029937503,-0.3186493,0.48997498,0.0572052
1518029937542,-0.31132507,0.46920776,0.055999756
1518029937584,-0.3027649,0.43743896,0.05354309
1518029937627,-0.29666138,0.40811157,0.055999756
1518029937661,-0.2844391,0.37757874,0.055999756
1518029937695,-0.2758789,0.34458923,0.05354309
1518029937732,-0.26490784,0.31648254,0.05354309
1518029937766,-0.2526703,0.28593445,0.05354309
1518029937804,-0.23678589,0.25784302,0.052322388
1518029937844,-0.22457886,0.22851562,0.052322388
1518029937879,-0.20991516,0.19674683,0.051101685
1518029937942,-0.19404602,0.16741943,0.04988098
1518029937979,-0.17692566,0.1368866,0.051101685
1518029938016,-0.16104126,0.10635376,0.05354309
1518029938053,-0.15005493,0.07702637,0.052322388
1518029938087,-0.14149475,0.047714233,0.04988098
1518029938121,-0.12684631,0.019607544,0.047439575
1518029938157,-0.11218262,-0.010940552,0.047439575
1518029938196,-0.09996033,-0.035354614,0.046203613
1518029938235,-0.08895874,-0.05857849,0.04499817
1518029938271,-0.0743103,-0.084228516,0.046203613
1518029938308,-0.06575012,-0.10865784,0.0413208
1518029938350,-0.054748535,-0.13430786,0.042556763
1518029938386,-0.05230713,-0.16119385,0.0413208
1518029938434,-0.043777466,-0.18196106,0.0413208
1518029938470,-0.035232544,-0.20640564,0.040115356
1518029938506,-0.031555176,-0.22717285,0.040115356
1518029938545,-0.031555176,-0.2467041,0.03767395
1518029938581,-0.031555176,-0.26626587,0.031555176
1518029938616,-0.031555176,-0.28703308,0.026672363
1518029938651,-0.031555176,-0.30291748,0.022994995
1518029938685,-0.03767395,-0.3249054,0.020553589
1518029938728,-0.042541504,-0.3456726,0.01689148
1518029938773,-0.05354309,-0.37010193,0.015670776
1518029938809,-0.06454468,-0.3908844,0.01689148
1518029938849,-0.0743103,-0.41773987,0.019332886
1518029938884,-0.086517334,-0.4434204,0.02178955
1518029938922,-0.10118103,-0.47027588,0.025436401
1518029938966,-0.11218262,-0.49595642,0.033996582
1518029939009,-0.12684631,-0.51672363,0.03767395
1518029939053,-0.14149475,-0.53504944,0.0413208
1518029939088,-0.15371704,-0.5594635,0.04864502
1518029939123,-0.16716003,-0.5875702,0.054763794
1518029939178,-0.18060303,-0.6181183,0.059646606
1518029939215,-0.19404602,-0.644989,0.06452942
1518029939250,-0.21237183,-0.6694336,0.063323975
1518029939287,-0.22702026,-0.698761,0.06820679
1518029939323,-0.2416687,-0.724411,0.06941223
1518029939366,-0.25878906,-0.74638367,0.0730896
1518029939409,-0.26979065,-0.76838684,0.07432556
1518029939449,-0.27711487,-0.78549194,0.075531006
1518029939492,-0.2868805,-0.7952728,0.07676697
1518029939532,-0.2917633,-0.80259705,0.07064819
1518029939598,-0.2917633,-0.80381775,0.06452942
1518029939660,-0.29055786,-0.80259705,0.055999756
1518029939709,-0.2868805,-0.7964783,0.052322388
1518029939748,-0.28199768,-0.78549194,0.046203613
1518029939798,-0.2685547,-0.77326965,0.040115356
1518029939841,-0.25634766,-0.7610626,0.033996582
1518029939879,-0.2392273,-0.7476196,0.030334473
1518029939923,-0.21846008,-0.74150085,0.027877808
1518029939978,-0.19892883,-0.73661804,0.024230957
1518029940036,-0.17936707,-0.7317352,0.020553589
1518029940077,-0.15615845,-0.7317352,0.020553589
1518029940113,-0.13050842,-0.73661804,0.018112183
1518029940151,-0.10484314,-0.7476196,0.01322937
1518029940207,-0.075531006,-0.75738525,0.012008667
1518029940247,-0.05230713,-0.77326965,0.0059051514
1518029940285,-0.026672363,-0.79039,-2.1362305E-4
1518029940327,-0.002243042,-0.80747986,-0.0038757324
1518029940365,0.023422241,-0.82336426,-0.011199951
1518029940410,0.047851562,-0.8465729,-0.014877319
1518029940448,0.06983948,-0.86979675,-0.008758545
1518029940487,0.084503174,-0.89056396,-0.0063171387
1518029940533,0.10404968,-0.9137726,-0.0050964355
1518029940579,0.11503601,-0.9394226,-0.0014343262
1518029940629,0.12971497,-0.9638672,0.0046691895
1518029940667,0.13459778,-0.98095703,0.008346558
1518029940707,0.141922,-0.995636,0.012008667
1518029940749,0.1443634,-1.0041962,0.018112183
1518029940788,0.1443634,-1.0029602,0.020553589
1518029940829,0.14068604,-0.99928284,0.026672363
1518029940868,0.13703918,-0.99684143,0.03767395
1518029940907,0.13336182,-0.98339844,0.04988098
1518029940948,0.121154785,-0.9785156,0.06576538
1518029940999,0.09915161,-0.9870758,0.09753418
1518029941050,0.072280884,-0.9870758,0.11830139
1518029941092,0.036849976,-0.9748688,0.11462402
1518029941132,0.0026550293,-0.9589844,0.11462402
1518029941178,-0.026672363,-0.941864,0.11706543
1518029941217,-0.051101685,-0.92233276,0.12930298
1518029941257,-0.070632935,-0.9003296,0.1390686
1518029941295,-0.08163452,-0.87223816,0.15127563
1518029941335,-0.09629822,-0.83192444,0.15861511
1518029941374,-0.103637695,-0.78915405,0.15739441
1518029941445,-0.10484314,-0.73905945,0.154953
1518029941499,-0.09751892,-0.6816406,0.13050842
1518029941545,-0.10240173,-0.6181183,0.12194824
1518029941584,-0.09996033,-0.566803,0.11830139
1518029941637,-0.095077515,-0.5338135,0.1207428
1518029941684,-0.09263611,-0.51672363,0.115859985
1518029941724,-0.086517334,-0.50816345,0.10974121
1518029941765,-0.075531006,-0.51060486,0.09629822
1518029941819,-0.066986084,-0.5154877,0.08409119
1518029941863,-0.06454468,-0.5228119,0.071884155
1518029941902,-0.058425903,-0.52648926,0.059646606
1518029941943,-0.04866028,-0.5313721,0.047439575
1518029941990,-0.032791138,-0.53260803,0.03767395
1518029942043,-0.018112183,-0.5313721,0.024230957
1518029942083,-0.002243042,-0.52893066,0.018112183
1518029942135,0.013641357,-0.52893066,0.008346558
1518029942178,0.02218628,-0.52893066,-0.0014343262
1518029942227,0.033187866,-0.52160645,-0.007537842
1518029942291,0.04663086,-0.52160645,-0.014877319
1518029942355,0.05883789,-0.51672363,-0.020980835
1518029942416,0.07106018,-0.5118408,-0.024642944
1518029942465,0.07594299,-0.5020447,-0.030761719
1518029942507,0.08572388,-0.48616028,-0.033203125
1518029942550,0.09182739,-0.47027588,-0.033203125
1518029942592,0.093048096,-0.45318604,-0.034423828
1518029942634,0.0942688,-0.43118286,-0.030761719
1518029942692,0.09550476,-0.40553284,-0.025863647
1518029942736,0.09550476,-0.3798828,-0.023422241
1518029942776,0.0942688,-0.361557,-0.025863647
1518029942821,0.08816528,-0.348114,-0.020980835
1518029942868,0.08572388,-0.348114,-0.013656616
1518029942912,0.080825806,-0.3627777,-0.009979248
1518029942953,0.0771637,-0.38110352,-2.1362305E-4
1518029942995,0.0783844,-0.39453125,0.0046691895
1518029943036,0.07962036,-0.40065002,0.015670776
1518029943094,0.084503174,-0.40065002,0.02911377
1518029943139,0.08816528,-0.3933258,0.043762207
1518029943182,0.10282898,-0.375,0.066970825
1518029943226,0.11503601,-0.3444519,0.091415405
1518029943271,0.124816895,-0.309021,0.115859985
1518029943315,0.12971497,-0.2894745,0.13050842
1518029943357,0.13092041,-0.2735901,0.14639282
1518029943399,0.13703918,-0.26870728,0.15615845
1518029943458,0.13459778,-0.26626587,0.16471863
1518029943500,0.13336182,-0.26382446,0.17204285
1518029943541,0.13336182,-0.2625885,0.1867218
1518029943583,0.13580322,-0.26382446,0.19770813
1518029943628,0.13459778,-0.26382446,0.2050476
1518029943669,0.13336182,-0.2674713,0.20748901
1518029943713,0.1272583,-0.26991272,0.2050476
1518029943759,0.124816895,-0.2760315,0.20381165
1518029943803,0.12236023,-0.2833557,0.20259094
1518029943849,0.11871338,-0.2943573,0.19526672
1518029943901,0.11503601,-0.3053589,0.19282532
1518029943944,0.11871338,-0.3139038,0.1867218
1518029943987,0.12359619,-0.322464,0.1842804
1518029944030,0.124816895,-0.3322296,0.17816162
1518029944075,0.1260376,-0.3407898,0.17694092
1518029944118,0.1260376,-0.35055542,0.16716003
1518029944163,0.1272583,-0.3627777,0.16595459
1518029944207,0.12971497,-0.3786621,0.16227722
1518029944254,0.128479,-0.3957672,0.15615845
1518029944305,0.128479,-0.41529846,0.15127563
1518029944349,0.128479,-0.43118286,0.14274597
1518029944393,0.1272583,-0.44462585,0.13539124
1518029944435,0.128479,-0.4568329,0.12686157
1518029944496,0.1272583,-0.46539307,0.1207428
1518029944567,0.1272583,-0.46783447,0.11218262
1518029944621,0.12359619,-0.46907043,0.10241699
1518029944665,0.11991882,-0.47151184,0.09629822
1518029944733,0.11138916,-0.4751892,0.08529663
1518029944790,0.10159302,-0.48371887,0.08041382
1518029944842,0.09794617,-0.48983765,0.06576538
1518029944904,0.10159302,-0.4910431,0.055999756
1518029944963,0.096710205,-0.48616028,0.043762207
1518029945021,0.10404968,-0.48007202,0.035217285
1518029945065,0.10159302,-0.46907043,0.025436401
1518029945118,0.10649109,-0.46174622,0.01689148
1518029945169,0.108932495,-0.45806885,0.01322937
1518029945213,0.11383057,-0.4568329,0.0059051514
1518029945261,0.11138916,-0.46418762,-0.0026550293
1518029945308,0.11138916,-0.47395325,-0.012420654
1518029945355,0.112594604,-0.48739624,-0.019760132
1518029945400,0.11871338,-0.50083923,-0.022201538
1518029945445,0.12359619,-0.5142822,-0.030761719
1518029945488,0.12236023,-0.53015137,-0.03564453
1518029945537,0.1260376,-0.54359436,-0.038085938
1518029945588,0.128479,-0.5545807,-0.045410156
1518029945646,0.12971497,-0.5680237,-0.04663086
1518029945691,0.13092041,-0.580246,-0.04663086
1518029945742,0.13336182,-0.592453,-0.052734375
1518029945807,0.13459778,-0.5997925,-0.052734375
1518029945851,0.13459778,-0.6034546,-0.05519104
1518029945895,0.13580322,-0.605896,-0.056411743
1518029945944,0.13459778,-0.6120148,-0.05519104
1518029945991,0.13824463,-0.6168976,-0.056411743
1518029946053,0.141922,-0.6144562,-0.056411743
1518029946109,0.13824463,-0.6156769,-0.057632446
1518029946156,0.13824463,-0.6181183,-0.05885315
1518029946205,0.141922,-0.6156769,-0.060073853
1518029946252,0.13948059,-0.6095581,-0.057632446
1518029946298,0.13703918,-0.6046753,-0.05885315
1518029946342,0.13459778,-0.6022339,-0.05519104
1518029946389,0.128479,-0.6022339,-0.053970337
1518029946438,0.121154785,-0.6095581,-0.05885315
1518029946483,0.11747742,-0.6181183,-0.060073853
1518029946528,0.112594604,-0.631546,-0.064971924
1518029946574,0.09915161,-0.6547699,-0.06985474
1518029946619,0.09550476,-0.67308044,-0.07473755
1518029946663,0.10282898,-0.6828766,-0.080841064
1518029946708,0.11503601,-0.6877594,-0.084503174
1518029946761,0.124816895,-0.68408203,-0.08206177
1518029946810,0.128479,-0.7012024,-0.09062195
1518029946856,0.11747742,-0.75982666,-0.112594604
1518029946909,0.105270386,-0.85635376,-0.14190674
1518029946972,0.11627197,-0.9467468,-0.16879272
1518029947019,0.15168762,-0.98831177,-0.18467712
1518029947066,0.19934082,-0.9748688,-0.19200134
1518029947116,0.22866821,-0.9638672,-0.20544434
1518029947167,0.2421112,-0.9980774,-0.21888733
1518029947221,0.25675964,-1.0518188,-0.22010803
1518029947278,0.27752686,-1.1006927,-0.21888733
1518029947359,0.30075073,-1.1202545,-0.21888733
1518029947425,0.31784058,-1.1202545,-0.20910645
1518029947488,0.32640076,-1.1202545,-0.20178223
1518029947561,0.32884216,-1.1263428,-0.18833923
1518029947644,0.32273865,-1.1446686,-0.16390991
1518029947691,0.30807495,-1.1678772,-0.13581848
1518029947740,0.29463196,-1.1837616,-0.10406494
1518029947787,0.27876282,-1.187439,-0.06741333
1518029947834,0.25675964,-1.186203,-0.036865234
1518029947883,0.221344,-1.1801147,-0.0026550293
1518029947929,0.18589783,-1.1715546,0.026672363
1518029947975,0.14804077,-1.160553,0.04988098
1518029948023,0.112594604,-1.1459045,0.0730896
1518029948071,0.072280884,-1.1251373,0.09020996
1518029948118,0.035629272,-1.0970306,0.1048584
1518029948184,-0.0034637451,-1.0652618,0.11341858
1518029948255,-0.04866028,-1.0298462,0.123184204
1518029948306,-0.08531189,-0.9846344,0.12930298
1518029948353,-0.12072754,-0.941864,0.13418579
1518029948401,-0.15493774,-0.8966675,0.1390686
1518029948453,-0.19158936,-0.85147095,0.1402893
1518029948500,-0.22457886,-0.80992126,0.14151001
1518029948550,-0.24902344,-0.76838684,0.14151001
1518029948611,-0.27467346,-0.7317352,0.1390686
1518029948657,-0.29666138,-0.70240784,0.13783264
1518029948705,-0.31253052,-0.6804352,0.13418579
1518029948756,-0.32841492,-0.6608734,0.13174438
1518029948822,-0.3418579,-0.6437683,0.13174438
1518029948887,-0.3528595,-0.6266632,0.124420166
1518029948945,-0.3553009,-0.6144562,0.119506836
1518029949005,-0.36018372,-0.6083374,0.10974121
1518029949063,-0.3565216,-0.6046753,0.10609436
1518029949116,-0.3516388,-0.6010132,0.09385681
1518029949163,-0.34553528,-0.5973511,0.08529663
1518029949210,-0.3320923,-0.6022339,0.07676697
1518029949255,-0.3100891,-0.6022339,0.062088013
1518029949306,-0.2917633,-0.6010132,0.04988098
1518029949357,-0.2709961,-0.6071167,0.0413208
1518029949413,-0.24778748,-0.6156769,0.03277588
1518029949464,-0.22090149,-0.6242218,0.02178955
1518029949517,-0.19404602,-0.6376648,0.008346558
1518029949583,-0.16960144,-0.6547699,0.0022277832
1518029949643,-0.14883423,-0.67308044,0.0022277832
1518029949693,-0.12194824,-0.69140625,-2.1362305E-4
1518029949752,-0.09996033,-0.7146454,-0.0026550293
1518029949829,-0.08163452,-0.737854,-2.1362305E-4
1518029949918,-0.05718994,-0.7610626,0.0010070801
1518029950029,-0.033996582,-0.78305054,0.0046691895
1518029950090,-0.018112183,-0.80625916,0.0059051514
1518029950152,0.0038604736,-0.83192444,0.0059051514
1518029950203,0.02218628,-0.85269165,0.010787964
1518029950255,0.036849976,-0.87467957,0.008346558
1518029950327,0.051513672,-0.8978882,0.010787964
1518029950381,0.06983948,-0.9235382,0.0059051514
1518029950435,0.08694458,-0.9504242,0.009567261
1518029951696,0.10038757,-0.9773102,0.0059051514
1518029951745,0.112594604,-1.0054016,0.0059051514
1518029951817,0.12971497,-1.033493,0.008346558
1518029951911,0.14068604,-1.0640411,0.0059051514
1518029951995,0.14680481,-1.0970306,0.0034484863
1518029952086,0.15536499,-1.1312408,0.0022277832
1518029952154,0.16392517,-1.1642303,-0.0038757324
1518029952230,0.17733765,-1.187439,-0.009979248
1518029952313,0.18589783,-1.2167664,-0.019760132
1518029952379,0.1920166,-1.253418,-0.018539429
1518029952481,0.20422363,-1.2851868,-0.023422241
1518029952534,0.21154785,-1.3157196,-0.02708435
1518029952595,0.21278381,-1.3487091,-0.033203125
1518029952700,0.21890259,-1.3816833,-0.034423828
1518029952756,0.2237854,-1.4158936,-0.036865234
1518029952857,0.2237854,-1.4440155,-0.040527344
1518029952908,0.221344,-1.4757538,-0.04296875
1518029952963,0.22010803,-1.5026398,-0.038085938
1518029953050,0.21522522,-1.528305,-0.038085938
1518029953101,0.2103424,-1.5490723,-0.034423828
1518029953152,0.20910645,-1.5722809,-0.033203125
1518029953206,0.19934082,-1.5954895,-0.02708435
1518029953260,0.19445801,-1.6126099,-0.020980835
1518029953312,0.1895752,-1.6211548,-0.018539429
1518029953363,0.18713379,-1.6223755,-0.009979248
1518029953413,0.17857361,-1.6174927,-0.0063171387
1518029953473,0.16757202,-1.6064911,-0.0038757324
1518029953525,0.14924622,-1.5942688,-0.0063171387
1518029953580,0.13459778,-1.5857239,-0.009979248
1518029953644,0.11747742,-1.5686188,-0.008758545
1518029953727,0.10404968,-1.5551758,-0.007537842
1518029953814,0.09915161,-1.53685,0.0010070801
1518029954069,0.08328247,-1.5148621,0.009567261
1518029954272,0.0771637,-1.4867554,0.019332886
1518029954437,0.07350159,-1.458664,0.027877808
1518029954575,0.068618774,-1.4268951,0.03767395
1518029954718,0.06373596,-1.3914795,0.047439575
1518029954817,0.060058594,-1.3560333,0.0572052
1518029954895,0.056396484,-1.3255005,0.066970825
1518029954992,0.05029297,-1.292511,0.082855225
1518029955120,0.049072266,-1.2607422,0.09385681
1518029955260,0.044189453,-1.2338562,0.11097717
1518029955443,0.04295349,-1.2057648,0.11706543
1518029955562,0.041748047,-1.1752319,0.12562561
1518029955659,0.040512085,-1.152008,0.1366272
1518029955841,0.040512085,-1.1336823,0.14518738
1518029955953,0.040512085,-1.1177979,0.14883423
1518029956075,0.044189453,-1.1141357,0.1525116
1518029956155,0.040512085,-1.1092529,0.1525116
1518029956242,0.03807068,-1.1055756,0.14639282
1518029956333,0.03440857,-1.099472,0.13174438
1518029956434,0.031967163,-1.0897064,0.12686157
1518029956537,0.03074646,-1.0689392,0.115859985
1518029956652,0.019744873,-1.0371704,0.08529663
1518029956772,0.007537842,-0.995636,0.059646606
1518029956844,-0.0059051514,-0.941864,0.03643799
1518029956902,-0.015670776,-0.89178467,0.027877808
1518029956992,-0.027908325,-0.83802795,0.025436401
1518029957076,-0.033996582,-0.77815247,0.02911377
1518029957206,-0.02911377,-0.72561646,0.040115356
1518029957287,-0.018112183,-0.6804352,0.0572052
1518029957361,0.0026550293,-0.6547699,0.06576538
1518029957450,0.028305054,-0.6425476,0.07676697
1518029957552,0.052734375,-0.631546,0.08529663
1518029957649,0.07594299,-0.619339,0.09509277
1518029957775,0.08938599,-0.605896,0.09385681
1518029957835,0.10038757,-0.59490967,0.09509277
1518029957900,0.11138916,-0.5814667,0.09385681
1518029958035,0.1101532,-0.5704651,0.09265137
1518029958100,0.105270386,-0.55581665,0.082855225
1518029958209,0.08938599,-0.5338135,0.07432556
1518029958271,0.07350159,-0.5069275,0.058441162
1518029958364,0.053955078,-0.48007202,0.04864502
1518029958445,0.02708435,-0.45439148,0.033996582
1518029958526,-0.0010223389,-0.42874146,0.020553589
1518029958645,-0.027908325,-0.40431213,0.010787964
1518029958718,-0.05718994,-0.38232422,0.0059051514
1518029958832,-0.09140015,-0.3578949,0.0059051514
1518029958957,-0.11706543,-0.33833313,0.0071105957
1518029959028,-0.13417053,-0.3236847,0.01689148
1518029959109,-0.15737915,-0.3065796,0.030334473
1518029959179,-0.17816162,-0.2894745,0.038879395
1518029959275,-0.19158936,-0.25402832,0.035217285
1518029959359,-0.19404602,-0.17828369,0.020553589
1518029959430,-0.19158936,-0.046340942,-0.011199951
1518029959520,-0.18180847,0.14788818,-0.03930664
1518029959655,-0.17448425,0.35801697,-0.05885315
1518029959762,-0.17448425,0.5376129,-0.06617737
1518029959856,-0.18670654,0.64512634,-0.06373596
1518029959914,-0.21113586,0.67933655,-0.05519104
1518029959981,-0.23313904,0.6597748,-0.04296875
1518029960084,-0.2551117,0.60969543,-0.031967163
1518029960141,-0.27223206,0.5437317,-0.024642944
1518029960276,-0.2758789,0.47776794,-0.016098022
1518029960334,-0.26979065,0.4203186,-0.008758545
1518029960471,-0.2551117,0.36901855,-0.0063171387
1518029960530,-0.23313904,0.33358765,-0.0038757324
1518029960583,-0.21357727,0.31037903,-0.007537842
1518029960699,-0.20137024,0.29449463,-0.012420654
1518029960791,-0.18548584,0.27616882,-0.017318726
1518029960854,-0.17448425,0.2615204,-0.022201538
1518029960920,-0.16471863,0.24563599,-0.025863647
1518029960977,-0.16227722,0.22975159,-0.02708435
1518029961041,-0.15859985,0.21995544,-0.028305054
1518029961133,-0.15127563,0.2163086,-0.025863647
1518029961355,-0.15127563,0.22363281,-0.02708435
1518029961460,-0.15127563,0.23583984,-0.031967163
1518029961572,-0.15127563,0.2566223,-0.034423828
1518029961714,-0.15127563,0.27494812,-0.05029297
1518029961900,-0.15493774,0.29083252,-0.06251526
1518029962089,-0.16348267,0.29205322,-0.09062195
1518029962283,-0.17082214,0.284729,-0.12113953
1518029962365,-0.18060303,0.27005005,-0.15534973
1518029962470,-0.18792725,0.2615204,-0.19078064
1518029962676,-0.18914795,0.2480774,-0.22743225
1518029962768,-0.19158936,0.2370758,-0.26286316
1518029962848,-0.19648743,0.23339844,-0.29096985
1518029962956,-0.20013428,0.22851562,-0.31661987
1518029963074,-0.20013428,0.23339844,-0.33250427
1518029963149,-0.19036865,0.24563599,-0.34594727
1518029963283,-0.18060303,0.271286,-0.3581543
1518029963357,-0.16593933,0.3030548,-0.36547852
1518029963494,-0.15493774,0.33969116,-0.3630371
1518029963585,-0.13417053,0.38612366,-0.35694885
1518029963687,-0.10852051,0.42643738,-0.34594727
1518029963750,-0.07675171,0.45820618,-0.33006287
1518029963855,-0.049865723,0.4679718,-0.32762146
1518029963967,-0.026672363,0.45820618,-0.3263855
1518029964056,-0.0010223389,0.43255615,-0.33738708
1518029964162,0.01852417,0.39466858,-0.3557129
1518029964251,0.04295349,0.35313416,-0.37771606
1518029964313,0.06739807,0.30915833,-0.40213013
1518029964371,0.09550476,0.2639618,-0.4290161
1518029964444,0.11503601,0.21507263,-0.4546814
1518029964538,0.13336182,0.16497803,-0.47789
1518029964619,0.15292358,0.11979675,-0.49987793
1518029964689,0.17124939,0.07946777,-0.52674866
1518029964757,0.17733765,0.04647827,-0.5658417
1518029964823,0.18101501,0.035491943,-0.6024933
1518029964891,0.18345642,0.026947021,-0.6318207
1518029965049,0.17980957,0.026947021,-0.6525879
1518029965175,0.1761322,0.036712646,-0.67214966
1518029965251,0.16757202,0.06724548,-0.6819153
1518029965327,0.1602478,0.10757446,-0.6819153
1518029965389,0.14924622,0.16377258,-0.67459106
1518029965452,0.13948059,0.23339844,-0.65870667
1518029965514,0.13459778,0.31526184,-0.6391449
1518029965586,0.121154785,0.4019928,-0.61473083
1518029965648,0.112594604,0.48997498,-0.58296204
1518029965714,0.09915161,0.57670593,-0.5548401
1518029965780,0.08328247,0.65245056,-0.52674866
1518029965866,0.06373596,0.72454834,-0.50598145
1518029965944,0.04663086,0.7782898,-0.49253845
1518029966006,0.020980835,0.8100586,-0.48765564
1518029966085,-0.002243042,0.8186188,-0.4888916
1518029966173,-0.025466919,0.8039551,-0.49497986
1518029966265,-0.051101685,0.78074646,-0.50842285
1518029966343,-0.075531006,0.74653625,-0.530426
1518029966419,-0.09996033,0.71110535,-0.55607605
1518029966509,-0.12194824,0.68177795,-0.5817261
1518029966573,-0.13539124,0.6622467,-0.60617065
1518029966641,-0.14027405,0.6597748,-0.62815857
1518029966729,-0.14149475,0.65856934,-0.64282227
1518029966801,-0.13539124,0.6646881,-0.6550293
1518029966919,-0.119506836,0.68666077,-0.6550293
1518029967002,-0.10118103,0.70866394,-0.6477051
1518029967101,-0.0743103,0.7331085,-0.63305664
1518029967192,-0.042541504,0.76852417,-0.6183777
1518029967277,-0.0046844482,0.8100586,-0.60372925
1518029967351,0.02708435,0.8540497,-0.59028625
1518029967438,0.06739807,0.9090271,-0.5841675
1518029967516,0.0942688,0.98109436,-0.58296204
1518029967596,0.11383057,1.0861816,-0.6000519
1518029967726,0.12971497,1.2181091,-0.6391449
1518029967917,0.13459778,1.3671722,-0.7063446
1518029968121,0.13092041,1.5149994,-0.8065338
1518029968274,0.11503601,1.6603699,-0.93725586
1518029968392,0.09182739,1.7813263,-1.086319
1518029968545,0.06251526,1.874176,-1.2475739
1518029968727,0.03929138,1.9450378,-1.421051
1518029968885,0.020980835,2.006134,-1.5933228
1518029968974,0.009979248,2.0635529,-1.7655945
1518029969111,0.007537842,2.1258698,-1.9121857
1518029969193,0.023422241,2.1417542,-1.9073029
1518029969311,0.04295349,2.171051,-1.6568604
1518029969405,0.04663086,2.2920227,-1.383194
1518029969533,0.01852417,2.455719,-1.1803741
1518029969640,-0.024230957,2.5620117,-1.0398712
1518029969738,-0.07675171,2.5803375,-0.94091797
1518029969812,-0.14149475,2.5424652,-0.8566284
1518029969903,-0.20137024,2.4887238,-0.7784424
1518029969994,-0.26123047,2.4410706,-0.6977997
1518029970079,-0.3174286,2.4276276,-0.6122894
1518029970167,-0.3736267,2.4483948,-0.5231018
1518029970271,-0.43226624,2.4764862,-0.4412384
1518029970378,-0.5019226,2.4923706,-0.36183167
1518029970476,-0.58255005,2.4899292,-0.28852844
1518029970651,-0.6668396,2.4654999,-0.20422363
1518029970819,-0.76091003,2.430069,-0.116256714
1518029970985,-0.85498047,2.417862,-0.030761719
1518029971153,-0.9453888,2.417862,0.058441162
1518029971301,-1.032135,2.430069,0.1402893
1518029971451,-1.1152191,2.4532776,0.21725464
1518029971559,-1.1946259,2.4838257,0.2856598
1518029971672,-1.2728271,2.513153,0.35043335
1518029971788,-1.355896,2.5241394,0.4151764
1518029971912,-1.4365387,2.5070343,0.47747803
1518029972050,-1.522049,2.4471893,0.53367615
1518029972241,-1.6014557,2.3311157,0.591095
1518029972349,-1.6796417,2.172287,0.6351013
1518029972443,-1.7602997,1.9853668,0.66929626
1518029972528,-1.8311462,1.7862244,0.6937256
1518029972600,-1.8861237,1.5724182,0.71694946
1518029972676,-1.9264526,1.3525085,0.7328186
1518029972746,-1.9521027,1.1387177,0.7474823
1518029972807,-1.9581909,0.95544434,0.762146
1518029972867,-1.9459839,0.8039551,0.7853699
1518029972931,-1.915451,0.67933655,0.82566833
1518029973012,-1.8751221,0.5913696,0.87332153
1518029973087,-1.8250427,0.529068,0.92341614
1518029973161,-1.7676239,0.4948578,0.98327637
1518029973273,-1.7004089,0.46920776,1.0504761
1518029973365,-1.6283417,0.45332336,1.1176605
1518029973447,-1.5587006,0.4386444,1.1824188
1518029973563,-1.4792786,0.41423035,1.242279
1518029973637,-1.3937683,0.38246155,1.2936096
1518029973714,-1.3119202,0.34336853,1.3302612
1518029973779,-1.2276154,0.30671692,1.3571167
1518029973849,-1.1384277,0.2725067,1.3705597
1518029973933,-1.0516968,0.25416565,1.3656769
1518029974004,-0.9734802,0.24440002,1.3571167
1518029974083,-0.89897156,0.24563599,1.3339081
1518029974150,-0.82933044,0.25906372,1.3106995
1518029974245,-0.76579285,0.28349304,1.2801666
1518029974325,-0.7144928,0.31282043,1.2459564
1518029974388,-0.6717224,0.33236694,1.2129669
1518029974453,-0.6289673,0.33114624,1.1848602
1518029974538,-0.58743286,0.3030548,1.1518707
1518029974616,-0.55322266,0.26272583,1.1225433
1518029974682,-0.52757263,0.21386719,1.0834503
1518029974770,-0.517807,0.1710968,1.0443573
1518029974871,-0.504364,0.13568115,1.0028229
1518029974998,-0.49700928,0.09901428,0.95640564
1518029975102,-0.4884796,0.06724548,0.91119385
1518029975177,-0.47503662,0.045272827,0.85743713
1518029975245,-0.46159363,0.031829834,0.81466675
1518029975326,-0.44448853,0.029388428,0.7572479
1518029975415,-0.42738342,0.030593872,0.7071686
1518029975480,-0.4066162,0.031829834,0.65097046
1518029975592,-0.3846283,0.017166138,0.5935364
1518029975699,-0.3748474,-0.013381958,0.54345703
1518029975781,-0.3663025,-0.047576904,0.49214172
1518029975870,-0.3687439,-0.08666992,0.4457245
1518029975943,-0.3699646,-0.12942505,0.40296936
1518029976025,-0.3675232,-0.17951965,0.36631775
1518029976099,-0.3748474,-0.23693848,0.333313
1518029976187,-0.3821869,-0.3053589,0.31010437
1518029976267,-0.3895111,-0.38598633,0.29666138
1518029976339,-0.39317322,-0.47395325,0.29545593
1518029976415,-0.39805603,-0.5716858,0.30278015
1518029976488,-0.4066162,-0.6804352,0.33210754
1518029976556,-0.41638184,-0.78060913,0.372406
1518029976637,-0.42738342,-0.889328,0.42861938
1518029976742,-0.43714905,-0.99684143,0.49092102
1518029976845,-0.45059204,-1.0982513,0.56300354
1518029976917,-0.47135925,-1.1959991,0.6411896
1518029976995,-0.49092102,-1.2876282,0.7303772
1518029977065,-0.51168823,-1.379242,0.81466675
1518029977137,-0.5287781,-1.4647827,0.90631104
1518029977273,-0.53489685,-1.528305,0.99549866
1518029977351,-0.55200195,-1.5673981,1.0834503
1518029977489,-0.56788635,-1.5832825,1.1726379
1518029977612,-0.5813141,-1.5808411,1.2581635
1518029977755,-0.5971985,-1.5612946,1.3473511
1518029977905,-0.6130829,-1.5331879,1.4304352
1518029977989,-0.616745,-1.4794312,1.5037384
1518029978107,-0.62164307,-1.3816833,1.5635986
1518029978199,-0.616745,-1.2350922,1.6026917
1518029978326,-0.60209656,-1.0322876,1.6112518
1518029978417,-0.58865356,-0.83314514,1.6100159
1518029978506,-0.57032776,-0.6303406,1.6002502
1518029978597,-0.55444336,-0.40675354,1.5758057
1518029978680,-0.52633667,-0.16485596,1.5501556
1518029978754,-0.49824524,0.09535217,1.5220642
1518029978845,-0.47380066,0.36901855,1.487854
1518029978917,-0.4542694,0.6536865,1.4524231
1518029978987,-0.43470764,0.9615631,1.4108887
1518029979053,-0.4151764,1.3085327,1.3607941
1518029979128,-0.39439392,1.7031403,1.2996979
1518029979213,-0.3736267,2.1160736,1.2337341
1518029979331,-0.36141968,2.5632477,1.1579895
1518029979438,-0.36386108,3.0653687,1.0822449
1518029979565,-0.37728882,3.6029358,1.0052643
1518029979654,-0.4053955,4.151474,0.9185333
1518029979735,-0.44082642,4.693924,0.8269043
1518029979807,-0.4860382,5.219269,0.7364807
1518029979879,-0.53977966,5.72139,0.6375427
1518029979974,-0.53367615,5.9107666,0.60453796
1518029980065,-0.15982056,5.1423035,0.8794403
1518029980169,0.06983948,4.868637,1.269165
1518029980259,0.049072266,5.0677643,1.4206543
1518029980337,0.05029297,5.05188,1.5843658
1518029980421,0.10649109,4.7733307,1.8677979
1518029980525,0.17980957,4.397049,2.23555
1518029980646,0.22499084,4.0891724,2.5947266
1518029980749,0.24943542,3.841156,2.9026031
1518029980829,0.25920105,3.6347046,3.1493988
1518029980899,0.27020264,3.491745,3.3460999
1518029981009,0.28486633,3.4673157,3.5293427
1518029981089,0.30807495,3.5540466,3.7236176
1518029981222,0.31784058,3.595581,3.8555603
1518029981300,0.30075073,3.5369568,3.9166412
1518029981438,0.24821472,3.3683624,3.8873138
1518029981519,0.14680481,3.0922546,3.7627106
1518029981626,0.02708435,2.7758179,3.5672302
1518029981719,-0.086517334,2.4899292,3.344864
1518029981824,-0.18304443,2.2687988,3.1164093
1518029981940,-0.2551117,2.094101,2.8964996
1518029982049,-0.3162079,1.9682617,2.6814728
1518029982172,-0.3663025,1.8864136,2.4640045
1518029982272,-0.4237213,1.8546448,2.2501984
1518029982380,-0.46647644,1.8558502,2.0217438
1518029982516,-0.517807,1.875412,1.7896118
1518029982600,-0.56422424,1.9096222,1.5587158
1518029982681,-0.60453796,1.9523773,1.3510284
1518029982808,-0.6399689,2.0122375,1.1726379
1518029982912,-0.6643982,2.080658,1.0357971
1518029983011,-0.6802826,2.1393127,0.92951965
1518029983104,-0.6888428,2.1869354,0.84887695
1518029983202,-0.6876068,2.2174988,0.7890167
1518029983302,-0.6802826,2.228485,0.7401581
1518029983403,-0.6717224,2.2162628,0.7047272
1518029983560,-0.6607361,2.1771698,0.6717377
1518029983677,-0.6411896,2.1111908,0.64242554
1518029983778,-0.6106415,2.0342255,0.6143036
1518029983849,-0.57398987,1.9560394,0.58621216
1518029983983,-0.5312195,1.8778534,0.5556793
1518029984105,-0.48968506,1.8057709,0.51535034
1518029984215,-0.44203186,1.7397919,0.4848175
1518029984296,-0.3919525,1.6811676,0.4481659
1518029984397,-0.34065247,1.6261597,0.4176178
1518029984499,-0.29666138,1.577301,0.3907318
1518029984585,-0.2441101,1.5345459,0.36264038
1518029984664,-0.19525146,1.4868927,0.34431458
1518029984758,-0.15005493,1.4416809,0.31987
1518029984833,-0.10852051,1.3977051,0.29421997
1518029984921,-0.06575012,1.3525085,0.26489258
1518029985002,-0.027908325,1.3048553,0.23558044
1518029985126,0.009979248,1.2584381,0.20870972
1518029985198,0.013641357,1.2144623,0.20014954
1518029985298,-0.02911377,1.1692505,0.21481323
1518029985414,-0.09751892,1.1301575,0.24780273
1518029985509,-0.14149475,1.1045074,0.27957153
1518029985633,-0.15737915,1.0935059,0.28689575
1518029985779,-0.14395142,1.1008301,0.25756836
1518029985904,-0.13172913,1.1093903,0.23680115
1518029985997,-0.13783264,1.1105957,0.24780273
1518029986086,-0.14639282,1.1081543,0.27467346
1518029986171,-0.14883423,1.1008301,0.3015442
1518029986276,-0.13661194,1.0935059,0.31866455
1518029986426,-0.11218262,1.0776215,0.32354736
1518029986571,-0.10118103,1.0531921,0.3247528
1518029986653,-0.10240173,1.0202026,0.3223114
1518029986739,-0.10484314,0.9847717,0.31498718
1518029986885,-0.1060791,0.93955994,0.30278015
1518029987015,-0.09751892,0.9017029,0.28689575
1518029987115,-0.09629822,0.8613739,0.26856995
1518029987220,-0.09263611,0.8173981,0.24780273
1518029987335,-0.09263611,0.7758484,0.22581482
1518029987436,-0.08531189,0.73431396,0.2050476
1518029987581,-0.075531006,0.69277954,0.18548584
1518029987750,-0.063308716,0.6512451,0.16351318
1518029987861,-0.051101685,0.60969543,0.14518738
1518029988036,-0.046218872,0.5718231,0.12562561
1518029988194,-0.038879395,0.5327301,0.10974121
1518029988319,-0.035232544,0.49241638,0.09265137
1518029988486,-0.032791138,0.45088196,0.0730896
1518029988662,-0.032791138,0.41055298,0.059646606
1518029988855,-0.031555176,0.37145996,0.046203613
1518029989015,-0.035232544,0.33236694,0.03767395
1518029989133,-0.03767395,0.29571533,0.03277588
1518029989292,-0.043777466,0.2639618,0.026672363
1518029989421,-0.051101685,0.2370758,0.02178955
1518029989542,-0.054748535,0.21386719,0.020553589
1518029989697,-0.059646606,0.19674683,0.015670776
1518029989922,-0.06575012,0.17721558,0.010787964
1518029990035,-0.07307434,0.16741943,0.0046691895
1518029990172,-0.075531006,0.16253662,-0.0014343262
1518029990338,-0.07675171,0.15765381,-0.008758545
1518029990490,-0.07797241,0.15644836,-0.013656616
1518029990598,-0.08041382,0.15888977,-0.023422241
1518029990793,-0.08163452,0.16621399,-0.028305054
1518029990921,-0.079193115,0.17597961,-0.036865234
1518029991059,-0.07675171,0.19186401,-0.040527344
1518029991185,-0.075531006,0.205307,-0.045410156
1518029991345,-0.06819153,0.22242737,-0.05152893
1518029991494,-0.063308716,0.232193,-0.05885315
1518029991658,-0.05718994,0.24319458,-0.061294556
1518029991828,-0.055984497,0.2505188,-0.06985474
1518029991999,-0.047424316,0.25416565,-0.077178955
1518029992107,-0.04133606,0.2505188,-0.08818054
1518029992280,-0.033996582,0.24684143,-0.09182739
1518029992465,-0.025466919,0.23951721,-0.101623535
1518029992639,-0.012023926,0.23095703,-0.1101532
1518029992783,0.0014190674,0.21507263,-0.112594604
1518029992951,0.014862061,0.19798279,-0.12113953
1518029993094,0.03074646,0.17721558,-0.12358093
1518029993280,0.047851562,0.15400696,-0.12846375
1518029993407,0.06251526,0.12834167,-0.13090515
1518029993581,0.0783844,0.10635376,-0.13581848
1518029993813,0.09550476,0.08680725,-0.13581848
1518029993979,0.11503601,0.07092285,-0.13825989
1518029994161,0.13948059,0.059921265,-0.13581848
1518029994300,0.16268921,0.055038452,-0.13825989
1518029994411,0.18225098,0.047714233,-0.13702393
1518029994594,0.19566345,0.045272827,-0.12846375
1518029994764,0.20910645,0.042816162,-0.11993408
1518029994885,0.21890259,0.036712646,-0.11138916
1518029995082,0.221344,0.029388428,-0.09918213
1518029995255,0.2262268,0.023269653,-0.09062195
1518029995453,0.22866821,0.014709473,-0.07839966
1518029995604,0.22254944,6.1035156E-5,-0.06985474
1518029995722,0.21522522,-0.018249512,-0.057632446
1518029995914,0.19934082,-0.04145813,-0.05029297
1518029996035,0.17857361,-0.068344116,-0.041748047
1518029996166,0.15657043,-0.09887695,-0.030761719
1518029996289,0.13215637,-0.12454224,-0.018539429
1518029996485,0.108932495,-0.15507507,-0.009979248
1518029996625,0.08816528,-0.17951965,-0.0014343262
1518029996748,0.060058594,-0.19172668,0.010787964
1518029996880,0.044189453,-0.20272827,0.020553589
1518029997039,0.025863647,-0.20272827,0.030334473
1518029997283,0.013641357,-0.19784546,0.040115356
1518029997552,-0.0034637451,-0.19540405,0.04864502
1518029997770,-0.014465332,-0.19784546,0.05354309
1518029998090,-0.023010254,-0.21005249,0.055999756
1518029998414,-0.03767395,-0.2283783,0.058441162
1518029998602,-0.04133606,-0.25282288,0.062088013
1518029998870,-0.049865723,-0.28823853,0.063323975
1518029999120,-0.051101685,-0.36766052,0.06576538
1518029999316,-0.055984497,-0.5692444,0.0730896
1518029999558,-0.06454468,-0.8465729,0.07676697
1518029999811,-0.06210327,-1.1031342,0.08529663
1518029999993,-0.054748535,-1.2888336,0.091415405
1518030000227,-0.03643799,-1.4134521,0.09265137
1518030000396,-0.020553589,-1.4989929,0.09020996
1518030000595,-0.0046844482,-1.5600586,0.08164978
1518030000750,0.01852417,-1.5918274,0.079208374
1518030001000,0.03929138,-1.5881653,0.07064819
1518030001228,0.06739807,-1.5429688,0.062088013
1518030001483,0.10038757,-1.4611053,0.055999756
1518030001726,0.13092041,-1.3511505,0.043762207
1518030001992,0.15412903,-1.2192078,0.026672363
1518030002242,0.17245483,-1.0652618,0.009567261
1518030002599,0.18713379,-0.902771,-0.008758545
1518030002850,0.20057678,-0.7317352,-0.029525757
1518030003122,0.2103424,-0.5655823,-0.047851562
1518030003381,0.21646118,-0.40309143,-0.05885315
1518030003658,0.22010803,-0.25402832,-0.07473755
1518030003939,0.221344,-0.12088013,-0.07473755
1518030004236,0.221344,6.1035156E-5,-0.07473755
1518030004545,0.2103424,0.11123657,-0.07839966
1518030004845,0.20178223,0.21995544,-0.07962036
1518030005068,0.19078064,0.32870483,-0.077178955
1518030005297,0.18345642,0.4386444,-0.08329773
1518030005545,0.17245483,0.554718,-0.085739136
1518030005796,0.16880798,0.66345215,-0.08818054
1518030006088,0.16880798,0.76608276,-0.09182739
1518030006395,0.17489624,0.8552551,-0.09182739
1518030006687,0.17980957,0.9297943,-0.09062195
1518030006989,0.18469238,0.98353577,-0.08818054
1518030007272,0.18713379,1.0116577,-0.08329773
1518030007562,0.19078064,1.0030975,-0.07106018
1518030007850,0.19078064,0.9481201,-0.05029297
1518030008169,0.18713379,0.8479309,-0.020980835
1518030008456,0.17001343,0.71842957,-2.1362305E-4
1518030008722,0.15292358,0.5620575,0.009567261
1518030008974,0.13580322,0.39102173,0.018112183
1518030009219,0.12236023,0.21507263,0.020553589
1518030009509,0.10404968,0.05015564,0.025436401
1518030009670,0.084503174,-0.107437134,0.031555176
1518030009927,0.07594299,-0.24914551,0.03767395
1518030010189,0.064956665,-0.37620544,0.047439575
1518030010411,0.052734375,-0.48371887,0.059646606
1518030010652,0.04295349,-0.5692444,0.071884155
1518030010883,0.031967163,-0.6401062,0.07432556
1518030011093,0.014862061,-0.68896484,0.079208374
1518030011323,-0.0059051514,-0.71829224,0.07797241
1518030011521,-0.03767395,-0.7317352,0.06941223
1518030011761,-0.059646606,-0.7317352,0.071884155
1518030011975,-0.0718689,-0.71829224,0.0730896
1518030012132,-0.08287048,-0.697525,0.079208374
1518030012349,-0.087753296,-0.66819763,0.08409119
1518030012593,-0.086517334,-0.6364441,0.09265137
1518030012783,-0.08287048,-0.59490967,0.09629822
1518030013128,-0.07797241,-0.55337524,0.098739624
1518030013485,-0.06819153,-0.50572205,0.09629822
1518030013874,-0.058425903,-0.4593048,0.088974
1518030014411,-0.051101685,-0.41041565,0.07797241
1518030014668,-0.043777466,-0.35543823,0.059646606
1518030014864,-0.038879395,-0.3065796,0.040115356
1518030015096,-0.025466919,-0.25526428,0.019332886
1518030015389,-0.012023926,-0.20396423,-0.007537842
1518030015677,0.007537842,-0.15141296,-0.034423828
1518030015903,0.033187866,-0.100112915,-0.057632446
1518030016179,0.05883789,-0.059783936,-0.08206177
1518030016464,0.084503174,-0.015823364,-0.105270386
1518030016682,0.11138916,0.023269653,-0.124816895
1518030016925,0.13336182,0.056259155,-0.1407013
1518030017172,0.14804077,0.08680725,-0.15534973
1518030017406,0.16757202,0.11367798,-0.16390991
1518030017621,0.17857361,0.13568115,-0.17123413
1518030017877,0.18469238,0.1552124,-0.17855835
1518030018126,0.19322205,0.1686554,-0.17855835
1518030018330,0.19566345,0.17965698,-0.17979431
1518030018536,0.19322205,0.18821716,-0.17855835
1518030018787,0.1920166,0.1894226,-0.17489624
1518030019062,0.1895752,0.18821716,-0.17123413
1518030019270,0.18589783,0.18821716,-0.16390991
1518030019500,0.17733765,0.17965698,-0.16023254
1518030019685,0.17124939,0.1710968,-0.15779114
1518030020251,0.16757202,0.16133118,-0.1565857
1518030020587,0.16268921,0.14788818,-0.1590271
1518030020809,0.15412903,0.13322449,-0.15534973
1518030021045,0.14680481,0.116119385,-0.1590271
1518030021327,0.13580322,0.09779358,-0.1614685
1518030021516,0.1260376,0.07946777,-0.15779114
1518030021737,0.11871338,0.063583374,-0.16023254
1518030022012,0.108932495,0.048919678,-0.16023254
1518030022261,0.10404968,0.031829834,-0.16023254
1518030022524,0.093048096,0.023269653,-0.16023254
1518030022801,0.08816528,0.00982666,-0.15779114
1518030023063,0.07962036,-0.002380371,-0.1565857
1518030023301,0.07350159,-0.0084991455,-0.16023254
1518030023584,0.06983948,-0.00970459,-0.1565857
1518030023873,0.07106018,-0.010940552,-0.15779114
1518030024124,0.06739807,-0.010940552,-0.15779114
1518030024410,0.064956665,-0.0060577393,-0.15290833
1518030024669,0.064956665,-0.0084991455,-0.15168762
1518030025066,0.064956665,-0.0084991455,-0.14802551
1518030025309,0.06617737,-0.010940552,-0.13946533
1518030025543,0.06373596,-0.019485474,-0.13581848
1518030025818,0.05883789,-0.028015137,-0.1272583
1518030026062,0.056396484,-0.03289795,-0.12113953
1518030026208,0.05517578,-0.04145813,-0.116256714
1518030026388,0.047851562,-0.05368042,-0.11505127
1518030026531,0.049072266,-0.067108154,-0.11138916
1518030026674,0.051513672,-0.075668335,-0.108947754
1518030026777,0.05029297,-0.08055115,-0.10771179
1518030026902,0.060058594,-0.08055115,-0.10282898
1518030027038,0.064956665,-0.08055115,-0.10038757
1518030027149,0.07106018,-0.07688904,-0.09550476
1518030027273,0.0771637,-0.075668335,-0.093063354
1518030027380,0.084503174,-0.072006226,-0.08694458
1518030027551,0.08938599,-0.07078552,-0.084503174
1518030027669,0.093048096,-0.07322693,-0.080841064
1518030027779,0.09550476,-0.07322693,-0.07839966
1518030027888,0.093048096,-0.07810974,-0.07350159
1518030028008,0.09060669,-0.08299255,-0.07350159
1518030028118,0.09060669,-0.091552734,-0.06741333
1518030028250,0.08694458,-0.09887695,-0.06617737
1518030028445,0.08206177,-0.10499573,-0.05885315
1518030028682,0.0771637,-0.10987854,-0.05029297
1518030028918,0.072280884,-0.10987854,-0.04663086
1518030029150,0.06739807,-0.11231995,-0.041748047
1518030029350,0.060058594,-0.11231995,-0.038085938
1518030029642,0.05517578,-0.11354065,-0.029525757
1518030029885,0.044189453,-0.10865784,-0.030761719
1518030030114,0.03929138,-0.10255432,-0.024642944
1518030030430,0.03807068,-0.09277344,-0.018539429
1518030030616,0.035629272,-0.0793457,-0.017318726
1518030030861,0.03074646,-0.072006226,-0.013656616
1518030031050,0.028305054,-0.05857849,-0.007537842
1518030031299,0.025863647,-0.039016724,-0.0014343262
1518030031507,0.02708435,-0.028015137,-2.1362305E-4
1518030031709,0.024627686,-0.018249512,-2.1362305E-4
1518030031905,0.02708435,-0.0060577393,0.0010070801
1518030032089,0.03074646,0.0037384033,0.0022277832
1518030032283,0.033187866,0.008621216,-2.1362305E-4
1518030032466,0.03440857,0.019607544,-2.1362305E-4
1518030032742,0.040512085,0.023269653,-0.0050964355
1518030032898,0.040512085,0.023269653,-0.007537842
1518030033111,0.044189453,0.023269653,-0.009979248
1518030033276,0.049072266,0.02204895,-0.009979248
1518030033431,0.05517578,0.02204895,-0.014877319
1518030033659,0.053955078,0.017166138,-0.016098022
1518030033815,0.056396484,0.015945435,-0.019760132
1518030034045,0.05883789,0.012268066,-0.020980835
1518030034298,0.06251526,0.00982666,-0.019760132
1518030034479,0.064956665,0.013504028,-0.023422241
1518030034707,0.064956665,0.014709473,-0.020980835
1518030034882,0.06617737,0.019607544,-0.019760132
1518030035067,0.068618774,0.024505615,-0.020980835
1518030035291,0.06739807,0.026947021,-0.020980835
1518030035458,0.06739807,0.03427124,-0.023422241
1518030035592,0.06617737,0.036712646,-0.019760132
1518030035773,0.064956665,0.040374756,-0.019760132
