1549566621497,1005.95416
1549566621497,1005.96857
1549566621523,1005.96857
1549566621553,1005.96857
1549566621591,1005.96857
1549566621635,1005.97266
1549566621669,1005.97266
1549566621708,1005.97266
1549566621747,1005.97266
1549566621792,1005.9855
1549566621827,1005.9855
1549566621867,1005.9855
1549566621900,1005.9855
1549566621937,1005.9912
1549566621976,1005.9912
1549566622016,1005.9912
1549566622053,1005.9912
1549566622101,1005.98956
1549566622133,1005.98956
1549566622169,1005.98956
1549566622208,1005.98956
1549566622246,1005.98956
1549566622287,1005.9901
1549566622323,1005.9901
1549566622362,1005.9901
1549566622399,1005.9901
1549566622438,1006.0009
1549566622477,1006.0009
1549566622516,1006.0009
1549566622553,1006.0009
1549566622592,1006.0244
1549566622630,1006.0244
1549566622668,1006.0244
1549566622707,1006.0244
1549566622745,1006.0538
1549566622783,1006.0538
1549566622822,1006.0538
1549566622862,1006.0538
1549566622900,1006.05566
1549566622938,1006.05566
1549566622977,1006.05566
1549566623015,1006.05566
1549566623053,1006.0941
1549566623092,1006.0941
1549566623130,1006.0941
1549566623169,1006.0941
1549566623208,1006.072
1549566623248,1006.072
1549566623285,1006.072
1549566623351,1006.072
1549566623384,1006.0839
1549566623419,1006.0839
1549566623437,1006.0839
1549566623479,1006.0839
1549566623521,1006.0914
1549566623567,1006.0914
1549566623595,1006.0914
1549566623631,1006.0914
1549566623667,1006.1074
1549566623710,1006.1074
1549566623748,1006.1074
1549566623785,1006.1074
1549566623821,1006.1309
1549566623864,1006.1309
1549566623898,1006.1309
1549566623938,1006.1309
1549566623978,1006.1295
1549566624016,1006.1295
1549566624052,1006.1295
1549566624091,1006.1295
1549566624131,1006.1398
1549566624168,1006.1398
1549566624207,1006.1398
1549566624244,1006.1398
1549566624287,1006.1295
1549566624326,1006.1295
1549566624378,1006.1295
1549566624401,1006.1295
1549566624439,1006.10986
1549566624477,1006.10986
1549566624515,1006.10986
1549566624553,1006.10986
1549566624598,1006.1293
1549566624629,1006.1293
1549566624669,1006.1293
1549566624709,1006.1293
1549566624747,1006.1345
1549566624785,1006.1345
1549566624822,1006.1345
1549566624863,1006.1345
1549566624904,1006.11316
1549566624939,1006.11316
1549566624977,1006.11316
1549566625016,1006.11316
1549566625054,1006.09937
1549566625094,1006.09937
1549566625132,1006.09937
1549566625168,1006.09937
1549566625216,1006.10126
1549566625247,1006.10126
1549566625287,1006.10126
1549566625322,1006.10126
1549566625391,1006.0973
1549566625416,1006.0973
1549566625455,1006.0973
1549566625477,1006.0973
1549566625514,1006.08185
1549566625553,1006.08185
1549566625600,1006.08185
1549566625632,1006.08185
1549566625669,1006.06055
1549566625707,1006.06055
1549566625752,1006.06055
1549566625783,1006.06055
1549566625832,1006.0475
1549566625880,1006.0475
1549566625905,1006.0475
1549566625937,1006.0475
1549566625977,1006.05273
1549566626014,1006.05273
1549566626055,1006.05273
1549566626093,1006.05273
1549566626131,1006.0646
1549566626168,1006.0646
1549566626209,1006.0646
1549566626245,1006.0646
1549566626286,1006.06024
1549566626325,1006.06024
1549566626363,1006.06024
1549566626413,1006.06024
1549566626437,1006.0646
1549566626475,1006.0646
1549566626514,1006.0646
1549566626552,1006.0646
1549566626590,1006.0607
1549566626633,1006.0607
1549566626667,1006.0607
1549566626706,1006.0607
1549566626747,1006.061
1549566626784,1006.061
1549566626825,1006.061
1549566626862,1006.061
1549566626901,1006.0707
1549566626936,1006.0707
1549566626976,1006.0707
1549566627015,1006.0707
1549566627054,1006.04767
1549566627094,1006.04767
1549566627133,1006.04767
1549566627190,1006.04767
1549566627207,1006.01587
1549566627246,1006.01587
1549566627286,1006.01587
1549566627323,1006.01587
1549566627361,1006.03436
1549566627439,1006.03436
1549566627495,1006.03436
1549566627496,1006.03436
1549566627515,1006.0513
1549566627552,1006.0513
1549566627596,1006.0513
1549566627632,1006.0513
1549566627666,1006.0537
1549566627707,1006.0537
1549566627749,1006.0537
1549566627784,1006.0537
1549566627823,1006.0277
1549566627862,1006.0277
1549566627898,1006.0277
1549566627936,1006.0277
1549566627978,1006.04456
1549566628014,1006.04456
1549566628052,1006.04456
1549566628092,1006.04456
1549566628132,1006.0714
1549566628169,1006.0714
1549566628207,1006.0714
1549566628245,1006.0714
1549566628285,1006.08826
1549566628323,1006.08826
1549566628361,1006.08826
1549566628400,1006.08826
1549566628437,1006.0293
1549566628478,1006.0293
1549566628517,1006.0293
1549566628556,1006.0293
1549566628593,1006.01825
1549566628630,1006.01825
1549566628668,1006.01825
1549566628706,1006.01825
1549566628746,1006.07666
1549566628784,1006.07666
1549566628822,1006.07666
1549566628863,1006.07666
1549566628898,1006.10016
1549566628938,1006.10016
1549566628976,1006.10016
1549566629018,1006.10016
1549566629054,1006.04724
1549566629093,1006.04724
1549566629132,1006.04724
1549566629170,1006.04724
1549566629207,1005.9503
1549566629244,1005.9503
1549566629285,1005.9503
1549566629330,1005.9503
1549566629360,1005.97107
1549566629402,1005.97107
1549566629454,1005.97107
1549566629475,1005.97107
1549566629514,1006.03033
1549566629556,1006.03033
1549566629590,1006.03033
1549566629630,1006.03033
1549566629667,1006.043
1549566629707,1006.043
1549566629745,1006.043
1549566629782,1006.043
1549566629823,1005.9511
1549566629859,1005.9511
1549566629901,1005.9511
1549566629938,1005.9511
1549566629975,1005.9024
1549566630015,1005.9024
1549566630052,1005.9024
1549566630091,1005.9024
1549566630129,1005.9024
1549566630171,1005.963
1549566630212,1005.963
1549566630244,1005.963
1549566630283,1005.963
1549566630325,1005.9998
1549566630362,1005.9998
1549566630399,1005.9998
1549566630438,1005.9998
1549566630477,1005.9768
1549566630514,1005.9768
1549566630555,1005.9768
1549566630590,1005.9768
1549566630630,1005.93256
1549566630668,1005.93256
1549566630706,1005.93256
1549566630746,1005.93256
1549566630783,1005.96765
1549566630823,1005.96765
1549566630860,1005.96765
1549566630902,1005.96765
1549566630938,1005.98676
1549566630977,1005.98676
1549566631014,1005.98676
1549566631052,1005.98676
1549566631091,1005.95544
1549566631130,1005.95544
1549566631171,1005.95544
1549566631207,1005.95544
1549566631243,1005.8892
1549566631283,1005.8892
1549566631321,1005.8892
1549566631361,1005.8892
1549566631398,1005.9086
1549566631437,1005.9086
1549566631478,1005.9086
1549566631514,1005.9086
1549566631552,1005.9687
1549566631590,1005.9687
1549566631634,1005.9687
1549566631667,1005.9687
1549566631708,1005.98645
1549566631745,1005.98645
1549566631784,1005.98645
1549566631824,1005.98645
1549566631860,1005.94403
1549566631903,1005.94403
1549566631940,1005.94403
1549566631974,1005.94403
1549566632014,1005.9177
1549566632053,1005.9177
1549566632090,1005.9177
1549566632134,1005.9177
1549566632171,1005.97034
1549566632204,1005.97034
1549566632244,1005.97034
1549566632284,1005.97034
1549566632323,1005.96893
1549566632359,1005.96893
1549566632399,1005.96893
1549566632439,1005.96893
1549566632478,1005.8908
1549566632513,1005.8908
1549566632551,1005.8908
1549566632589,1005.8908
1549566632629,1005.76904
1549566632669,1005.76904
1549566632706,1005.76904
1549566632749,1005.76904
1549566632784,1005.81464
1549566632821,1005.81464
1549566632859,1005.81464
1549566632904,1005.81464
1549566632948,1005.8847
1549566632975,1005.8847
1549566633015,1005.8847
1549566633056,1005.8847
1549566633094,1005.84644
1549566633132,1005.84644
1549566633169,1005.84644
1549566633205,1005.84644
1549566633251,1005.77454
1549566633286,1005.77454
1549566633322,1005.77454
1549566633360,1005.77454
1549566633397,1005.77783
1549566633436,1005.77783
1549566633474,1005.77783
1549566633513,1005.77783
1549566633555,1005.84045
1549566633590,1005.84045
1549566633629,1005.84045
1549566633670,1005.84045
1549566633705,1005.8321
1549566633744,1005.8321
1549566633784,1005.8321
1549566633822,1005.8321
1549566633860,1005.81384
1549566633898,1005.81384
1549566633936,1005.81384
1549566633975,1005.81384
1549566634013,1005.7997
1549566634053,1005.7997
1549566634092,1005.7997
1549566634133,1005.7997
1549566634167,1005.86615
1549566634204,1005.86615
1549566634244,1005.86615
1549566634287,1005.86615
1549566634321,1005.901
1549566634359,1005.901
1549566634399,1005.901
1549566634436,1005.901
1549566634474,1005.911
1549566634513,1005.911
1549566634556,1005.911
1549566634589,1005.911
1549566634635,1005.9559
1549566634667,1005.9559
1549566634705,1005.9559
1549566634743,1005.9559
1549566634782,1005.9824
1549566634822,1005.9824
1549566634860,1005.9824
1549566634897,1005.9824
1549566634938,1005.9907
1549566634975,1005.9907
1549566635015,1005.9907
1549566635052,1005.9907
1549566635090,1005.9708
1549566635135,1005.9708
1549566635169,1005.9708
1549566635205,1005.9708
1549566635242,1005.9741
1549566635281,1005.9741
1549566635320,1005.9741
1549566635361,1005.9741
1549566635397,1006.0132
1549566635435,1006.0132
1549566635476,1006.0132
1549566635514,1006.0132
1549566635553,1006.00214
1549566635597,1006.00214
1549566635628,1006.00214
1549566635667,1006.00214
1549566635704,1005.9805
1549566635744,1005.9805
1549566635784,1005.9805
1549566635820,1005.9805
1549566635859,1005.944
1549566635897,1005.944
1549566635935,1005.944
1549566635975,1005.944
1549566636014,1005.9645
1549566636051,1005.9645
1549566636093,1005.9645
1549566636130,1005.9645
1549566636170,1006.0102
1549566636204,1006.0102
1549566636243,1006.0102
1549566636282,1006.0102
1549566636333,1006.02844
1549566636371,1006.02844
1549566636396,1006.02844
1549566636435,1006.02844
1549566636474,1005.985
1549566636512,1005.985
1549566636551,1005.985
1549566636591,1005.985
1549566636633,1005.96063
1549566636668,1005.96063
1549566636706,1005.96063
1549566636748,1005.96063
1549566636782,1005.97314
1549566636822,1005.97314
1549566636869,1005.97314
1549566636899,1005.97314
1549566636942,1005.98694
1549566636974,1005.98694
1549566637013,1005.98694
1549566637055,1005.98694
1549566637089,1005.9875
1549566637132,1005.9875
1549566637165,1005.9875
1549566637208,1005.9875
1549566637242,1005.9457
1549566637282,1005.9457
1549566637325,1005.9457
1549566637360,1005.9457
1549566637397,1005.91223
1549566637458,1005.91223
1549566637473,1005.91223
1549566637513,1005.91223
1549566637552,1005.93134
1549566637588,1005.93134
1549566637632,1005.93134
1549566637665,1005.93134
1549566637704,1005.9513
1549566637746,1005.9383
1549566637787,1005.9383
1549566637819,1005.9383
1549566637859,1005.9383
1549566637899,1005.93713
1549566637934,1005.93713
1549566637974,1005.93713
1549566638013,1005.93713
1549566638051,1005.9098
1549566638088,1005.9098
1549566638128,1005.9098
1549566638170,1005.9098
1549566638203,1005.9062
1549566638242,1005.9062
1549566638286,1005.9062
1549566638320,1005.9062
1549566638362,1005.9278
1549566638399,1005.9278
1549566638435,1005.9278
1549566638475,1005.9278
1549566638517,1005.92474
1549566638551,1005.92474
1549566638589,1005.92474
1549566638627,1005.92474
1549566638666,1005.91034
1549566638704,1005.91034
1549566638745,1005.91034
1549566638782,1005.91034
1549566638821,1005.8996
1549566638860,1005.8996
1549566638898,1005.8996
1549566638935,1005.8996
1549566638973,1005.90015
1549566639012,1005.90015
1549566639052,1005.90015
1549566639090,1005.90015
1549566639132,1005.9148
1549566639178,1005.9148
1549566639209,1005.9148
1549566639241,1005.9148
1549566639279,1005.92566
1549566639319,1005.92566
1549566639359,1005.92566
1549566639424,1005.92566
1549566639438,1005.89185
1549566639473,1005.89185
1549566639512,1005.89185
1549566639554,1005.89185
1549566639590,1005.86005
1549566639628,1005.86005
1549566639664,1005.86005
1549566639703,1005.86005
1549566639742,1005.88416
1549566639782,1005.88416
1549566639824,1005.88416
1549566639857,1005.88416
1549566639897,1005.9122
1549566639934,1005.9122
1549566639975,1005.9122
1549566640012,1005.9122
1549566640051,1005.9243
1549566640089,1005.9243
1549566640127,1005.9243
1549566640168,1005.9243
1549566640204,1005.90576
1549566640245,1005.90576
1549566640283,1005.90576
1549566640318,1005.90576
1549566640358,1005.8731
1549566640400,1005.8731
1549566640434,1005.8731
1549566640474,1005.8731
1549566640512,1005.8911
1549566640551,1005.8911
1549566640592,1005.8911
1549566640629,1005.8911
1549566640667,1005.9125
1549566640703,1005.9125
1549566640741,1005.9125
1549566640780,1005.9125
1549566640821,1005.9163
1549566640860,1005.9163
1549566640900,1005.9163
1549566640936,1005.9163
1549566640974,1005.88727
1549566641011,1005.88727
1549566641049,1005.88727
1549566641099,1005.88727
1549566641132,1005.92523
1549566641166,1005.92523
1549566641203,1005.92523
1549566641255,1005.92523
1549566641281,1005.9549
1549566641320,1005.9549
1549566641360,1005.9549
1549566641395,1005.9549
1549566641434,1005.95795
1549566641473,1005.95795
1549566641511,1005.95795
1549566641550,1005.95795
1549566641589,1005.9466
1549566641632,1005.9466
1549566641670,1005.9466
1549566641703,1005.9466
1549566641741,1005.95795
1549566641780,1005.95795
1549566641819,1005.95795
1549566641858,1005.95795
1549566641897,1005.98267
1549566641936,1005.98267
1549566641973,1005.98267
1549566642011,1005.98267
1549566642051,1006.00116
1549566642093,1006.00116
1549566642130,1006.00116
1549566642165,1006.00116
1549566642203,1005.9959
1549566642242,1005.9959
1549566642279,1005.9959
1549566642320,1005.9959
1549566642361,1005.989
1549566642403,1005.989
1549566642433,1005.989
1549566642473,1005.989
1549566642511,1006.015
1549566642550,1006.015
1549566642589,1006.015
1549566642627,1006.015
1549566642704,1006.0273
1549566642705,1006.0273
1549566642741,1006.0273
1549566642779,1006.0273
1549566642818,1006.032
1549566642858,1006.032
1549566642898,1006.032
1549566642933,1006.032
1549566642971,1006.014
1549566643012,1006.014
1549566643049,1006.014
1549566643090,1006.014
1549566643127,1005.9938
1549566643167,1005.9938
1549566643203,1005.9938
1549566643240,1005.9938
1549566643285,1006.00574
1549566643319,1006.00574
1549566643358,1006.00574
1549566643394,1006.00574
1549566643435,1006.0193
1549566643471,1006.0193
1549566643514,1006.0193
1549566643552,1006.0193
1549566643589,1006.0033
1549566643631,1006.0033
1549566643670,1006.0033
1549566643702,1006.0033
1549566643742,1005.98364
1549566643783,1005.98364
1549566643818,1005.98364
1549566643857,1005.98364
1549566643895,1006.00714
1549566643934,1006.00714
1549566643981,1006.00714
1549566644012,1006.00714
1549566644051,1006.02515
1549566644088,1006.02515
1549566644129,1006.02515
1549566644164,1006.02515
1549566644202,1006.02374
1549566644242,1006.02374
1549566644280,1006.02374
1549566644318,1006.02374
1549566644358,1005.9945
1549566644397,1005.9945
1549566644437,1005.9945
1549566644471,1005.9945
1549566644511,1005.9488
1549566644550,1005.9488
1549566644588,1005.9488
1549566644626,1005.9488
1549566644667,1005.966
1549566644702,1005.966
1549566644742,1005.966
1549566644781,1005.966
1549566644836,1005.9971
1549566644856,1005.9971
1549566644894,1005.9971
1549566644933,1005.9971
1549566644971,1005.9962
1549566645010,1005.9962
1549566645047,1005.9962
1549566645086,1005.9962
1549566645125,1005.96576
1549566645164,1005.96576
1549566645206,1005.96576
1549566645240,1005.96576
1549566645280,1005.9276
1549566645317,1005.9276
1549566645356,1005.9276
1549566645393,1005.9276
1549566645433,1005.9807
1549566645471,1005.9636
1549566645512,1005.9636
1549566645550,1005.9636
1549566645588,1005.9636
1549566645626,1005.9871
1549566645663,1005.9871
1549566645715,1005.9871
1549566645741,1005.9871
1549566645779,1005.9634
1549566645820,1005.9634
1549566645860,1005.9634
1549566645896,1005.9634
1549566645934,1005.933
1549566645973,1005.933
1549566646011,1005.933
1549566646051,1005.933
1549566646087,1005.9537
1549566646126,1005.9537
1549566646167,1005.9537
1549566646202,1005.9537
1549566646240,1005.98224
1549566646282,1005.98224
1549566646320,1005.98224
1549566646357,1005.98224
1549566646395,1005.98724
1549566646435,1005.98724
1549566646471,1005.98724
1549566646510,1005.98724
1549566646551,1005.9823
1549566646587,1005.9823
1549566646625,1005.9823
1549566646663,1005.9823
1549566646703,1005.99835
1549566646742,1005.99835
1549566646780,1005.99835
1549566646818,1005.99835
1549566646855,1006.01904
1549566646894,1006.01904
1549566646935,1006.01904
1549566646970,1006.01904
1549566647009,1006.04266
1549566647048,1006.04266
1549566647089,1006.04266
1549566647130,1006.04266
1549566647163,1006.041
1549566647201,1006.041
1549566647241,1006.041
1549566647280,1006.041
1549566647319,1006.03937
1549566647356,1006.03937
1549566647395,1006.03937
1549566647432,1006.03937
1549566647473,1006.0571
1549566647512,1006.0571
1549566647552,1006.0571
1549566647587,1006.0571
1549566647625,1006.0621
1549566647663,1006.0621
1549566647702,1006.0621
1549566647742,1006.0621
1549566647780,1006.0505
1549566647818,1006.0505
1549566647860,1006.0505
1549566647898,1006.0505
1549566647934,1006.02057
1549566647976,1006.02057
1549566648010,1006.02057
1549566648048,1006.02057
1549566648087,1006.0084
1549566648126,1006.0084
1549566648165,1006.0084
1549566648202,1006.0084
1549566648240,1006.00806
1549566648279,1006.00806
1549566648317,1006.00806
1549566648358,1006.00806
1549566648395,1006.0341
1549566648435,1006.0341
1549566648474,1006.0341
1549566648511,1006.0341
1549566648549,1006.0225
1549566648588,1006.0225
1549566648626,1006.0225
1549566648676,1006.0225
1549566648704,1006.0209
1549566648740,1006.0209
1549566648778,1006.0209
1549566648820,1006.0209
1549566648857,1006.0319
1549566648894,1006.0319
1549566648941,1006.0319
1549566648972,1006.0319
1549566649011,1006.0386
1549566649048,1006.0386
1549566649085,1006.0386
1549566649124,1006.0386
1549566649165,1006.0502
1549566649201,1006.0502
1549566649241,1006.0502
1549566649279,1006.0502
1549566649319,1006.0402
1549566649356,1006.0402
1549566649395,1006.0402
1549566649433,1006.0402
1549566649471,1006.043
1549566649513,1006.043
1549566649548,1006.043
1549566649590,1006.043
1549566649623,1006.04224
1549566649661,1006.04224
1549566649705,1006.04224
1549566649743,1006.04224
1549566649777,1006.0571
1549566649825,1006.0571
1549566649855,1006.0571
1549566649898,1006.0571
1549566649934,1006.05383
1549566649971,1006.05383
1549566650012,1006.05383
1549566650049,1006.05383
1549566650095,1006.0414
1549566650123,1006.0414
1549566650162,1006.0414
1549566650201,1006.0414
1549566650242,1006.0431
1549566650283,1006.0431
1549566650319,1006.0431
1549566650356,1006.0431
1549566650394,1006.0447
1549566650445,1006.0447
1549566650471,1006.0447
1549566650515,1006.0447
1549566650554,1006.0414
1549566650587,1006.0414
1549566650624,1006.0414
1549566650664,1006.0414
1549566650702,1006.0425
1549566650743,1006.0425
1549566650778,1006.0425
1549566650821,1006.0425
1549566650855,1006.0525
1549566650931,1006.0525
1549566650931,1006.0525
1549566650982,1006.0525
1549566651012,1006.0524
1549566651046,1006.0524
1549566651084,1006.0524
1549566651124,1006.0524
1549566651162,1006.0666
1549566651200,1006.0666
1549566651251,1006.0666
1549566651278,1006.0666
1549566651318,1006.0699
1549566651353,1006.0699
1549566651395,1006.0699
1549566651434,1006.0699
1549566651470,1006.0732
1549566651513,1006.0732
1549566651549,1006.0732
1549566651594,1006.0732
1549566651625,1006.07074
1549566651665,1006.07074
1549566651707,1006.07074
1549566651739,1006.07074
1549566651782,1006.0864
1549566651818,1006.0864
1549566651854,1006.0864
1549566651891,1006.0864
1549566651930,1006.08923
1549566651968,1006.08923
1549566652007,1006.08923
1549566652047,1006.08923
1549566652084,1006.0842
1549566652122,1006.0842
1549566652161,1006.0842
1549566652200,1006.0842
1549566652241,1006.06793
1549566652276,1006.06793
1549566652315,1006.06793
1549566652353,1006.06793
1549566652393,1006.0613
1549566652431,1006.0613
1549566652469,1006.0613
1549566652508,1006.0613
1549566652546,1006.077
1549566652584,1006.077
1549566652622,1006.077
1549566652660,1006.077
1549566652699,1006.0873
1549566652738,1006.0873
1549566652777,1006.0873
1549566652815,1006.0873
1549566652856,1006.0972
1549566652891,1006.0972
1549566652932,1006.0972
1549566652972,1006.0972
1549566653010,1006.0956
1549566653047,1006.0956
1549566653084,1006.0956
1549566653122,1006.0956
1549566653160,1006.1033
1549566653201,1006.1033
1549566653238,1006.1033
1549566653278,1006.1033
1549566653316,1006.1033
1549566653359,1006.1049
1549566653393,1006.1049
1549566653430,1006.1049
1549566653469,1006.1049
1549566653508,1006.1027
1549566653545,1006.1027
1549566653584,1006.1027
1549566653624,1006.1027
1549566653662,1006.0985
1549566653723,1006.0985
1549566653739,1006.0985
1549566653778,1006.0985
1549566653814,1006.0952
1549566653855,1006.0952
1549566653929,1006.0952
1549566653930,1006.0952
1549566653970,1006.10626
1549566654011,1006.10626
1549566654048,1006.10626
1549566654085,1006.10626
1549566654123,1006.088
1549566654163,1006.088
1549566654206,1006.088
1549566654239,1006.088
1549566654276,1006.09406
1549566654318,1006.09406
1549566654354,1006.09406
1549566654392,1006.09406
1549566654431,1006.0902
1549566654480,1006.0902
1549566654507,1006.0902
1549566654546,1006.0902
1549566654584,1006.1046
1549566654623,1006.1046
1549566654660,1006.1046
1549566654700,1006.1046
1549566654738,1006.1004
1549566654776,1006.1004
1549566654815,1006.1004
1549566654853,1006.1004
1549566654892,1006.09485
1549566654934,1006.09485
1549566654968,1006.09485
1549566655007,1006.09485
1549566655046,1006.0777
1549566655084,1006.0777
1549566655122,1006.0777
1549566655161,1006.0777
1549566655201,1006.08545
1549566655237,1006.08545
1549566655276,1006.08545
1549566655317,1006.08545
1549566655355,1006.1012
1549566655399,1006.1012
1549566655430,1006.1012
1549566655468,1006.1012
1549566655510,1006.09894
1549566655550,1006.09894
1549566655585,1006.09894
1549566655623,1006.09894
1549566655662,1006.115
1549566655700,1006.115
1549566655737,1006.115
1549566655776,1006.115
1549566655817,1006.0958
1549566655857,1006.0958
1549566655893,1006.0958
1549566655933,1006.0958
1549566655971,1006.08093
1549566656010,1006.08093
1549566656047,1006.08093
1549566656086,1006.08093
1549566656128,1006.07837
1549566656161,1006.07837
1549566656198,1006.07837
1549566656242,1006.07837
1549566656279,1006.07446
1549566656315,1006.07446
1549566656353,1006.07446
1549566656392,1006.07446
1549566656433,1006.08057
1549566656471,1006.08057
1549566656510,1006.08057
1549566656545,1006.08057
1549566656583,1006.0841
1549566656622,1006.0841
1549566656661,1006.0841
1549566656699,1006.0841
1549566656737,1006.08435
1549566656775,1006.08435
1549566656815,1006.08435
1549566656855,1006.08435
1549566656897,1006.0838
1549566656930,1006.0838
1549566656970,1006.0838
1549566657018,1006.0838
1549566657046,1006.0874
1549566657085,1006.0874
1549566657123,1006.0874
1549566657162,1006.0874
1549566657200,1006.10455
1549566657238,1006.10455
1549566657276,1006.10455
1549566657315,1006.10455
1549566657354,1006.11304
1549566657391,1006.11304
1549566657431,1006.11304
1549566657472,1006.11304
1549566657509,1006.10754
1549566657545,1006.10754
1549566657584,1006.10754
1549566657621,1006.10754
1549566657660,1006.08215
1549566657703,1006.08215
1549566657736,1006.08215
1549566657775,1006.08215
1549566657818,1006.0774
1549566657853,1006.0774
1549566657890,1006.0774
1549566657929,1006.0774
1549566657968,1006.08093
1549566658005,1006.08093
1549566658044,1006.08093
1549566658084,1006.08093
1549566658122,1006.0878
1549566658161,1006.0878
1549566658202,1006.0878
1549566658236,1006.0878
1549566658275,1006.0593
1549566658315,1006.0593
1549566658354,1006.0593
1549566658391,1006.0593
1549566658430,1006.02673
1549566658470,1006.02673
1549566658508,1006.02673
1549566658547,1006.02673
1549566658587,1006.0436
1549566658623,1006.0436
1549566658661,1006.0436
1549566658701,1006.0436
1549566658744,1006.0629
1549566658775,1006.0629
1549566658819,1006.0629
1549566658852,1006.0629
1549566658896,1006.06647
1549566658935,1006.06647
1549566658968,1006.06647
1549566659007,1006.06647
1549566659051,1006.05347
1549566659089,1006.05347
1549566659122,1006.05347
1549566659161,1006.05347
1549566659201,1006.03467
1549566659237,1006.03467
1549566659277,1006.03467
1549566659317,1006.03467
1549566659353,1006.05096
1549566659393,1006.05096
1549566659431,1006.05096
1549566659477,1006.05096
1549566659508,1006.062
1549566659545,1006.062
1549566659583,1006.062
1549566659623,1006.062
1549566659663,1006.05115
1549566659698,1006.05115
1549566659742,1006.05115
1549566659779,1006.05115
1549566659815,1006.04846
1549566659853,1006.04846
1549566659892,1006.04846
1549566659934,1006.04846
1549566659970,1006.0669
1549566660009,1006.0669
1549566660048,1006.0669
1549566660091,1006.0669
1549566660125,1006.07544
1549566660162,1006.07544
1549566660201,1006.07544
1549566660236,1006.07544
1549566660276,1006.07184
1549566660313,1006.07184
1549566660351,1006.07184
1549566660390,1006.07184
1549566660429,1006.0323
1549566660466,1006.0323
1549566660506,1006.0323
1549566660547,1006.0323
1549566660583,1006.0395
1549566660620,1006.0395
1549566660659,1006.0395
1549566660702,1006.0395
1549566660736,1006.06573
1549566660775,1006.06573
1549566660814,1006.06573
1549566660854,1006.06573
1549566660891,1006.06104
1549566660929,1006.06104
1549566660967,1006.06104
1549566661005,1006.06104
1549566661045,1006.038
1549566661082,1006.038
1549566661123,1006.038
1549566661162,1006.038
1549566661197,1006.038
1549566661240,1006.0328
1549566661277,1006.0328
1549566661313,1006.0328
1549566661353,1006.0328
1549566661392,1006.048
1549566661429,1006.048
1549566661467,1006.048
1549566661509,1006.048
1549566661543,1006.0684
1549566661583,1006.0684
1549566661620,1006.0684
1549566661659,1006.0684
1549566661701,1006.0587
1549566661735,1006.0587
1549566661774,1006.0587
1549566661813,1006.0587
1549566661851,1006.01416
1549566661889,1006.01416
1549566661932,1006.01416
1549566661969,1006.01416
1549566662005,1006.0396
1549566662045,1006.0396
1549566662081,1006.0396
1549566662121,1006.0396
1549566662163,1006.06885
1549566662198,1006.06885
1549566662236,1006.06885
1549566662276,1006.06885
1549566662313,1006.0669
1549566662352,1006.0669
1549566662390,1006.0669
1549566662433,1006.0669
1549566662467,1006.0282
1549566662505,1006.0282
1549566662543,1006.0282
1549566662584,1006.0282
1549566662621,1006.0213
1549566662660,1006.0213
1549566662697,1006.0213
1549566662738,1006.0213
1549566662774,1006.0481
1549566662813,1006.0481
1549566662852,1006.0481
1549566662890,1006.0481
1549566662928,1006.071
1549566662967,1006.071
1549566663006,1006.071
1549566663045,1006.071
1549566663084,1006.0497
1549566663121,1006.0497
1549566663159,1006.0497
1549566663197,1006.0497
1549566663238,1006.0055
1549566663274,1006.0055
1549566663312,1006.0055
1549566663350,1006.0055
1549566663390,1006.0157
1549566663428,1006.0157
1549566663467,1006.0157
1549566663505,1006.0157
1549566663545,1006.0436
1549566663582,1006.0436
1549566663622,1006.0436
1549566663661,1006.0436
1549566663698,1006.05707
1549566663740,1006.05707
1549566663777,1006.05707
1549566663814,1006.05707
1549566663853,1006.0469
1549566663890,1006.0469
1549566663930,1006.0469
1549566663969,1006.0469
1549566664008,1006.0466
1549566664046,1006.0466
1549566664084,1006.0466
1549566664121,1006.0466
1549566664160,1006.05676
1549566664199,1006.05676
1549566664235,1006.05676
1549566664275,1006.05676
1549566664312,1006.0669
1549566664352,1006.0669
1549566664393,1006.0669
1549566664434,1006.0669
1549566664468,1006.0517
1549566664505,1006.0517
1549566664544,1006.0517
1549566664589,1006.0517
1549566664619,1006.03076
1549566664659,1006.03076
1549566664699,1006.03076
1549566664737,1006.03076
1549566664774,1006.0376
1549566664814,1006.0376
1549566664852,1006.0376
1549566664889,1006.0376
1549566664928,1006.04443
1549566664966,1006.04443
1549566665009,1006.04443
1549566665043,1006.04443
1549566665083,1006.03973
1549566665129,1006.03973
1549566665160,1006.03973
1549566665198,1006.03973
1549566665244,1006.03284
1549566665277,1006.03284
1549566665313,1006.03284
1549566665351,1006.03284
1549566665390,1006.0499
1549566665430,1006.0499
1549566665468,1006.0499
1549566665506,1006.0499
1549566665544,1006.06177
1549566665582,1006.06177
1549566665625,1006.06177
1549566665658,1006.06177
1549566665698,1006.0797
1549566665745,1006.0797
1549566665775,1006.0797
1549566665815,1006.0797
1549566665853,1006.04846
1549566665889,1006.04846
1549566665930,1006.04846
1549566665969,1006.04846
1549566666005,1006.04486
1549566666046,1006.04486
1549566666086,1006.04486
1549566666122,1006.04486
1549566666158,1006.05505
1549566666198,1006.05505
1549566666237,1006.05505
1549566666277,1006.05505
1549566666315,1006.073
1549566666352,1006.073
1549566666392,1006.073
1549566666428,1006.073
1549566666468,1006.0666
1549566666511,1006.0666
1549566666546,1006.0666
1549566666582,1006.0666
1549566666621,1006.05554
1549566666664,1006.05554
1549566666696,1006.05554
1549566666737,1006.05554
1549566666774,1006.0475
1549566666811,1006.0475
1549566666851,1006.0475
1549566666891,1006.0475
1549566666931,1006.06104
1549566666966,1006.06104
1549566667007,1006.06104
1549566667044,1006.06104
1549566667082,1006.0848
1549566667120,1006.0848
1549566667157,1006.0848
1549566667195,1006.0848
1549566667236,1006.0762
1549566667274,1006.0762
1549566667314,1006.0762
1549566667354,1006.0762
1549566667388,1006.0521
1549566667437,1006.0521
1549566667466,1006.0521
1549566667504,1006.0521
1549566667542,1006.0747
1549566667581,1006.0747
1549566667619,1006.0747
1549566667658,1006.0747
1549566667697,1006.10425
1549566667736,1006.10425
1549566667774,1006.10425
1549566667812,1006.10425
1549566667852,1006.1012
1549566667894,1006.1012
1549566667930,1006.1012
1549566667965,1006.1012
1549566668005,1006.0592
1549566668057,1006.0592
1549566668084,1006.0592
1549566668120,1006.0592
1549566668161,1006.0574
1549566668196,1006.0574
1549566668236,1006.0574
1549566668274,1006.0574
1549566668318,1006.0869
1549566668350,1006.0869
1549566668389,1006.0869
1549566668431,1006.0869
1549566668470,1006.112
1549566668507,1006.112
1549566668542,1006.112
1549566668581,1006.112
1549566668626,1006.0927
1549566668659,1006.0927
1549566668696,1006.0927
1549566668738,1006.0927
1549566668772,1006.0896
1549566668813,1006.0896
1549566668851,1006.0896
1549566668890,1006.0896
1549566668929,1006.10974
1549566668968,1006.10974
1549566669004,1006.10974
1549566669046,1006.10974
1549566669081,1006.1395
1549566669121,1006.1179
1549566669158,1006.1179
1549566669197,1006.1179
1549566669236,1006.1179
1549566669273,1006.11523
1549566669312,1006.11523
1549566669350,1006.11523
1549566669391,1006.11523
1549566669438,1006.12537
1549566669466,1006.12537
1549566669503,1006.12537
1549566669543,1006.12537
1549566669582,1006.13885
1549566669621,1006.13885
1549566669660,1006.13885
1549566669697,1006.13885
1549566669743,1006.1449
1549566669775,1006.1449
1549566669813,1006.1449
1549566669851,1006.1449
1549566669889,1006.155
1549566669928,1006.155
1549566669966,1006.155
1549566670007,1006.155
1549566670046,1006.13245
1549566670085,1006.13245
1549566670119,1006.13245
1549566670157,1006.13245
1549566670196,1006.1161
1549566670245,1006.1161
1549566670274,1006.1161
1549566670313,1006.1161
1549566670351,1006.1271
1549566670389,1006.1271
1549566670431,1006.1271
1549566670465,1006.1271
1549566670507,1006.1517
1549566670545,1006.1517
1549566670582,1006.1517
1549566670621,1006.1517
1549566670660,1006.1155
1549566670699,1006.1155
1549566670737,1006.1155
1549566670774,1006.1155
1549566670811,1006.0635
1549566670850,1006.0635
1549566670888,1006.0635
1549566670928,1006.0635
1549566670968,1006.06757
1549566671011,1006.06757
1549566671042,1006.06757
1549566671081,1006.06757
1549566671120,1006.1062
1549566671156,1006.1062
1549566671196,1006.1062
1549566671234,1006.1062
1549566671275,1006.11255
1549566671312,1006.11255
1549566671352,1006.11255
1549566671389,1006.11255
1549566671429,1006.09454
1549566671467,1006.09454
1549566671508,1006.09454
1549566671541,1006.09454
1549566671579,1006.07983
1549566671623,1006.07983
1549566671669,1006.07983
1549566671695,1006.07983
1549566671735,1006.09753
1549566671772,1006.09753
1549566671811,1006.09753
1549566671853,1006.09753
1549566671891,1006.13696
1549566671928,1006.13696
1549566671964,1006.13696
1549566672004,1006.13696
1549566672054,1006.1322
1549566672081,1006.1322
1549566672122,1006.1322
1549566672165,1006.1322
1549566672195,1006.10516
1549566672236,1006.10516
1549566672272,1006.10516
1549566672311,1006.10516
1549566672350,1006.10535
1549566672389,1006.10535
1549566672429,1006.10535
1549566672466,1006.10535
1549566672510,1006.152
1549566672542,1006.152
1549566672581,1006.152
1549566672622,1006.152
1549566672659,1006.158
1549566672696,1006.158
1549566672735,1006.158
1549566672775,1006.158
1549566672812,1006.14746
1549566672852,1006.14746
1549566672896,1006.14746
1549566672926,1006.14746
1549566672966,1006.14606
1549566673005,1006.14606
1549566673043,1006.14606
1549566673081,1006.14606
1549566673120,1006.1703
1549566673172,1006.1703
1549566673199,1006.1703
1549566673236,1006.1703
1549566673275,1006.1913
1549566673312,1006.1913
1549566673350,1006.1913
1549566673387,1006.1913
1549566673426,1006.1688
1549566673468,1006.1688
1549566673503,1006.1688
1549566673543,1006.1688
1549566673582,1006.14
1549566673619,1006.14
1549566673659,1006.14
1549566673696,1006.14
1549566673734,1006.16675
1549566673771,1006.16675
1549566673812,1006.16675
1549566673849,1006.16675
1549566673888,1006.19104
1549566673929,1006.19104
1549566673966,1006.19104
1549566674005,1006.19104
1549566674041,1006.2012
1549566674081,1006.2012
1549566674123,1006.2012
1549566674161,1006.2012
1549566674196,1006.1959
1549566674236,1006.1959
1549566674274,1006.1959
1549566674311,1006.1959
1549566674350,1006.2036
1549566674386,1006.2036
1549566674424,1006.2036
1549566674466,1006.2036
1549566674502,1006.21625
1549566674540,1006.21625
1549566674579,1006.21625
1549566674618,1006.21625
1549566674655,1006.2302
1549566674694,1006.2302
1549566674735,1006.2302
1549566674772,1006.2302
1549566674809,1006.223
1549566674848,1006.223
1549566674887,1006.223
1549566674925,1006.223
1549566674964,1006.23456
1549566675002,1006.23456
1549566675041,1006.23456
1549566675079,1006.23456
1549566675128,1006.2417
1549566675156,1006.2417
1549566675195,1006.2417
1549566675238,1006.2417
1549566675272,1006.2552
1549566675310,1006.2552
1549566675350,1006.2552
1549566675388,1006.2552
1549566675426,1006.24963
1549566675464,1006.24963
1549566675502,1006.24963
1549566675542,1006.24963
1549566675579,1006.252
1549566675619,1006.252
1549566675658,1006.252
1549566675695,1006.252
1549566675745,1006.25916
1549566675777,1006.25916
1549566675811,1006.25916
1549566675850,1006.25916
1549566675891,1006.2533
1549566675927,1006.2533
1549566675963,1006.2533
1549566676002,1006.2533
1549566676044,1006.2593
1549566676080,1006.2593
1549566676118,1006.2593
1549566676156,1006.2593
1549566676196,1006.2516
1549566676236,1006.2516
1549566676274,1006.2516
1549566676312,1006.2516
1549566676352,1006.2684
1549566676388,1006.2684
1549566676427,1006.2684
1549566676467,1006.2684
1549566676503,1006.2694
1549566676543,1006.2694
1549566676582,1006.2694
1549566676619,1006.2694
1549566676657,1006.27844
1549566676699,1006.27844
1549566676733,1006.27844
1549566676775,1006.27844
1549566676811,1006.2834
1549566676848,1006.2707
1549566676887,1006.2707
1549566676927,1006.2707
1549566676969,1006.2707
1549566677005,1006.2593
1549566677044,1006.2593
1549566677079,1006.2593
1549566677118,1006.2593
1549566677157,1006.2637
1549566677194,1006.2637
1549566677233,1006.2637
1549566677282,1006.2637
1549566677311,1006.2738
1549566677350,1006.2738
1549566677387,1006.2738
1549566677425,1006.2738
1549566677463,1006.29224
1549566677501,1006.29224
1549566677542,1006.29224
1549566677578,1006.29224
1549566677618,1006.27344
1549566677658,1006.27344
1549566677695,1006.27344
1549566677734,1006.27344
1549566677775,1006.2654
1549566677809,1006.2654
1549566677849,1006.2654
1549566677891,1006.2654
1549566677925,1006.27136
1549566677964,1006.27136
1549566678002,1006.27136
1549566678042,1006.27136
1549566678089,1006.28815
1549566678122,1006.28815
1549566678156,1006.28815
1549566678194,1006.28815
1549566678232,1006.29034
1549566678270,1006.29034
1549566678312,1006.29034
1549566678368,1006.29034
1549566678388,1006.2894
1549566678426,1006.2894
1549566678463,1006.2894
1549566678503,1006.2894
1549566678546,1006.27673
1549566678581,1006.27673
1549566678621,1006.27673
1549566678656,1006.27673
1549566678693,1006.26587
1549566678733,1006.26587
1549566678781,1006.26587
1549566678809,1006.26587
1549566678855,1006.2818
1549566678887,1006.2818
1549566678925,1006.2818
1549566678965,1006.2818
1549566679002,1006.27423
1549566679040,1006.27423
1549566679078,1006.27423
1549566679119,1006.27423
1549566679155,1006.2678
1549566679196,1006.2678
1549566679238,1006.2678
1549566679272,1006.2678
1549566679310,1006.2788
1549566679352,1006.2788
1549566679386,1006.2788
1549566679427,1006.2788
1549566679465,1006.28894
1549566679505,1006.28894
1549566679541,1006.28894
1549566679580,1006.28894
1549566679623,1006.27924
1549566679657,1006.27924
1549566679698,1006.27924
1549566679732,1006.27924
1549566679771,1006.26984
1549566679817,1006.26984
1549566679849,1006.26984
1549566679887,1006.26984
1549566679928,1006.2667
1549566679965,1006.2667
1549566680003,1006.2667
1549566680040,1006.2667
1549566680080,1006.2744
1549566680116,1006.2744
1549566680156,1006.2744
1549566680194,1006.2744
1549566680233,1006.29944
1549566680272,1006.29944
1549566680310,1006.29944
1549566680350,1006.29944
1549566680390,1006.28064
1549566680425,1006.28064
1549566680467,1006.28064
1549566680505,1006.28064
1549566680540,1006.2552
1549566680579,1006.2552
1549566680621,1006.2552
1549566680656,1006.2552
1549566680694,1006.28687
1549566680735,1006.28687
1549566680770,1006.28687
1549566680812,1006.28687
1549566680847,1006.30115
1549566680896,1006.30115
1549566680925,1006.30115
1549566680965,1006.30115
1549566681002,1006.282
1549566681042,1006.282
1549566681081,1006.282
1549566681121,1006.282
1549566681156,1006.25684
1549566681195,1006.25684
1549566681231,1006.25684
1549566681274,1006.25684
1549566681312,1006.2922
1549566681349,1006.2922
1549566681385,1006.2922
1549566681426,1006.2922
1549566681463,1006.31604
1549566681502,1006.31604
1549566681542,1006.31604
1549566681579,1006.31604
1549566681618,1006.3248
1549566681657,1006.3248
1549566681694,1006.3248
1549566681746,1006.3248
1549566681770,1006.2953
1549566681812,1006.2953
1549566681850,1006.2953
1549566681884,1006.2953
1549566681927,1006.3079
1549566681962,1006.3079
1549566682002,1006.3079
1549566682039,1006.3079
1549566682078,1006.3263
1549566682117,1006.3263
1549566682156,1006.3263
1549566682195,1006.3263
1549566682233,1006.3248
1549566682271,1006.3248
1549566682308,1006.3248
1549566682355,1006.3248
1549566682385,1006.2655
1549566682424,1006.2655
1549566682467,1006.2655
1549566682509,1006.2655
1549566682539,1006.2147
1549566682579,1006.2147
1549566682618,1006.2147
1549566682657,1006.2147
1549566682694,1006.2588
1549566682736,1006.2588
1549566682777,1006.2588
1549566682807,1006.2588
1549566682847,1006.2904
1549566682885,1006.2904
1549566682923,1006.2904
1549566682962,1006.2904
1549566683009,1006.3221
1549566683041,1006.3221
1549566683079,1006.3221
1549566683117,1006.3221
1549566683155,1006.37195
1549566683195,1006.37195
1549566683231,1006.37195
1549566683271,1006.37195
1549566683310,1006.3796
1549566683349,1006.3796
1549566683385,1006.3796
1549566683428,1006.3796
1549566683463,1006.39386
1549566683502,1006.39386
1549566683541,1006.39386
1549566683581,1006.39386
1549566683621,1006.39325
1549566683657,1006.39325
1549566683694,1006.39325
1549566683738,1006.39325
1549566683770,1006.4034
1549566683809,1006.4034
1549566683847,1006.4034
1549566683885,1006.4034
1549566683924,1006.4028
1549566683961,1006.4028
1549566684003,1006.4028
1549566684041,1006.4028
1549566684080,1006.41125
1549566684121,1006.41125
1549566684155,1006.41125
1549566684195,1006.41125
1549566684232,1006.4098
1549566684270,1006.4098
1549566684308,1006.4098
1549566684347,1006.4098
1549566684389,1006.41364
1549566684424,1006.41364
1549566684464,1006.41364
1549566684500,1006.41364
1549566684539,1006.4044
1549566684580,1006.4044
1549566684617,1006.4044
1549566684655,1006.4044
1549566684694,1006.4044
1549566684735,1006.39435
1549566684771,1006.39435
1549566684813,1006.39435
1549566684846,1006.39435
1549566684886,1006.39984
1549566684923,1006.39984
1549566684968,1006.39984
1549566685006,1006.39984
1549566685040,1006.3943
1549566685081,1006.3943
1549566685118,1006.3943
1549566685154,1006.3943
1549566685192,1006.411
1549566685233,1006.411
1549566685270,1006.411
1549566685310,1006.411
1549566685347,1006.4079
1549566685385,1006.4079
1549566685425,1006.4079
1549566685463,1006.4079
1549566685503,1006.40894
1549566685539,1006.40894
1549566685578,1006.40894
1549566685617,1006.40894
1549566685656,1006.4075
1549566685692,1006.4075
1549566685735,1006.4075
1549566685771,1006.4075
1549566685808,1006.39856
1549566685848,1006.39856
1549566685885,1006.39856
1549566685925,1006.39856
1549566685963,1006.3781
1549566686003,1006.3781
1549566686038,1006.3781
1549566686076,1006.3781
1549566686117,1006.38
1549566686155,1006.38
1549566686195,1006.38
1549566686231,1006.38
1549566686271,1006.3893
1549566686315,1006.3893
1549566686347,1006.3893
1549566686384,1006.3893
1549566686422,1006.38086
1549566686461,1006.38086
1549566686500,1006.38086
1549566686541,1006.38086
1549566686579,1006.39264
1549566686615,1006.39264
1549566686656,1006.39264
1549566686693,1006.39264
1549566686731,1006.37103
1549566686772,1006.37103
1549566686808,1006.37103
1549566686845,1006.37103
1549566686885,1006.3798
1549566686929,1006.3798
1549566686962,1006.3798
1549566687001,1006.3798
1549566687039,1006.38715
1549566687083,1006.38715
1549566687115,1006.38715
1549566687153,1006.38715
1549566687192,1006.3877
1549566687231,1006.3877
1549566687274,1006.3877
1549566687311,1006.3877
1549566687346,1006.3851
1549566687384,1006.3851
1549566687423,1006.3851
1549566687463,1006.3851
1549566687501,1006.38446
1549566687539,1006.38446
1549566687577,1006.38446
1549566687617,1006.38446
1549566687653,1006.4009
1549566687693,1006.4009
1549566687729,1006.4009
1549566687769,1006.4009
1549566687814,1006.3903
1549566687845,1006.3903
1549566687885,1006.3903
1549566687925,1006.3903
1549566687963,1006.40625
1549566688000,1006.40625
1549566688039,1006.40625
1549566688077,1006.40625
1549566688126,1006.40643
1549566688155,1006.40643
1549566688192,1006.40643
1549566688231,1006.40643
1549566688271,1006.3975
1549566688307,1006.3975
1549566688346,1006.3975
1549566688383,1006.3975
1549566688422,1006.39935
1549566688462,1006.39935
1549566688500,1006.39935
1549566688538,1006.39935
1549566688578,1006.3938
1549566688617,1006.3938
1549566688654,1006.3938
1549566688699,1006.3938
1549566688730,1006.4055
1549566688770,1006.4055
1549566688807,1006.4055
1549566688845,1006.4055
1549566688890,1006.4082
1549566688922,1006.4082
1549566688961,1006.4082
1549566689000,1006.4082
1549566689038,1006.4316
1549566689079,1006.4316
1549566689114,1006.4316
1549566689155,1006.4316
1549566689194,1006.43677
1549566689236,1006.43677
1549566689270,1006.43677
1549566689314,1006.43677
1549566689346,1006.4361
1549566689385,1006.4361
1549566689421,1006.4361
1549566689461,1006.4361
1549566689500,1006.436
1549566689540,1006.436
1549566689596,1006.436
1549566689613,1006.436
1549566689656,1006.44727
1549566689691,1006.44727
1549566689729,1006.44727
1549566689768,1006.44727
1549566689809,1006.4633
1549566689845,1006.4633
1549566689883,1006.4633
1549566689921,1006.4633
1549566689961,1006.45276
1549566690025,1006.45276
1549566690036,1006.45276
1549566690076,1006.45276
1549566690118,1006.44055
1549566690153,1006.44055
1549566690193,1006.44055
1549566690230,1006.44055
1549566690270,1006.4341
1549566690306,1006.4341
1549566690346,1006.4341
1549566690386,1006.4341
1549566690424,1006.4434
1549566690614,1006.4434
1549566690615,1006.4434
1549566690615,1006.4434
1549566690615,1006.4618
1549566690615,1006.4618
1549566690653,1006.4618
1549566690690,1006.4618
1549566690729,1006.4551
1549566690770,1006.4551
1549566690806,1006.4551
1549566690845,1006.4551
1549566690896,1006.4362
1549566690928,1006.4362
1549566690961,1006.4362
1549566691061,1006.4362
1549566691062,1006.4422
1549566691079,1006.4422
1549566691113,1006.4422
1549566691154,1006.4422
1549566691190,1006.4647
1549566691231,1006.4647
1549566691268,1006.4647
1549566691305,1006.4647
1549566691348,1006.45
1549566691384,1006.45
1549566691422,1006.45
1549566691474,1006.45
1549566691502,1006.44446
1549566691539,1006.44446
1549566691575,1006.44446
1549566691617,1006.44446
1549566691692,1006.45667
1549566691692,1006.45667
1549566691733,1006.45667
1549566691781,1006.45667
1549566691808,1006.46765
1549566691847,1006.46765
1549566691885,1006.46765
1549566691923,1006.46765
1549566691962,1006.4835
1549566691998,1006.4835
1549566692040,1006.4835
1549566692079,1006.4835
1549566692118,1006.4606
1549566692157,1006.4606
1549566692194,1006.4606
1549566692232,1006.4606
1549566692271,1006.47375
1549566692308,1006.46075
1549566692349,1006.46075
1549566692383,1006.46075
1549566692422,1006.46075
1549566692461,1006.47003
1549566692498,1006.47003
1549566692538,1006.47003
1549566692580,1006.47003
1549566692615,1006.48596
1549566692670,1006.48596
1549566692691,1006.48596
1549566692730,1006.48596
1549566692768,1006.49023
1549566692811,1006.49023
1549566692846,1006.49023
1549566692887,1006.49023
1549566692922,1006.4524
1549566692962,1006.4524
1549566693001,1006.4524
1549566693037,1006.4524
1549566693077,1006.44434
1549566693115,1006.44434
1549566693152,1006.44434
1549566693192,1006.44434
1549566693230,1006.47424
1549566693268,1006.47424
1549566693307,1006.47424
1549566693347,1006.47424
1549566693385,1006.50287
1549566693424,1006.50287
1549566693464,1006.50287
1549566693499,1006.50287
1549566693539,1006.48737
1549566693575,1006.48737
1549566693617,1006.48737
1549566693656,1006.48737
1549566693691,1006.471
1549566693731,1006.471
1549566693771,1006.471
1549566693809,1006.471
1549566693847,1006.46625
1549566693892,1006.46625
1549566693924,1006.46625
1549566693960,1006.46625
1549566694001,1006.49207
1549566694063,1006.49207
1549566694078,1006.49207
1549566694114,1006.49207
1549566694156,1006.5187
1549566694192,1006.5187
1549566694231,1006.5187
1549566694272,1006.5187
1549566694308,1006.48
1549566694345,1006.48
1549566694385,1006.48
1549566694422,1006.48
1549566694461,1006.4579
1549566694503,1006.4579
1549566694540,1006.4579
1549566694579,1006.4579
1549566694613,1006.4746
1549566694653,1006.4746
1549566694695,1006.4746
1549566694730,1006.4746
1549566694770,1006.5144
1549566694809,1006.5144
1549566694846,1006.5144
1549566694884,1006.5144
1549566694927,1006.4918
1549566694960,1006.4918
1549566695007,1006.4918
1549566695043,1006.4918
1549566695118,1006.4771
1549566695118,1006.4771
1549566695152,1006.4771
1549566695191,1006.4771
1549566695229,1006.4616
1549566695268,1006.4616
1549566695306,1006.4616
1549566695346,1006.4616
1549566695390,1006.5028
1549566695424,1006.5028
1549566695458,1006.5028
1549566695499,1006.5028
1549566695536,1006.5249
1549566695575,1006.5249
1549566695614,1006.5249
1549566695654,1006.5249
1549566695690,1006.4846
1549566695727,1006.4846
1549566695815,1006.4846
1549566695816,1006.4846
1549566695849,1006.4311
1549566695899,1006.4311
1549566695925,1006.4311
1549566695960,1006.4311
1549566695997,1006.4602
1549566696035,1006.4602
1549566696074,1006.4602
1549566696113,1006.4602
1549566696150,1006.5204
1549566696189,1006.5204
1549566696229,1006.5204
1549566696265,1006.5204
1549566696322,1006.4895
1549566696343,1006.4895
1549566696381,1006.4895
1549566696420,1006.4895
1549566696461,1006.46814
1549566696496,1006.46814
1549566696538,1006.46814
1549566696574,1006.46814
1549566696612,1006.4498
1549566696651,1006.4498
1549566696699,1006.4498
1549566696730,1006.4498
1549566696768,1006.5045
1549566696804,1006.5045
1549566696843,1006.5045
1549566696886,1006.5045
1549566696919,1006.5576
1549566696958,1006.5576
1549566696998,1006.5576
1549566697037,1006.5576
1549566697076,1006.536
1549566697116,1006.536
1549566697156,1006.536
1549566697191,1006.536
1549566697234,1006.5064
1549566697268,1006.5064
1549566697305,1006.5064
1549566697344,1006.5064
1549566697384,1006.5008
1549566697420,1006.5008
1549566697461,1006.5008
1549566697501,1006.5008
1549566697537,1006.563
1549566697576,1006.563
1549566697616,1006.563
1549566697652,1006.563
1549566697692,1006.5686
1549566697731,1006.5686
1549566697769,1006.5686
1549566697806,1006.5686
1549566697844,1006.5597
1549566697889,1006.5597
1549566697930,1006.5597
1549566697958,1006.5597
1549566697999,1006.53754
1549566698037,1006.53754
1549566698076,1006.53754
1549566698113,1006.53754
1549566698152,1006.56165
1549566698193,1006.56165
1549566698230,1006.56165
1549566698268,1006.56165
1549566698308,1006.6218
1549566698347,1006.6218
1549566698390,1006.6218
1549566698423,1006.6218
1549566698463,1006.598
1549566698502,1006.598
1549566698538,1006.598
1549566698573,1006.598
1549566698614,1006.5759
1549566698656,1006.5759
1549566698693,1006.5759
1549566698730,1006.5759
1549566698768,1006.5683
1549566698806,1006.5683
1549566698845,1006.5683
1549566698882,1006.5683
1549566698921,1006.60486
1549566698963,1006.60486
1549566698999,1006.60486
1549566699038,1006.60486
1549566699081,1006.62646
1549566699113,1006.62646
1549566699152,1006.62646
1549566699193,1006.62646
1549566699230,1006.5944
1549566699269,1006.5944
1549566699308,1006.5944
1549566699347,1006.5944
1549566699383,1006.57477
1549566699421,1006.57477
1549566699462,1006.57477
1549566699499,1006.57477
1549566699536,1006.58734
1549566699576,1006.58734
1549566699614,1006.58734
1549566699652,1006.58734
1549566699693,1006.6343
1549566699754,1006.6343
1549566699766,1006.6343
1549566699930,1006.6343
1549566699931,1006.6209
1549566699931,1006.6209
1549566699932,1006.6209
1549566699964,1006.6209
1549566701014,1006.6034
1549566701015,1006.6034
1549566701015,1006.6034
1549566701016,1006.6034
1549566701017,1006.5994
1549566701017,1006.5994
1549566701019,1006.5994
1549566701021,1006.5994
1549566701024,1006.5994
1549566701025,1006.6186
1549566701025,1006.6186
1549566701028,1006.6186
1549566701029,1006.6186
1549566701030,1006.6691
1549566701030,1006.6691
1549566701030,1006.6691
1549566701031,1006.6691
1549566701031,1006.6434
1549566701032,1006.6434
1549566701032,1006.6434
1549566701033,1006.6434
1549566701033,1006.6581
1549566701034,1006.6581
1549566701034,1006.6581
1549566701035,1006.6581
1549566701035,1006.66565
1549566703868,1006.66565
1549566703868,1006.66565
1549566703868,1006.66565
1549566703869,1006.6848
1549566703869,1006.6848
1549566703869,1006.6848
1549566703869,1006.6848
1549566703870,1006.6941
1549566703870,1006.6941
1549566703870,1006.6941
1549566703870,1006.6941
1549566703871,1006.65674
1549566703871,1006.65674
1549566703871,1006.65674
1549566703871,1006.65674
1549566703872,1006.65607
1549566703872,1006.65607
1549566703872,1006.65607
1549566703872,1006.65607
1549566703873,1006.6678
1549566703873,1006.6678
1549566703873,1006.6678
1549566703873,1006.6678
1549566703874,1006.6911
1549566703874,1006.6911
1549566703874,1006.6911
1549566703874,1006.6911
1549566703875,1006.66943
1549566703875,1006.66943
1549566703875,1006.66943
1549566703875,1006.66943
1549566703876,1006.6647
1549566703876,1006.6647
1549566703876,1006.6647
1549566703876,1006.6647
1549566703877,1006.6277
1549566703877,1006.6277
1549566703877,1006.6277
1549566703878,1006.6277
1549566703878,1006.63525
1549566703878,1006.63525
1549566703878,1006.63525
1549566703878,1006.63525
1549566703879,1006.6739
1549566703879,1006.6739
1549566703879,1006.6739
1549566703880,1006.6739
1549566703880,1006.6716
1549566703880,1006.6716
1549566703880,1006.6716
1549566703881,1006.6716
1549566703881,1006.7073
1549566703881,1006.7073
1549566703881,1006.7073
1549566703881,1006.7073
1549566703882,1006.6881
1549566703882,1006.6881
1549566703882,1006.6881
1549566703882,1006.6881
1549566703883,1006.7023
1549566703883,1006.7023
1549566703883,1006.7023
1549566703883,1006.7023
1549566703884,1006.7074
1549566703884,1006.7074
1549566703884,1006.7074
1549566703884,1006.7074
1549566703885,1006.69763
1549566703885,1006.69763
1549566703885,1006.69763
1549566703885,1006.69763
1549566703886,1006.6586
1549566703886,1006.6586
1549566703886,1006.6586
1549566703887,1006.6586
1549566703887,1006.6646
1549566703928,1006.6646
1549566703960,1006.6646
1549566703998,1006.6646
1549566704035,1006.6991
1549566704075,1006.6991
1549566704122,1006.6991
1549566704150,1006.6991
1549566704190,1006.6819
1549566704229,1006.6819
1549566704265,1006.6819
1549566704304,1006.6819
1549566704342,1006.6867
1549566704382,1006.6867
1549566704418,1006.6867
1549566704459,1006.6867
1549566704499,1006.6811
1549566704534,1006.6811
1549566704574,1006.6811
1549566704612,1006.6811
1549566704650,1006.68866
1549566704691,1006.68866
1549566704728,1006.68866
1549566704768,1006.68866
1549566704817,1006.7248
1549566704841,1006.7248
1549566704881,1006.7248
1549566704918,1006.7248
1549566704957,1006.68665
1549566704997,1006.68665
1549566705038,1006.68665
1549566705080,1006.68665
1549566705113,1006.71454
1549566705153,1006.71454
1549566705189,1006.71454
1549566705228,1006.71454
1549566705269,1006.6693
1549566705305,1006.6693
1549566705342,1006.6693
1549566705382,1006.6693
1549566705422,1006.6922
1549566705459,1006.6922
1549566705499,1006.6922
1549566705537,1006.6922
1549566705592,1006.7097
1549566705613,1006.7097
1549566705653,1006.7097
1549566705690,1006.7097
1549566705727,1006.70624
1549566705767,1006.70624
1549566705805,1006.70624
1549566705845,1006.70624
1549566705884,1006.70886
1549566705924,1006.70886
1549566705958,1006.70886
1549566705995,1006.70886
1549566706037,1006.7078
1549566706136,1006.7078
1549566706136,1006.7078
1549566706149,1006.7078
1549566706198,1006.7212
1549566706230,1006.7212
1549566706268,1006.7212
1549566706303,1006.7212
1549566706341,1006.7086
1549566706380,1006.7086
1549566706422,1006.7086
1549566706460,1006.7086
1549566706501,1006.70715
1549566706533,1006.70715
1549566706573,1006.70715
1549566706626,1006.70715
1549566706651,1006.683
1549566706689,1006.683
1549566706725,1006.683
1549566706764,1006.683
1549566706803,1006.69934
1549566706841,1006.69934
1549566706881,1006.69934
1549566706920,1006.69934
1549566706958,1006.735
1549566706997,1006.735
1549566707037,1006.735
1549566707074,1006.735
1549566707117,1006.7227
1549566707149,1006.7227
1549566707189,1006.7227
1549566707229,1006.7227
1549566707267,1006.7324
1549566707305,1006.7324
1549566707343,1006.7324
1549566707385,1006.7324
1549566707418,1006.712
1549566707457,1006.712
1549566707497,1006.712
1549566707537,1006.712
1549566707573,1006.7245
1549566707614,1006.7245
1549566707653,1006.7245
1549566707690,1006.7245
1549566707729,1006.73175
1549566707769,1006.73175
1549566707803,1006.73175
1549566707843,1006.73175
1549566707881,1006.7157
1549566707920,1006.7157
1549566707959,1006.7157
1549566708001,1006.7157
1549566708033,1006.7157
1549566708077,1006.7031
1549566708112,1006.7031
1549566708151,1006.7031
1549566708189,1006.7031
1549566708227,1006.6909
1549566708266,1006.6909
1549566708307,1006.6909
1549566708343,1006.6909
1549566708381,1006.729
1549566708420,1006.729
1549566708458,1006.729
1549566708495,1006.729
1549566708534,1006.72833
1549566708572,1006.72833
1549566708611,1006.72833
1549566708649,1006.72833
1549566708687,1006.7169
1549566708730,1006.7169
1549566708770,1006.7169
1549566708803,1006.7169
1549566708841,1006.6844
1549566708881,1006.6844
1549566708921,1006.6844
1549566708959,1006.6844
1549566708998,1006.6817
1549566709034,1006.6817
1549566709078,1006.6817
1549566709111,1006.6817
1549566709150,1006.7152
1549566709189,1006.7152
1549566709226,1006.7152
1549566709264,1006.7152
1549566709304,1006.7071
1549566709342,1006.7071
1549566709381,1006.7071
1549566709423,1006.7071
1549566709459,1006.71716
1549566709495,1006.71716
1549566709542,1006.71716
1549566709576,1006.71716
1549566709610,1006.6876
1549566709649,1006.6876
1549566709688,1006.6876
1549566709728,1006.6876
1549566709766,1006.6899
1549566709805,1006.6899
1549566709871,1006.6899
1549566709880,1006.6899
1549566709918,1006.7275
1549566709958,1006.7275
1549566709995,1006.7275
1549566710039,1006.7275
1549566710071,1006.6987
1549566710112,1006.6987
1549566710151,1006.6987
1549566710189,1006.6987
1549566710228,1006.6791
1549566710266,1006.6791
1549566710304,1006.6791
1549566710345,1006.6791
1549566710381,1006.6812
1549566710417,1006.6812
1549566710455,1006.6812
1549566710509,1006.6812
1549566710535,1006.7061
1549566710572,1006.7061
1549566710614,1006.7061
1549566710648,1006.7061
1549566710689,1006.75366
1549566710724,1006.75366
1549566710763,1006.75366
1549566710803,1006.75366
1549566710843,1006.74554
1549566710880,1006.74554
1549566710923,1006.74554
1549566710958,1006.74554
1549566710999,1006.7534
1549566711033,1006.7534
1549566711071,1006.7534
1549566711110,1006.7534
1549566711149,1006.74615
1549566711191,1006.74615
1549566711226,1006.74615
1549566711264,1006.74615
1549566711302,1006.77435
1549566711340,1006.77435
1549566711378,1006.77435
1549566711420,1006.77435
1549566711456,1006.7778
1549566711493,1006.7778
1549566711532,1006.7778
1549566711573,1006.7778
1549566711609,1006.7684
1549566711647,1006.7684
1549566711686,1006.7684
1549566711725,1006.7684
1549566711762,1006.7388
1549566711800,1006.7388
1549566711849,1006.7388
1549566711878,1006.7388
1549566711916,1006.7538
1549566711955,1006.7538
1549566711995,1006.7538
1549566712032,1006.7538
1549566712074,1006.80133
1549566712111,1006.80133
1549566712149,1006.80133
1549566712190,1006.80133
1549566712229,1006.7932
1549566712264,1006.7932
1549566712302,1006.7932
1549566712344,1006.7932
1549566712379,1006.7925
1549566712420,1006.7925
1549566712457,1006.7925
1549566712495,1006.7925
1549566712537,1006.79846
1549566712571,1006.79846
1549566712610,1006.79846
1549566712650,1006.79846
1549566712689,1006.7936
1549566712724,1006.7936
1549566712764,1006.7936
1549566712803,1006.7936
1549566712854,1006.80035
1549566712878,1006.80035
1549566712919,1006.80035
1549566712958,1006.80035
1549566712996,1006.8145
1549566713035,1006.8145
1549566713071,1006.8145
1549566713111,1006.8145
1549566713151,1006.8196
1549566713191,1006.8196
1549566713225,1006.8196
1549566713264,1006.8196
1549566713306,1006.8283
1549566713342,1006.8283
1549566713383,1006.8283
1549566713418,1006.8283
1549566713458,1006.8252
1549566713508,1006.8252
1549566713590,1006.8252
1549566713598,1006.8252
1549566713642,1006.83636
1549566713688,1006.83636
1549566713692,1006.83636
1549566713727,1006.83636
1549566713769,1006.83105
1549566713803,1006.83105
1549566713851,1006.83105
1549566713880,1006.83105
1549566713918,1006.83734
1549566713953,1006.83734
1549566713996,1006.83734
1549566714032,1006.83734
1549566714070,1006.854
1549566714107,1006.854
1549566714154,1006.854
1549566714184,1006.854
1549566714223,1006.8668
1549566714263,1006.8668
1549566714300,1006.8668
1549566714338,1006.8668
1549566714380,1006.8686
1549566714415,1006.8686
1549566714454,1006.8686
1549566714492,1006.8686
1549566714531,1006.8996
1549566714570,1006.8996
1549566714609,1006.8996
1549566714648,1006.8996
1549566714685,1006.9031
1549566714725,1006.9031
1549566714773,1006.9031
1549566714800,1006.9031
1549566714838,1006.9126
1549566714877,1006.9126
1549566714916,1006.9126
1549566714954,1006.9126
1549566714997,1006.9045
1549566715032,1006.9045
1549566715070,1006.9045
1549566715109,1006.9045
1549566715146,1006.9074
1549566715187,1006.9074
1549566715224,1006.9074
1549566715263,1006.9074
1549566715307,1006.92444
1549566715339,1006.92444
1549566715376,1006.92444
1549566715415,1006.92444
1549566715455,1006.9625
1549566715494,1006.9625
1549566715530,1006.9625
1549566715580,1006.9625
1549566715609,1006.9461
1549566715646,1006.9461
1549566715687,1006.9461
1549566715723,1006.9461
1549566715761,1006.93915
1549566715800,1006.93915
1549566715842,1006.93915
1549566715879,1006.93915
1549566715914,1006.93915
1549566715953,1006.931
1549566716000,1006.931
1549566716031,1006.931
1549566716070,1006.931
1549566716116,1006.9159
1549566716147,1006.9159
1549566716184,1006.9159
1549566716224,1006.9159
1549566716261,1006.9502
1549566716301,1006.9502
1549566716337,1006.9502
1549566716380,1006.9502
1549566716414,1007.0092
1549566716453,1007.0092
1549566716497,1007.0092
1549566716536,1007.0092
1549566716570,1006.97424
1549566716609,1006.97424
1549566716650,1006.97424
1549566716685,1006.97424
1549566716722,1006.9574
1549566716762,1006.9574
1549566716803,1006.9574
1549566716840,1006.9574
1549566716876,1006.93604
1549566716919,1006.93604
1549566716954,1006.93604
1549566716991,1006.93604
1549566717049,1006.91095
1549566717070,1006.91095
1549566717107,1006.91095
1549566717150,1006.91095
1549566717185,1006.8875
1549566717224,1006.8875
1549566717260,1006.8875
1549566717303,1006.8875
1549566717338,1006.8987
1549566717379,1006.8987
1549566717423,1006.8987
1549566717501,1006.8987
1549566717501,1006.9038
1549566717601,1006.9038
1549566717601,1006.9038
1549566717818,1006.9038
1549566717818,1006.9138
1549566717818,1006.9138
1549566717818,1006.9138
1549566717819,1006.9138
1549566717819,1006.95355
1549566717866,1006.95355
1549566717881,1006.95355
1549566717914,1006.95355
1549566717962,1006.94244
1549566717993,1006.94244
1549566718031,1006.94244
1549566718069,1006.94244
1549566718116,1006.9586
1549566718165,1006.9586
1549566718185,1006.9586
1549566718229,1006.9586
1549566718262,1006.9632
1549566718303,1006.9632
1549566718341,1006.9632
1549566718377,1006.9632
1549566718415,1006.9757
1549566718457,1006.9757
1549566718491,1006.9757
1549566718529,1006.9757
1549566718568,1006.9836
1549566718615,1006.9836
1549566718652,1006.9836
1549566718692,1006.9836
1549566718738,1006.98486
1549566718762,1006.98486
1549566718799,1006.98486
1549566718837,1006.98486
1549566718876,1006.99445
1549566718913,1006.99445
1549566718953,1006.99445
1549566718995,1006.99445
1549566719056,1006.9896
1549566719075,1006.9896
1549566719111,1006.9896
1549566719145,1006.9896
1549566719183,1006.99756
1549566719223,1006.99756
1549566719263,1006.99756
1549566719299,1006.99756
1549566719337,1006.9939
1549566719376,1006.9939
1549566719414,1006.9939
1549566719452,1006.9939
1549566719492,1006.99023
1549566719529,1006.99023
1549566719572,1006.99023
1549566719610,1006.99023
1549566719645,1007.00635
1549566719685,1007.00635
1549566719723,1007.00635
1549566719764,1007.00635
1549566719799,1007.0044
1549566719839,1007.0044
1549566719883,1007.0044
1549566719915,1007.0044
1549566719955,1007.0152
1549566719994,1007.0152
1549566720030,1007.0152
1549566720070,1007.0152
1549566720111,1007.0058
1549566720145,1007.0058
1549566720184,1007.0058
1549566720223,1007.0058
1549566720262,1007.0043
1549566720299,1007.0043
1549566720337,1007.0043
1549566720378,1007.0043
1549566720414,1007.0117
1549566720454,1007.0117
1549566720492,1007.0117
1549566720529,1007.0117
1549566720569,1006.99695
1549566720606,1006.99695
1549566720645,1006.99695
1549566720684,1006.99695
1549566720722,1006.9987
1549566720761,1006.9987
1549566720799,1006.9987
1549566720841,1006.9987
1549566720877,1006.9951
1549566720914,1006.9951
1549566720954,1006.9951
1549566720994,1006.9951
1549566721031,1007.0178
1549566721069,1007.0178
1549566721111,1007.0178
1549566721153,1007.0178
1549566721183,1006.9998
1549566721221,1006.9998
1549566721262,1006.9998
1549566721303,1006.9998
1549566721339,1007.0242
1549566721375,1007.0242
1549566721415,1007.0242
1549566721453,1007.0242
1549566721493,1007.0123
1549566721542,1007.0123
1549566721569,1007.0123
1549566721607,1007.0123
1549566721644,1007.0207
1549566721683,1007.0207
1549566721722,1007.0207
1549566721762,1007.0207
1549566721802,1007.0302
1549566721840,1007.0302
1549566721881,1007.0302
1549566721915,1007.0302
1549566721953,1007.015
1549566722012,1007.015
1549566722031,1007.015
1549566722068,1007.015
1549566722106,1007.00806
1549566722147,1007.00806
1549566722183,1007.00806
1549566722221,1007.00806
1549566722260,1007.0049
1549566722298,1007.0049
1549566722338,1007.0049
1549566722376,1007.0049
1549566722413,1007.0161
1549566722452,1007.0161
1549566722492,1007.0161
1549566722533,1007.0161
1549566722570,1007.01654
1549566722613,1007.01654
1549566722646,1007.01654
1549566722682,1007.01654
1549566722722,1007.017
1549566722762,1007.017
1549566722804,1007.017
1549566722839,1007.017
1549566722879,1007.0299
1549566722919,1007.0299
1549566722953,1007.0299
1549566722993,1007.0299
1549566723031,1007.02094
1549566723072,1007.02094
1549566723115,1007.02094
1549566723151,1007.02094
1549566723210,1007.0387
1549566723222,1007.0387
1549566723262,1007.0387
1549566723303,1007.0387
1549566723336,1007.02844
1549566723376,1007.02844
1549566723415,1007.02844
1549566723464,1007.02844
1549566723497,1007.01044
1549566723529,1007.01044
1549566723569,1007.01044
1549566723607,1007.01044
1549566723646,1007.01044
1549566723682,1007.0035
1549566723720,1007.0035
1549566723759,1007.0035
1549566723799,1007.0035
1549566723844,1007.02295
1549566723876,1007.02295
1549566723916,1007.02295
1549566723955,1007.02295
1549566723992,1007.0346
1549566724029,1007.0346
1549566724067,1007.0346
1549566724105,1007.0346
1549566724147,1007.03094
1549566724183,1007.03094
1549566724230,1007.03094
1549566724260,1007.03094
1549566724301,1007.04047
1549566724339,1007.04047
1549566724375,1007.04047
1549566724414,1007.04047
1549566724453,1007.02527
1549566724491,1007.02527
1549566724548,1007.02527
1549566724568,1007.02527
1549566724607,1007.0348
1549566724647,1007.0348
1549566724682,1007.0348
1549566724724,1007.0348
1549566724760,1007.02783
1549566724804,1007.02783
1549566724837,1007.02783
1549566724876,1007.02783
1549566724914,1007.0341
1549566724963,1007.0341
1549566724992,1007.0341
1549566725031,1007.0341
1549566725070,1007.04034
1549566725111,1007.04034
1549566725149,1007.04034
1549566725183,1007.04034
1549566725222,1007.04297
1549566725259,1007.04297
1549566725301,1007.04297
1549566725340,1007.04297
1549566725376,1007.0393
1549566725413,1007.0393
1549566725454,1007.0393
1549566725491,1007.0393
1549566725541,1007.0406
1549566725566,1007.0406
1549566725607,1007.0406
1549566725644,1007.0406
1549566725683,1007.0447
1549566725724,1007.0447
1549566725761,1007.0447
1549566725797,1007.0447
1549566725838,1007.0333
1549566725881,1007.0333
1549566725913,1007.0333
1549566725952,1007.0333
1549566726007,1007.02637
1549566726062,1007.02637
1549566726073,1007.02637
1549566726104,1007.02637
1549566726145,1007.02893
1549566726181,1007.02893
