1549565975339,1005.62024
1549565975339,1005.61707
1549565975366,1005.61707
1549565975406,1005.61707
1549565975451,1005.61707
1549565975482,1005.6312
1549565975520,1005.6312
1549565975558,1005.6312
1549565975601,1005.6312
1549565975639,1005.6231
1549565975676,1005.6231
1549565975713,1005.6231
1549565975751,1005.6231
1549565975790,1005.6166
1549565975831,1005.6166
1549565975875,1005.6166
1549565975905,1005.6166
1549565975946,1005.61755
1549565975983,1005.61755
1549565976025,1005.61755
1549565976059,1005.61755
1549565976102,1005.61926
1549565976137,1005.61926
1549565976176,1005.61926
1549565976219,1005.61926
1549565976272,1005.6227
1549565976302,1005.6227
1549565976329,1005.6227
1549565976371,1005.6227
1549565976409,1005.62695
1549565976444,1005.62695
1549565976483,1005.62695
1549565976523,1005.62695
1549565976561,1005.61383
1549565976600,1005.61383
1549565976638,1005.61383
1549565976676,1005.61383
1549565976717,1005.6123
1549565976752,1005.6123
1549565976791,1005.6123
1549565976832,1005.6123
1549565976869,1005.6223
1549565976906,1005.6223
1549565976944,1005.6223
1549565976982,1005.6223
1549565977020,1005.629
1549565977060,1005.629
1549565977118,1005.629
1549565977151,1005.629
1549565977197,1005.62915
1549565977216,1005.62915
1549565977251,1005.62915
1549565977289,1005.62915
1549565977330,1005.63257
1549565977373,1005.63257
1549565977404,1005.63257
1549565977447,1005.63257
1549565977483,1005.63434
1549565977520,1005.63434
1549565977559,1005.63434
1549565977600,1005.63434
1549565977638,1005.6245
1549565977674,1005.6245
1549565977714,1005.6245
1549565977752,1005.6245
1549565977791,1005.6202
1549565977831,1005.6202
1549565977866,1005.6202
1549565977906,1005.6202
1549565977943,1005.6203
1549565977982,1005.6203
1549565978021,1005.6203
1549565978059,1005.6203
1549565978102,1005.5938
1549565978136,1005.61096
1549565978174,1005.61096
1549565978214,1005.61096
1549565978252,1005.61096
1549565978290,1005.5995
1549565978329,1005.5995
1549565978367,1005.5995
1549565978406,1005.5995
1549565978444,1005.59186
1549565978484,1005.59186
1549565978528,1005.59186
1549565978559,1005.59186
1549565978600,1005.5862
1549565978636,1005.5862
1549565978674,1005.5862
1549565978714,1005.5862
1549565978753,1005.58795
1549565978790,1005.58795
1549565978833,1005.58795
1549565978868,1005.58795
1549565978908,1005.59265
1549565978944,1005.59265
1549565978983,1005.59265
1549565979021,1005.59265
1549565979060,1005.5779
1549565979101,1005.5779
1549565979176,1005.5779
1549565979176,1005.5779
1549565979212,1005.5631
1549565979250,1005.5631
1549565979296,1005.5631
1549565979330,1005.5631
1549565979368,1005.55493
1549565979418,1005.55493
1549565979443,1005.55493
1549565979481,1005.55493
1549565979520,1005.55505
1549565979560,1005.55505
1549565979599,1005.55505
1549565979637,1005.55505
1549565979681,1005.5408
1549565979711,1005.5408
1549565979751,1005.5408
1549565979788,1005.5408
1549565979829,1005.5425
1549565979866,1005.5425
1549565979908,1005.5425
1549565979944,1005.5425
1549565979984,1005.5431
1549565980021,1005.5431
1549565980065,1005.5431
1549565980097,1005.5431
1549565980138,1005.54535
1549565980179,1005.54535
1549565980212,1005.54535
1549565980251,1005.54535
1549565980291,1005.5352
1549565980328,1005.5352
1549565980368,1005.5352
1549565980405,1005.5352
1549565980442,1005.5287
1549565980481,1005.5287
1549565980522,1005.5287
1549565980561,1005.5287
1549565980596,1005.52716
1549565980637,1005.52716
1549565980676,1005.52716
1549565980713,1005.52716
1549565980751,1005.52563
1549565980792,1005.52563
1549565980828,1005.52563
1549565980868,1005.52563
1549565980904,1005.52484
1549565980943,1005.52484
1549565980982,1005.52484
1549565981021,1005.52484
1549565981059,1005.51965
1549565981097,1005.51965
1549565981137,1005.51965
1549565981230,1005.51965
1549565981230,1005.52026
1549565981269,1005.52026
1549565981308,1005.52026
1549565981326,1005.52026
1549565981365,1005.5253
1549565981411,1005.5253
1549565981444,1005.5253
1549565981481,1005.5253
1549565981519,1005.5243
1549565981560,1005.5243
1549565981598,1005.5243
1549565981634,1005.5243
1549565981673,1005.51495
1549565981712,1005.51495
1549565981750,1005.51495
1549565981791,1005.51495
1549565981829,1005.5093
1549565981866,1005.5093
1549565981905,1005.5093
1549565981943,1005.5093
1549565981984,1005.5082
1549565982024,1005.5082
1549565982059,1005.5082
1549565982098,1005.5082
1549565982136,1005.49774
1549565982174,1005.49774
1549565982215,1005.49774
1549565982252,1005.49774
1549565982291,1005.49207
1549565982327,1005.49207
1549565982368,1005.49207
1549565982404,1005.49207
1549565982442,1005.486
1549565982480,1005.486
1549565982519,1005.486
1549565982558,1005.486
1549565982599,1005.49274
1549565982636,1005.49274
1549565982675,1005.49274
1549565982715,1005.49274
1549565982751,1005.48926
1549565982790,1005.48926
1549565982828,1005.48926
1549565982867,1005.48926
1549565982905,1005.4837
1549565982942,1005.4837
1549565982981,1005.4837
1549565983022,1005.4837
1549565983059,1005.48596
1549565983097,1005.48596
1549565983135,1005.48596
1549565983173,1005.48596
1549565983240,1005.4775
1549565983255,1005.4775
1549565983290,1005.4775
1549565983330,1005.4775
1549565983370,1005.4814
1549565983405,1005.4814
1549565983441,1005.4814
1549565983480,1005.4814
1549565983520,1005.47455
1549565983560,1005.47455
1549565983598,1005.47455
1549565983635,1005.47455
1549565983675,1005.4768
1549565983717,1005.4768
1549565983749,1005.4768
1549565983789,1005.4768
1549565983830,1005.47
1549565983867,1005.47
1549565983910,1005.47
1549565983942,1005.47
1549565983984,1005.4672
1549565984019,1005.4672
1549565984058,1005.4672
1549565984097,1005.4672
1549565984138,1005.46735
1549565984173,1005.46735
1549565984213,1005.46735
1549565984252,1005.46735
1549565984288,1005.45886
1549565984328,1005.45886
1549565984366,1005.45886
1549565984405,1005.45886
1549565984442,1005.4503
1549565984481,1005.4503
1549565984519,1005.4503
1549565984558,1005.4503
1549565984597,1005.44763
1549565984637,1005.44763
1549565984675,1005.44763
1549565984713,1005.44763
1549565984750,1005.4347
1549565984790,1005.4347
1549565984829,1005.4347
1549565984868,1005.4347
1549565984905,1005.422
1549565984942,1005.422
1549565984981,1005.422
1549565985019,1005.422
1549565985058,1005.41187
1549565985101,1005.41187
1549565985141,1005.41187
1549565985172,1005.41187
1549565985212,1005.405
1549565985251,1005.405
1549565985290,1005.405
1549565985327,1005.405
1549565985368,1005.39453
1549565985437,1005.39453
1549565985441,1005.39453
1549565985480,1005.39453
1549565985521,1005.37695
1549565985556,1005.37695
1549565985597,1005.37695
1549565985637,1005.37695
1549565985681,1005.3731
1549565985711,1005.3731
1549565985750,1005.3731
1549565985789,1005.3731
1549565985829,1005.3646
1549565985865,1005.3646
1549565985908,1005.3646
1549565985941,1005.3646
1549565985980,1005.3646
1549565986020,1005.3628
1549565986057,1005.3628
1549565986096,1005.3628
1549565986135,1005.3628
1549565986177,1005.34814
1549565986211,1005.34814
1549565986251,1005.34814
1549565986288,1005.34814
1549565986326,1005.34094
1549565986366,1005.34094
1549565986408,1005.34094
1549565986445,1005.34094
1549565986480,1005.3358
1549565986522,1005.3358
1549565986558,1005.3358
1549565986595,1005.3358
1549565986635,1005.329
1549565986672,1005.329
1549565986710,1005.329
1549565986749,1005.329
1549565986787,1005.321
1549565986825,1005.321
1549565986864,1005.321
1549565986903,1005.321
1549565986941,1005.31165
1549565986979,1005.31165
1549565987018,1005.31165
1549565987056,1005.31165
1549565987095,1005.302
1549565987133,1005.302
1549565987173,1005.302
1549565987210,1005.302
1549565987249,1005.3002
1549565987288,1005.3002
1549565987327,1005.3002
1549565987363,1005.3002
1549565987403,1005.2897
1549565987441,1005.2897
1549565987479,1005.2897
1549565987518,1005.2897
1549565987557,1005.27844
1549565987594,1005.27844
1549565987633,1005.27844
1549565987672,1005.27844
1549565987711,1005.27124
1549565987748,1005.27124
1549565987789,1005.27124
1549565987827,1005.27124
1549565987865,1005.2732
1549565987902,1005.2732
1549565987942,1005.2732
1549565987980,1005.2732
1549565988020,1005.2622
1549565988059,1005.2622
1549565988099,1005.2622
1549565988133,1005.2622
1549565988174,1005.2625
1549565988212,1005.2625
1549565988250,1005.2625
1549565988288,1005.2625
1549565988326,1005.2484
1549565988366,1005.2484
1549565988405,1005.2484
1549565988441,1005.2484
1549565988482,1005.24207
1549565988518,1005.24207
1549565988556,1005.24207
1549565988600,1005.24207
1549565988633,1005.2245
1549565988675,1005.2245
1549565988711,1005.2245
1549565988753,1005.2245
1549565988788,1005.20654
1549565988828,1005.20654
1549565988865,1005.20654
1549565988906,1005.20654
1549565988939,1005.20105
1549565988979,1005.20105
1549565989028,1005.20105
1549565989057,1005.20105
1549565989098,1005.1967
1549565989137,1005.1967
1549565989189,1005.1967
1549565989210,1005.1967
1549565989248,1005.1804
1549565989287,1005.1804
1549565989327,1005.1804
1549565989372,1005.1804
1549565989404,1005.1791
1549565989441,1005.1791
1549565989479,1005.1791
1549565989520,1005.1791
1549565989556,1005.1645
1549565989594,1005.1645
1549565989632,1005.1645
1549565989671,1005.1645
1549565989712,1005.16144
1549565989749,1005.16144
1549565989787,1005.16144
1549565989824,1005.16144
1549565989865,1005.15015
1549565989902,1005.15015
1549565989957,1005.15015
1549565989980,1005.15015
1549565990017,1005.1372
1549565990055,1005.1372
1549565990093,1005.1372
1549565990133,1005.1372
1549565990172,1005.13086
1549565990211,1005.13086
1549565990284,1005.13086
1549565990308,1005.13086
1549565990324,1005.1249
1549565990363,1005.1249
1549565990403,1005.1249
1549565990441,1005.1249
1549565990479,1005.1177
1549565990519,1005.1177
1549565990562,1005.1177
1549565990596,1005.1177
1549565990634,1005.1097
1549565990671,1005.1097
1549565990710,1005.1097
1549565990750,1005.1097
1549565990786,1005.10205
1549565990825,1005.10205
1549565990864,1005.10205
1549565990980,1005.10205
1549565990980,1005.0891
1549565990980,1005.0891
1549565991016,1005.0891
1549565991055,1005.0891
1549565991093,1005.0695
1549565991138,1005.0695
1549565991172,1005.0695
1549565991209,1005.0695
1549565991247,1005.0731
1549565991285,1005.0731
1549565991325,1005.0731
1549565991362,1005.0731
1549565991403,1005.0949
1549565991439,1005.0949
1549565991484,1005.0949
1549565991517,1005.0949
1549565991556,1005.12946
1549565991601,1005.12946
1549565991632,1005.12946
1549565991671,1005.12946
1549565991711,1005.16455
1549565991748,1005.16455
1549565991794,1005.16455
1549565991828,1005.16455
1549565991863,1005.20074
1549565991902,1005.20074
1549565991940,1005.20074
1549565991981,1005.20074
1549565992019,1005.23083
1549565992058,1005.23083
1549565992093,1005.23083
1549565992132,1005.23083
1549565992170,1005.2493
1549565992209,1005.2493
1549565992247,1005.2493
1549565992285,1005.2493
1549565992325,1005.26733
1549565992363,1005.26733
1549565992402,1005.26733
1549565992441,1005.26733
1549565992478,1005.2783
1549565992517,1005.2783
1549565992560,1005.2783
1549565992597,1005.2783
1549565992634,1005.2897
1549565992671,1005.2897
1549565992711,1005.2897
1549565992749,1005.2897
1549565992788,1005.3044
1549565992825,1005.3044
1549565992863,1005.3044
1549565992902,1005.3044
1549565992940,1005.308
1549565992984,1005.308
1549565993017,1005.308
1549565993055,1005.308
1549565993095,1005.3177
1549565993133,1005.3177
1549565993171,1005.3177
1549565993209,1005.3177
1549565993249,1005.31134
1549565993289,1005.31134
1549565993327,1005.31134
1549565993364,1005.31134
1549565993402,1005.30225
1549565993440,1005.30225
1549565993478,1005.30225
1549565993516,1005.30225
1549565993556,1005.2954
1549565993595,1005.2954
1549565993633,1005.2954
1549565993671,1005.2954
1549565993726,1005.28046
1549565993749,1005.2846
1549565993787,1005.2846
1549565993825,1005.2846
1549565993864,1005.2846
1549565993900,1005.2708
1549565993940,1005.2708
1549565993978,1005.2708
1549565994016,1005.2708
1549565994055,1005.2695
1549565994097,1005.2695
1549565994133,1005.2695
1549565994172,1005.2695
1549565994210,1005.27136
1549565994247,1005.27136
1549565994289,1005.27136
1549565994326,1005.27136
1549565994363,1005.261
1549565994401,1005.261
1549565994440,1005.261
1549565994481,1005.261
1549565994516,1005.248
1549565994556,1005.248
1549565994595,1005.248
1549565994631,1005.248
1549565994671,1005.23804
1549565994711,1005.23804
1549565994748,1005.23804
1549565994785,1005.23804
1549565994827,1005.23254
1549565994862,1005.23254
1549565994902,1005.23254
1549565994943,1005.23254
1549565994982,1005.23254
1549565995016,1005.23254
1549565995054,1005.23254
1549565995094,1005.23254
1549565995133,1005.2367
1549565995170,1005.2367
1549565995210,1005.2367
1549565995247,1005.2367
1549565995286,1005.2378
1549565995324,1005.2378
1549565995364,1005.2378
1549565995403,1005.2378
1549565995445,1005.2279
1549565995478,1005.2279
1549565995517,1005.2279
1549565995555,1005.2279
1549565995600,1005.21466
1549565995632,1005.21466
1549565995670,1005.21466
1549565995711,1005.21466
1549565995748,1005.208
1549565995786,1005.208
1549565995824,1005.208
1549565995864,1005.208
1549565995901,1005.2055
1549565995941,1005.2055
1549565995981,1005.2055
1549565996023,1005.2055
1549565996060,1005.1972
1549565996094,1005.1972
1549565996131,1005.1972
1549565996170,1005.1972
1549565996209,1005.18896
1549565996246,1005.18896
1549565996286,1005.18896
1549565996323,1005.18896
1549565996363,1005.19336
1549565996400,1005.19336
1549565996438,1005.19336
1549565996482,1005.19336
1549565996515,1005.19006
1549565996553,1005.19006
1549565996593,1005.19006
1549565996636,1005.19006
1549565996669,1005.1802
1549565996711,1005.1802
1549565996746,1005.1802
1549565996784,1005.1802
1549565996823,1005.1669
1549565996863,1005.1669
1549565996899,1005.1669
1549565996954,1005.1669
1549565996978,1005.1686
1549565997015,1005.1686
1549565997055,1005.1686
1549565997092,1005.1686
1549565997131,1005.1586
1549565997171,1005.1586
1549565997209,1005.1586
1549565997248,1005.1586
1549565997287,1005.1528
1549565997324,1005.1528
1549565997363,1005.1528
1549565997406,1005.1528
1549565997440,1005.14233
1549565997489,1005.14233
1549565997519,1005.14233
1549565997555,1005.14233
1549565997593,1005.144
1549565997633,1005.144
1549565997676,1005.144
1549565997708,1005.144
1549565997747,1005.12573
1549565997786,1005.12573
1549565997824,1005.12573
1549565997866,1005.12573
1549565997901,1005.1092
1549565997939,1005.1092
1549565997979,1005.1092
1549565998018,1005.1092
1549565998055,1005.1026
1549565998094,1005.1026
1549565998130,1005.1026
1549565998170,1005.1026
1549565998209,1005.09924
1549565998250,1005.09924
1549565998285,1005.09924
1549565998324,1005.09924
1549565998365,1005.08435
1549565998402,1005.08435
1549565998447,1005.08435
1549565998478,1005.08435
1549565998515,1005.07886
1549565998554,1005.07886
1549565998592,1005.07886
1549565998631,1005.07886
1549565998670,1005.0739
1549565998708,1005.0739
1549565998748,1005.0739
1549565998786,1005.0739
1549565998825,1005.06067
1549565998864,1005.06067
1549565998900,1005.06067
1549565998940,1005.06067
1549565998982,1005.0513
1549565999016,1005.0513
1549565999055,1005.0513
1549565999092,1005.0513
1549565999133,1005.03357
1549565999170,1005.03357
1549565999208,1005.03357
1549565999247,1005.03357
1549565999286,1005.0145
1549565999325,1005.0145
1549565999361,1005.0145
1549565999401,1005.0145
1549565999448,1004.9836
1549565999480,1004.9836
1549565999516,1004.9836
1549565999555,1004.9836
1549565999593,1004.9521
1549565999632,1004.9521
1549565999672,1004.9521
1549565999710,1004.9521
1549565999746,1004.91705
1549565999785,1004.91705
1549565999823,1004.91705
1549565999861,1004.91705
1549565999900,1004.8831
1549565999942,1004.8831
1549565999977,1004.8831
1549566000017,1004.8831
1549566000054,1004.8544
1549566000099,1004.8544
1549566000130,1004.8544
1549566000170,1004.8544
1549566000213,1004.8386
1549566000246,1004.8386
1549566000286,1004.8386
1549566000325,1004.8386
1549566000362,1004.8234
1549566000402,1004.8234
1549566000448,1004.8234
1549566000481,1004.8234
1549566000519,1004.8021
1549566000554,1004.8021
1549566000591,1004.8021
1549566000630,1004.8021
1549566000675,1004.7858
1549566000714,1004.7858
1549566000748,1004.7858
1549566000785,1004.7858
1549566000823,1004.76154
1549566000861,1004.76154
1549566000899,1004.76154
1549566000941,1004.76154
1549566000978,1004.75543
1549566001021,1004.75543
1549566001053,1004.75543
1549566001092,1004.75543
1549566001130,1004.74164
1549566001170,1004.74164
1549566001208,1004.74164
1549566001246,1004.74164
1549566001284,1004.7369
1549566001322,1004.7369
1549566001361,1004.7369
1549566001400,1004.7369
1549566001441,1004.7352
1549566001477,1004.7222
1549566001516,1004.7222
1549566001555,1004.7222
1549566001596,1004.7222
1549566001630,1004.7128
1549566001670,1004.7128
1549566001709,1004.7128
1549566001745,1004.7128
1549566001785,1004.7081
1549566001827,1004.7081
1549566001866,1004.7081
1549566001900,1004.7081
1549566001941,1004.70667
1549566001978,1004.70667
1549566002014,1004.70667
1549566002054,1004.70667
1549566002093,1004.6979
1549566002130,1004.6979
1549566002169,1004.6979
1549566002207,1004.6979
1549566002246,1004.6931
1549566002285,1004.6931
1549566002328,1004.6931
1549566002362,1004.6931
1549566002400,1004.70197
1549566002438,1004.70197
1549566002478,1004.70197
1549566002518,1004.70197
1549566002555,1004.69446
1549566002592,1004.69446
1549566002630,1004.69446
1549566002669,1004.69446
1549566002709,1004.6839
1549566002746,1004.6839
1549566002785,1004.6839
1549566002822,1004.6839
1549566002861,1004.6792
1549566002900,1004.6792
1549566002938,1004.6792
1549566002976,1004.6792
1549566003017,1004.6662
1549566003052,1004.6662
1549566003092,1004.6662
1549566003132,1004.6662
1549566003171,1004.6653
1549566003208,1004.6653
1549566003248,1004.6653
1549566003285,1004.6653
1549566003322,1004.64984
1549566003362,1004.64984
1549566003408,1004.64984
1549566003437,1004.64984
1549566003477,1004.6377
1549566003515,1004.6377
1549566003553,1004.6377
1549566003592,1004.6377
1549566003630,1004.62384
1549566003669,1004.62384
1549566003707,1004.62384
1549566003746,1004.62384
1549566003784,1004.61633
1549566003821,1004.61633
1549566003861,1004.61633
1549566003903,1004.61633
1549566003938,1004.6047
1549566003978,1004.6047
1549566004018,1004.6047
1549566004052,1004.6047
1549566004092,1004.5991
1549566004131,1004.5991
1549566004173,1004.5991
1549566004208,1004.5991
1549566004246,1004.5928
1549566004285,1004.5928
1549566004322,1004.5928
1549566004368,1004.5928
1549566004399,1004.5881
1549566004438,1004.5881
1549566004477,1004.5881
1549566004516,1004.5881
1549566004553,1004.5797
1549566004592,1004.5797
1549566004632,1004.5797
1549566004667,1004.5797
1549566004707,1004.57916
1549566004748,1004.57916
1549566004784,1004.57916
1549566004824,1004.57916
1549566004860,1004.5771
1549566004899,1004.5771
1549566004939,1004.5771
1549566004976,1004.5771
1549566005014,1004.577
1549566005058,1004.577
1549566005094,1004.577
1549566005130,1004.577
1549566005170,1004.59467
1549566005217,1004.59467
1549566005245,1004.59467
1549566005283,1004.59467
1549566005322,1004.5863
1549566005359,1004.5863
1549566005398,1004.5863
1549566005445,1004.5863
1549566005476,1004.5763
1549566005513,1004.5763
1549566005553,1004.5763
1549566005591,1004.5763
1549566005631,1004.55756
1549566005667,1004.55756
1549566005706,1004.55756
1549566005744,1004.55756
1549566005783,1004.54834
1549566005826,1004.54834
1549566005860,1004.54834
1549566005900,1004.54834
1549566005953,1004.52264
1549566005976,1004.52264
1549566006021,1004.52264
1549566006056,1004.52264
1549566006093,1004.4994
1549566006130,1004.4994
1549566006169,1004.4994
1549566006209,1004.4994
1549566006246,1004.48395
1549566006289,1004.48395
1549566006322,1004.48395
1549566006361,1004.48395
1549566006399,1004.4624
1549566006438,1004.4624
1549566006482,1004.4624
1549566006514,1004.4624
1549566006552,1004.44855
1549566006592,1004.44855
1549566006629,1004.44855
1549566006667,1004.44855
1549566006707,1004.43195
1549566006745,1004.43195
1549566006783,1004.43195
1549566006822,1004.43195
1549566006860,1004.42883
1549566006897,1004.42883
1549566006938,1004.42883
1549566006980,1004.42883
1549566007016,1004.4249
1549566007051,1004.4249
1549566007095,1004.4249
1549566007131,1004.4249
1549566007184,1004.4095
1549566007206,1004.4095
1549566007244,1004.4095
1549566007281,1004.4095
1549566007320,1004.39954
1549566007359,1004.39954
1549566007398,1004.39954
1549566007436,1004.39954
1549566007478,1004.37463
1549566007516,1004.37463
1549566007552,1004.37463
1549566007591,1004.37463
1549566007631,1004.35913
1549566007668,1004.35913
1549566007705,1004.35913
1549566007745,1004.35913
1549566007783,1004.3436
1549566007823,1004.3436
1549566007869,1004.3436
1549566007898,1004.3436
1549566007937,1004.3237
1549566007977,1004.3237
1549566008017,1004.3237
1549566008052,1004.3237
1549566008090,1004.3289
1549566008132,1004.3289
1549566008167,1004.3289
1549566008207,1004.3289
1549566008247,1004.3217
1549566008282,1004.3217
1549566008339,1004.3217
1549566008360,1004.3217
1549566008398,1004.31287
1549566008437,1004.31287
1549566008475,1004.31287
1549566008517,1004.31287
1549566008564,1004.29706
1549566008591,1004.29706
1549566008629,1004.29706
1549566008668,1004.29706
1549566008706,1004.2887
1549566008745,1004.2887
1549566008783,1004.2887
1549566008821,1004.2887
1549566008859,1004.28815
1549566008898,1004.28815
1549566008938,1004.28815
1549566008974,1004.28815
1549566009016,1004.2682
1549566009051,1004.2682
1549566009090,1004.2682
1549566009131,1004.2682
1549566009167,1004.2577
1549566009208,1004.2577
1549566009246,1004.2577
1549566009284,1004.2577
1549566009321,1004.2444
1549566009365,1004.2444
1549566009400,1004.2444
1549566009436,1004.2444
1549566009478,1004.2361
1549566009516,1004.2361
1549566009552,1004.2361
1549566009590,1004.2361
1549566009629,1004.2361
1549566009671,1004.2322
1549566009708,1004.2322
1549566009743,1004.2322
1549566009782,1004.2322
1549566009821,1004.23376
1549566009860,1004.23376
1549566009899,1004.23376
1549566009936,1004.23376
1549566009975,1004.22986
1549566010013,1004.22986
1549566010053,1004.22986
1549566010090,1004.22986
1549566010128,1004.24414
1549566010172,1004.24414
1549566010206,1004.24414
1549566010244,1004.24414
1549566010284,1004.2689
1549566010320,1004.2689
1549566010359,1004.2689
1549566010398,1004.2689
1549566010437,1004.2887
1549566010476,1004.2887
1549566010513,1004.2887
1549566010561,1004.2887
1549566010589,1004.3087
1549566010631,1004.3087
1549566010671,1004.3087
1549566010706,1004.3087
1549566010748,1004.3181
1549566010783,1004.3181
1549566010821,1004.3181
1549566010859,1004.3181
1549566010897,1004.3241
1549566010936,1004.3241
1549566010974,1004.3241
1549566011013,1004.3241
1549566011070,1004.3257
1549566011092,1004.3257
1549566011128,1004.3257
1549566011166,1004.3257
1549566011205,1004.3317
1549566011246,1004.3317
1549566011283,1004.3317
1549566011321,1004.3317
1549566011360,1004.34515
1549566011420,1004.34515
1549566011439,1004.34515
1549566011474,1004.34515
1549566011515,1004.3512
1549566011562,1004.3512
1549566011590,1004.3512
1549566011629,1004.3512
1549566011667,1004.34894
1549566011706,1004.34894
1549566011744,1004.34894
1549566011782,1004.34894
1549566011825,1004.3508
1549566011859,1004.3508
1549566011897,1004.3508
1549566011935,1004.3508
1549566011973,1004.34937
1549566012016,1004.34937
1549566012052,1004.34937
1549566012089,1004.34937
1549566012129,1004.3372
1549566012169,1004.3372
1549566012213,1004.3372
1549566012243,1004.3372
1549566012281,1004.3424
1549566012320,1004.3424
1549566012359,1004.3424
1549566012399,1004.3424
1549566012436,1004.3385
1549566012474,1004.3385
1549566012513,1004.3385
1549566012563,1004.3385
1549566012619,1004.3321
1549566012635,1004.3321
1549566012665,1004.3321
1549566012703,1004.3321
1549566012742,1004.3158
1549566012781,1004.3158
1549566012825,1004.3158
1549566012858,1004.3158
1549566012901,1004.30194
1549566012935,1004.30194
1549566012974,1004.30194
1549566013015,1004.30194
1549566013050,1004.29144
1549566013091,1004.29144
1549566013128,1004.29144
1549566013167,1004.29144
1549566013205,1004.2834
1549566013243,1004.2834
1549566013283,1004.2834
1549566013321,1004.2834
1549566013361,1004.2679
1549566013397,1004.2679
1549566013437,1004.2679
1549566013480,1004.2679
1549566013511,1004.25653
1549566013552,1004.25653
1549566013589,1004.25653
1549566013628,1004.25653
1549566013668,1004.2427
1549566013706,1004.2427
1549566013743,1004.2427
1549566013781,1004.2427
1549566013820,1004.2379
1549566013858,1004.2379
1549566013897,1004.2379
1549566013935,1004.2379
1549566013974,1004.23816
1549566014011,1004.23816
1549566014052,1004.23816
1549566014090,1004.23816
1549566014128,1004.2334
1549566014167,1004.2334
1549566014206,1004.2334
1549566014249,1004.2334
1549566014281,1004.22174
1549566014320,1004.22174
1549566014359,1004.22174
1549566014396,1004.22174
1549566014437,1004.2063
1549566014474,1004.2063
1549566014512,1004.2063
1549566014554,1004.2063
1549566014589,1004.20483
1549566014627,1004.20483
1549566014666,1004.20483
1549566014706,1004.20483
1549566014743,1004.2017
1549566014783,1004.2017
1549566014822,1004.2017
1549566014860,1004.2017
1549566014897,1004.1973
1549566014935,1004.1973
1549566014974,1004.1973
1549566015012,1004.1973
1549566015056,1004.1881
1549566015088,1004.1881
1549566015128,1004.1881
1549566015166,1004.1881
1549566015207,1004.1788
1549566015243,1004.1788
1549566015286,1004.1788
1549566015320,1004.1788
1549566015358,1004.174
1549566015399,1004.174
1549566015435,1004.174
1549566015475,1004.174
1549566015513,1004.1668
1549566015550,1004.1668
1549566015590,1004.1668
1549566015629,1004.1668
1549566015666,1004.15875
1549566015704,1004.15875
1549566015742,1004.15875
1549566015791,1004.15875
1549566015820,1004.14325
1549566015863,1004.14325
1549566015896,1004.14325
1549566015934,1004.14325
1549566015974,1004.13354
1549566016013,1004.13354
1549566016051,1004.13354
1549566016088,1004.13354
1549566016126,1004.11194
1549566016165,1004.11194
1549566016206,1004.11194
1549566016243,1004.11194
1549566016299,1004.1092
1549566016319,1004.1092
1549566016359,1004.1092
1549566016398,1004.1092
1549566016434,1004.1028
1549566016475,1004.1028
1549566016515,1004.1028
1549566016550,1004.1028
1549566016588,1004.098
1549566016627,1004.098
1549566016668,1004.098
1549566016707,1004.098
1549566016743,1004.0875
1549566016781,1004.0875
1549566016820,1004.0875
1549566016859,1004.0875
1549566016896,1004.0845
1549566016937,1004.0845
1549566016974,1004.0845
1549566017013,1004.0845
1549566017058,1004.0867
1549566017087,1004.0867
1549566017126,1004.0867
1549566017167,1004.0867
1549566017202,1004.08356
1549566017242,1004.08356
1549566017282,1004.08356
1549566017333,1004.08356
1549566017358,1004.08875
1549566017397,1004.08875
1549566017437,1004.08875
1549566017472,1004.08875
1549566017511,1004.0967
1549566017560,1004.0967
1549566017590,1004.0967
1549566017626,1004.0967
1549566017666,1004.0919
1549566017704,1004.0919
1549566017743,1004.0919
1549566017781,1004.0919
1549566017822,1004.0919
1549566017858,1004.09656
1549566017896,1004.09656
1549566017935,1004.09656
1549566017973,1004.09656
1549566018013,1004.09845
1549566018050,1004.09845
1549566018088,1004.09845
1549566018126,1004.09845
1549566018166,1004.1023
1549566018211,1004.1023
1549566018242,1004.1023
1549566018281,1004.1023
1549566018319,1004.10254
1549566018357,1004.10254
1549566018397,1004.10254
1549566018436,1004.10254
1549566018476,1004.0978
1549566018511,1004.0978
1549566018550,1004.0978
1549566018595,1004.0978
1549566018627,1004.0884
1549566018667,1004.0884
1549566018703,1004.0884
1549566018742,1004.0884
1549566018781,1004.1013
1549566018821,1004.1013
1549566018857,1004.1013
1549566018895,1004.1013
1549566018933,1004.09326
1549566018975,1004.09326
1549566019010,1004.09326
1549566019050,1004.09326
1549566019087,1004.0885
1549566019126,1004.0885
1549566019168,1004.0885
1549566019204,1004.0885
1549566019242,1004.07825
1549566019281,1004.07825
1549566019319,1004.07825
1549566019359,1004.07825
1549566019396,1004.06805
1549566019433,1004.06805
1549566019476,1004.06805
1549566019510,1004.06805
1549566019551,1004.0666
1549566019589,1004.0666
1549566019626,1004.0666
1549566019671,1004.0666
1549566019706,1004.05554
1549566019741,1004.05554
1549566019779,1004.05554
1549566019819,1004.05554
1549566019859,1004.05084
1549566019896,1004.05084
1549566019935,1004.05084
1549566019972,1004.05084
1549566020011,1004.04114
1549566020052,1004.04114
1549566020096,1004.04114
1549566020125,1004.04114
1549566020164,1004.0392
1549566020204,1004.0392
1549566020241,1004.0392
1549566020280,1004.0392
1549566020319,1004.0361
1549566020357,1004.0361
1549566020395,1004.0361
1549566020433,1004.0361
1549566020472,1004.0325
1549566020516,1004.0325
1549566020551,1004.0325
1549566020593,1004.0325
1549566020629,1004.0244
1549566020664,1004.0244
1549566020704,1004.0244
1549566020743,1004.0244
1549566020779,1004.01385
1549566020819,1004.01385
1549566020856,1004.01385
1549566020894,1004.01385
1549566020934,1004.01245
1549566020972,1004.01245
1549566021012,1004.01245
1549566021050,1004.01245
1549566021087,1004.00684
1549566021128,1004.00684
1549566021167,1004.00684
1549566021203,1004.00684
1549566021243,1004.0033
1549566021279,1004.0033
1549566021319,1004.0033
1549566021361,1004.0033
1549566021394,1003.9952
1549566021433,1003.9952
1549566021472,1003.9952
1549566021514,1003.9952
1549566021549,1003.98663
1549566021588,1003.98663
1549566021625,1003.98663
1549566021668,1003.98663
1549566021702,1003.9756
1549566021742,1003.9756
1549566021780,1003.9756
1549566021818,1003.9756
1549566021858,1003.9684
1549566021896,1003.9684
1549566021932,1003.9684
1549566021972,1003.9684
1549566022010,1003.9659
1549566022050,1003.9659
1549566022087,1003.9659
1549566022126,1003.9659
1549566022163,1003.9656
1549566022202,1003.9656
1549566022241,1003.9656
1549566022280,1003.9656
1549566022323,1003.9542
1549566022360,1003.9542
1549566022395,1003.9542
1549566022433,1003.9542
1549566022473,1003.949
1549566022511,1003.949
1549566022548,1003.949
1549566022589,1003.949
1549566022627,1003.9393
1549566022664,1003.9393
1549566022702,1003.9393
1549566022742,1003.9393
1549566022779,1003.929
1549566022818,1003.929
1549566022862,1003.929
1549566022895,1003.929
1549566022938,1003.9172
1549566022972,1003.9172
1549566023018,1003.9172
1549566023051,1003.9172
1549566023087,1003.9042
1549566023125,1003.9042
1549566023163,1003.9042
1549566023203,1003.9042
1549566023240,1003.8972
1549566023281,1003.8972
1549566023322,1003.8972
1549566023356,1003.8972
1549566023398,1003.88916
1549566023437,1003.88916
1549566023472,1003.88916
1549566023509,1003.88916
1549566023548,1003.88806
1549566023585,1003.88806
1549566023624,1003.88806
1549566023663,1003.88806
1549566023703,1003.88824
1549566023740,1003.88824
1549566023780,1003.88824
1549566023819,1003.88824
1549566023856,1003.88794
1549566023896,1003.88794
1549566023934,1003.88794
1549566023970,1003.88794
1549566024010,1003.8832
1549566024048,1003.8832
1549566024088,1003.8832
1549566024125,1003.8832
1549566024163,1003.8735
1549566024204,1003.8735
1549566024242,1003.8735
1549566024279,1003.8735
1549566024322,1003.87646
1549566024357,1003.87646
1549566024395,1003.87646
1549566024435,1003.87646
1549566024474,1003.8712
1549566024510,1003.8712
1549566024553,1003.8712
1549566024593,1003.8712
1549566024625,1003.87756
1549566024662,1003.87756
1549566024703,1003.87756
1549566024741,1003.87756
1549566024780,1003.8797
1549566024817,1003.8797
1549566024859,1003.8797
1549566024893,1003.8797
1549566024934,1003.88104
1549566024972,1003.88104
1549566025009,1003.88104
1549566025048,1003.88104
1549566025089,1003.87415
1549566025125,1003.87415
1549566025163,1003.87415
1549566025201,1003.87415
1549566025242,1003.87994
1549566025278,1003.87994
1549566025318,1003.87994
1549566025359,1003.87994
1549566025394,1003.87305
1549566025433,1003.87305
1549566025475,1003.87305
1549566025513,1003.87305
1549566025548,1003.8707
1549566025588,1003.8707
1549566025623,1003.8707
1549566025662,1003.8707
1549566025700,1003.8707
1549566025739,1003.8666
1549566025777,1003.8666
1549566025816,1003.8666
1549566025855,1003.8666
1549566025893,1003.8589
1549566025931,1003.8589
1549566025971,1003.8589
1549566026010,1003.8589
1549566026047,1003.84314
1549566026086,1003.84314
1549566026127,1003.84314
1549566026164,1003.84314
1549566026206,1003.8288
1549566026242,1003.8288
1549566026279,1003.8288
1549566026317,1003.8288
1549566026355,1003.8164
1549566026394,1003.8164
1549566026432,1003.8164
1549566026472,1003.8164
1549566026508,1003.8049
1549566026552,1003.8049
1549566026587,1003.8049
1549566026624,1003.8049
1549566026662,1003.80237
1549566026701,1003.80237
1549566026741,1003.80237
1549566026779,1003.80237
1549566026816,1003.7974
1549566026856,1003.7974
1549566026895,1003.7974
1549566026932,1003.7974
1549566026972,1003.7875
1549566027009,1003.7875
1549566027049,1003.7875
1549566027089,1003.7875
1549566027126,1003.78204
1549566027163,1003.78204
1549566027200,1003.78204
1549566027240,1003.78204
1549566027279,1003.7771
1549566027315,1003.7771
1549566027355,1003.7771
1549566027396,1003.7771
1549566027432,1003.76794
1549566027470,1003.76794
1549566027510,1003.76794
1549566027548,1003.76794
1549566027597,1003.76166
1549566027623,1003.76166
1549566027665,1003.76166
1549566027705,1003.76166
1549566027739,1003.74347
1549566027780,1003.74347
1549566027816,1003.74347
1549566027857,1003.74347
1549566027894,1003.74133
1549566027931,1003.74133
1549566027971,1003.74133
1549566028008,1003.74133
1549566028057,1003.7458
1549566028086,1003.7458
1549566028125,1003.7458
1549566028164,1003.7458
1549566028201,1003.7309
1549566028244,1003.7309
1549566028279,1003.7309
1549566028318,1003.7309
1549566028354,1003.7185
1549566028394,1003.7185
1549566028437,1003.7185
1549566028469,1003.7185
1549566028508,1003.70807
1549566028548,1003.70807
1549566028587,1003.70807
1549566028623,1003.70807
1549566028662,1003.6982
1549566028700,1003.6982
1549566028744,1003.6982
1549566028780,1003.6982
1549566028817,1003.7006
1549566028854,1003.7006
1549566028895,1003.7006
1549566028933,1003.7006
1549566028970,1003.6957
1549566029008,1003.6957
1549566029049,1003.6957
1549566029086,1003.6957
1549566029125,1003.67865
1549566029163,1003.67865
1549566029201,1003.67865
1549566029239,1003.67865
1549566029280,1003.6753
1549566029317,1003.6753
1549566029355,1003.6753
1549566029397,1003.6753
1549566029433,1003.66046
1549566029470,1003.66046
1549566029520,1003.66046
1549566029548,1003.66046
1549566029586,1003.6472
1549566029624,1003.6472
1549566029663,1003.6472
1549566029701,1003.6472
1549566029740,1003.63074
1549566029778,1003.63074
1549566029816,1003.63074
1549566029859,1003.63074
1549566029893,1003.63403
1549566029932,1003.63403
1549566029972,1003.63403
1549566030009,1003.63403
1549566030047,1003.62573
1549566030091,1003.62573
1549566030126,1003.62573
1549566030161,1003.62573
1549566030202,1003.6114
1549566030239,1003.6114
1549566030278,1003.6114
1549566030318,1003.6114
1549566030354,1003.6007
1549566030393,1003.6007
1549566030432,1003.6007
1549566030471,1003.6007
1549566030508,1003.5929
1549566030546,1003.5929
1549566030586,1003.5929
1549566030622,1003.5929
1549566030662,1003.59454
1549566030699,1003.59454
1549566030738,1003.59454
1549566030777,1003.59454
1549566030816,1003.5921
1549566030856,1003.5921
1549566030893,1003.5921
1549566030934,1003.5921
1549566030971,1003.60034
1549566031008,1003.60034
1549566031047,1003.60034
1549566031087,1003.60034
1549566031123,1003.59314
1549566031163,1003.59314
1549566031201,1003.59314
1549566031240,1003.59314
1549566031279,1003.5912
1549566031318,1003.5912
1549566031360,1003.5912
1549566031392,1003.5912
1549566031431,1003.5936
1549566031470,1003.5936
1549566031509,1003.5936
1549566031549,1003.5936
1549566031588,1003.5925
1549566031626,1003.5925
1549566031662,1003.5925
1549566031700,1003.5925
1549566031739,1003.60736
1549566031777,1003.60736
1549566031817,1003.60736
1549566031853,1003.60736
1549566031896,1003.61487
1549566031932,1003.61487
1549566031969,1003.61487
1549566032007,1003.61487
1549566032046,1003.60876
1549566032086,1003.60876
1549566032133,1003.60876
1549566032161,1003.60876
1549566032200,1003.60925
1549566032239,1003.60925
1549566032278,1003.60925
1549566032316,1003.60925
1549566032355,1003.6073
1549566032392,1003.6073
1549566032431,1003.6073
1549566032470,1003.6073
1549566032508,1003.60315
1549566032546,1003.60315
1549566032587,1003.60315
1549566032623,1003.60315
1549566032661,1003.6029
1549566032700,1003.6029
1549566032738,1003.6029
1549566032778,1003.6029
1549566032817,1003.61
1549566032855,1003.61
1549566032898,1003.61
1549566032930,1003.61
1549566032970,1003.6097
1549566033008,1003.6097
1549566033047,1003.6097
1549566033085,1003.6097
1549566033123,1003.6085
1549566033161,1003.6085
1549566033200,1003.6085
1549566033242,1003.6085
1549566033278,1003.6028
1549566033316,1003.6028
1549566033354,1003.6028
1549566033392,1003.6028
1549566033434,1003.5958
1549566033469,1003.5958
1549566033507,1003.5958
1549566033545,1003.5958
1549566033584,1003.6107
1549566033622,1003.60626
1549566033661,1003.60626
1549566033701,1003.60626
1549566033740,1003.60626
1549566033778,1003.60596
1549566033815,1003.60596
1549566033854,1003.60596
1549566033892,1003.60596
1549566033930,1003.5941
1549566033977,1003.5941
1549566034008,1003.5941
1549566034045,1003.5941
1549566034085,1003.574
1549566034122,1003.574
1549566034161,1003.574
1549566034199,1003.574
1549566034237,1003.5654
1549566034279,1003.5654
1549566034316,1003.5654
1549566034353,1003.5654
1549566034393,1003.561
1549566034431,1003.561
1549566034469,1003.561
1549566034507,1003.561
1549566034547,1003.559
1549566034586,1003.559
1549566034622,1003.559
1549566034662,1003.559
1549566034699,1003.55786
1549566034738,1003.55786
1549566034777,1003.55786
1549566034816,1003.55786
1549566034853,1003.5443
1549566034891,1003.5443
1549566034930,1003.5443
1549566034969,1003.5443
1549566035006,1003.53906
1549566035045,1003.53906
1549566035087,1003.53906
1549566035122,1003.53906
1549566035159,1003.5313
1549566035198,1003.5313
1549566035239,1003.5313
1549566035282,1003.5313
1549566035316,1003.5272
1549566035353,1003.5272
1549566035391,1003.5272
1549566035432,1003.5272
1549566035472,1003.51697
1549566035506,1003.51697
1549566035545,1003.51697
1549566035583,1003.51697
1549566035622,1003.5031
1549566035660,1003.5031
1549566035698,1003.5031
1549566035737,1003.5031
1549566035777,1003.49866
1549566035814,1003.49866
1549566035852,1003.49866
1549566035893,1003.49866
1549566035930,1003.48926
1549566035969,1003.48926
1549566036006,1003.48926
1549566036046,1003.48926
1549566036092,1003.4716
1549566036121,1003.4716
1549566036160,1003.4716
1549566036200,1003.4716
1549566036238,1003.4565
1549566036277,1003.4565
1549566036317,1003.4565
1549566036353,1003.4565
1549566036391,1003.4368
1549566036432,1003.4368
1549566036475,1003.4368
1549566036507,1003.4368
1549566036545,1003.43567
1549566036583,1003.43567
1549566036623,1003.43567
1549566036660,1003.43567
1549566036700,1003.4337
1549566036740,1003.4337
1549566036775,1003.4337
1549566036816,1003.4337
1549566036854,1003.4219
1549566036891,1003.4219
1549566036931,1003.4219
1549566036970,1003.4219
1549566037006,1003.41943
1549566037047,1003.41943
1549566037086,1003.41943
1549566037126,1003.41943
1549566037161,1003.40393
1549566037200,1003.40393
1549566037236,1003.40393
1549566037274,1003.40393
1549566037315,1003.3953
1549566037357,1003.3953
1549566037390,1003.3953
1549566037430,1003.3953
1549566037470,1003.3917
1549566037506,1003.3917
1549566037545,1003.3917
1549566037583,1003.3917
1549566037624,1003.3799
1549566037659,1003.3799
1549566037699,1003.3799
1549566037738,1003.3799
1549566037777,1003.3738
1549566037816,1003.3738
1549566037853,1003.3738
1549566037892,1003.3738
1549566037930,1003.3586
1549566037968,1003.3586
1549566038010,1003.3586
1549566038047,1003.3586
1549566038085,1003.3484
1549566038124,1003.3484
1549566038162,1003.3484
1549566038198,1003.3484
1549566038238,1003.3509
1549566038278,1003.3509
1549566038313,1003.3509
1549566038351,1003.3509
1549566038391,1003.3469
1549566038428,1003.3469
1549566038467,1003.3469
1549566038506,1003.3469
1549566038545,1003.3461
1549566038583,1003.3461
1549566038621,1003.3461
1549566038659,1003.3461
1549566038699,1003.3458
1549566038737,1003.3458
1549566038777,1003.3458
1549566038815,1003.3458
1549566038856,1003.3455
1549566038893,1003.3455
1549566038929,1003.3455
1549566038968,1003.3455
1549566039008,1003.3452
1549566039045,1003.3452
1549566039084,1003.3452
1549566039122,1003.3452
1549566039159,1003.34735
1549566039199,1003.34735
1549566039239,1003.34735
1549566039280,1003.34735
1549566039313,1003.35364
1549566039352,1003.35364
1549566039390,1003.35364
1549566039429,1003.35364
1549566039468,1003.3534
1549566039506,1003.3534
1549566039545,1003.3534
1549566039583,1003.3534
1549566039622,1003.3563
1549566039660,1003.3563
1549566039698,1003.3563
1549566039738,1003.3563
1549566039776,1003.3734
1549566039813,1003.3734
1549566039852,1003.3734
1549566039891,1003.3734
1549566039929,1003.38214
1549566039968,1003.38214
1549566040007,1003.38214
1549566040051,1003.38214
1549566040084,1003.3868
1549566040123,1003.3868
1549566040166,1003.3868
1549566040203,1003.3868
1549566040236,1003.3898
1549566040276,1003.3898
1549566040315,1003.3898
1549566040353,1003.3898
1549566040391,1003.3945
1549566040430,1003.3945
1549566040467,1003.3945
1549566040507,1003.3945
1549566040546,1003.40405
1549566040586,1003.40405
1549566040620,1003.40405
1549566040659,1003.40405
1549566040697,1003.40375
1549566040737,1003.40375
1549566040775,1003.40375
1549566040818,1003.40375
1549566040855,1003.40015
1549566040892,1003.40015
1549566040928,1003.40015
1549566040967,1003.40015
1549566041006,1003.4023
1549566041045,1003.4023
1549566041082,1003.4023
1549566041121,1003.4023
1549566041160,1003.39044
1549566041198,1003.39044
1549566041236,1003.39044
1549566041276,1003.39044
1549566041315,1003.36865
1549566041353,1003.36865
1549566041393,1003.36865
1549566041432,1003.36865
1549566041470,1003.36865
1549566041505,1003.3485
1549566041544,1003.3485
1549566041584,1003.3485
1549566041621,1003.3485
1549566041658,1003.33417
1549566041696,1003.33417
1549566041738,1003.33417
1549566041775,1003.33417
1549566041815,1003.324
1549566041852,1003.324
1549566041889,1003.324
1549566041929,1003.324
1549566041969,1003.3179
1549566042007,1003.3179
1549566042046,1003.3179
1549566042085,1003.3179
1549566042122,1003.3137
1549566042158,1003.3137
1549566042198,1003.3137
1549566042239,1003.3137
1549566042275,1003.3035
1549566042314,1003.3035
1549566042352,1003.3035
1549566042390,1003.3035
1549566042429,1003.3007
1549566042468,1003.3007
1549566042506,1003.3007
1549566042547,1003.3007
1549566042582,1003.2938
1549566042620,1003.2938
1549566042666,1003.2938
1549566042697,1003.2938
1549566042741,1003.28357
1549566042775,1003.28357
1549566042814,1003.28357
1549566042861,1003.28357
1549566042890,1003.28577
1549566042931,1003.28577
1549566042966,1003.28577
1549566043007,1003.28577
1549566043043,1003.27716
1549566043083,1003.27716
1549566043128,1003.27716
1549566043158,1003.27716
1549566043198,1003.262
1549566043238,1003.262
1549566043274,1003.262
1549566043313,1003.262
1549566043352,1003.2526
1549566043391,1003.2526
1549566043429,1003.2526
1549566043467,1003.2526
1549566043509,1003.2534
1549566043542,1003.2534
1549566043583,1003.2534
1549566043620,1003.2534
1549566043659,1003.24817
1549566043697,1003.24817
1549566043738,1003.24817
1549566043788,1003.24817
1549566043816,1003.25037
1549566043850,1003.25037
1549566043890,1003.25037
1549566043928,1003.25037
1549566043967,1003.2484
1549566044005,1003.2484
1549566044043,1003.2484
1549566044081,1003.2484
1549566044121,1003.24396
1549566044158,1003.24396
1549566044198,1003.24396
1549566044339,1003.24396
1549566044339,1003.23157
1549566044341,1003.23157
1549566044363,1003.23157
1549566044390,1003.23157
1549566044427,1003.22797
1549566044468,1003.22797
1549566044529,1003.22797
1549566044545,1003.22797
1549566044587,1003.22845
1549566044622,1003.22845
1549566044657,1003.22845
1549566044712,1003.22845
1549566044734,1003.2194
1549566044775,1003.2194
1549566044814,1003.2194
1549566044852,1003.2194
1549566044888,1003.2059
1549566044926,1003.2059
1549566044965,1003.2059
1549566045003,1003.2059
1549566045045,1003.19696
1549566045093,1003.19696
1549566045121,1003.19696
1549566045157,1003.19696
1549566045197,1003.19617
1549566045241,1003.19617
1549566045272,1003.19617
1549566045389,1003.19006
1549566045390,1003.19006
1549566045428,1003.19006
1549566045467,1003.19006
1549566045506,1003.18317
1549566045544,1003.18317
1549566045582,1003.18317
1549566045622,1003.18317
1549566045660,1003.1791
1549566045700,1003.1791
1549566045735,1003.1791
1549566045772,1003.1791
1549566045812,1003.18286
1549566045850,1003.18286
1549566045891,1003.18286
1549566045928,1003.18286
1549566045968,1003.18994
1549566046005,1003.18994
1549566046043,1003.18994
1549566046082,1003.18994
1549566046120,1003.2024
1549566046159,1003.2024
1549566046207,1003.2024
1549566046237,1003.2024
1549566046276,1003.2087
1549566046313,1003.2087
1549566046350,1003.2087
1549566046391,1003.2087
1549566046429,1003.224
1549566046476,1003.224
1549566046518,1003.224
1549566046543,1003.224
1549566046582,1003.232
1549566046621,1003.232
1549566046663,1003.232
1549566046698,1003.232
1549566046739,1003.2506
1549566046780,1003.2506
1549566046819,1003.2506
1549566046851,1003.2506
1549566046887,1003.26965
1549566046926,1003.26965
1549566046966,1003.26965
1549566047003,1003.26965
1549566047043,1003.2867
1549566047081,1003.2867
1549566047120,1003.2867
1549566047159,1003.2867
1549566047195,1003.30237
1549566047236,1003.30237
1549566047273,1003.30237
1549566047312,1003.30237
1549566047350,1003.3037
1549566047389,1003.3037
1549566047428,1003.3037
1549566047466,1003.3037
1549566047504,1003.3125
1549566047543,1003.3125
1549566047581,1003.3125
1549566047622,1003.3125
1549566047658,1003.31824
1549566047701,1003.31824
1549566047736,1003.31824
1549566047774,1003.31824
1549566047813,1003.3127
1549566047856,1003.3127
1549566047888,1003.3127
1549566047926,1003.3127
1549566047966,1003.3102
1549566048005,1003.3102
1549566048044,1003.3102
1549566048082,1003.3102
1549566048121,1003.3091
1549566048160,1003.3091
1549566048198,1003.3091
1549566048239,1003.3091
1549566048283,1003.3082
1549566048315,1003.3082
1549566048351,1003.3082
1549566048389,1003.3082
1549566048428,1003.3054
1549566048467,1003.3054
1549566048504,1003.3054
1549566048543,1003.3054
1549566048582,1003.3052
1549566048620,1003.3052
1549566048662,1003.3052
1549566048697,1003.3052
1549566048738,1003.30237
1549566048787,1003.30237
1549566048812,1003.30237
1549566048853,1003.30237
1549566048891,1003.30566
1549566048929,1003.30566
1549566048965,1003.30566
1549566049003,1003.30566
1549566049042,1003.2982
1549566049082,1003.2982
1549566049120,1003.2982
1549566049159,1003.2982
1549566049203,1003.2982
1549566049235,1003.2921
1549566049271,1003.2921
1549566049317,1003.2921
1549566049350,1003.2921
1549566049392,1003.28357
1549566049426,1003.28357
1549566049464,1003.28357
1549566049502,1003.28357
1549566049542,1003.2585
1549566049579,1003.2585
1549566049618,1003.2585
1549566049658,1003.2585
1549566049695,1003.24414
1549566049733,1003.24414
1549566049772,1003.24414
1549566049813,1003.24414
1549566049850,1003.23175
1549566049892,1003.23175
1549566049926,1003.23175
1549566049965,1003.23175
1549566050002,1003.2141
1549566050042,1003.2141
1549566050081,1003.2141
1549566050119,1003.2141
1549566050158,1003.2042
1549566050195,1003.2042
1549566050233,1003.2042
1549566050272,1003.2042
1549566050311,1003.18524
1549566050350,1003.18524
1549566050388,1003.18524
1549566050428,1003.18524
1549566050467,1003.16345
1549566050503,1003.16345
1549566050541,1003.16345
1549566050584,1003.16345
1549566050620,1003.14465
1549566050660,1003.14465
1549566050697,1003.14465
1549566050735,1003.14465
1549566050773,1003.1257
1549566050816,1003.1257
1549566050853,1003.1257
1549566050889,1003.1257
1549566050928,1003.1006
1549566050967,1003.1006
1549566051005,1003.1006
1549566051050,1003.1006
1549566051087,1003.0763
1549566051122,1003.0763
1549566051159,1003.0763
1549566051198,1003.0763
1549566051236,1003.048
1549566051274,1003.048
1549566051310,1003.048
1549566051349,1003.048
1549566051388,1003.0141
1549566051427,1003.0141
1549566051465,1003.0141
1549566051505,1003.0141
1549566051543,1002.9882
1549566051581,1002.9882
1549566051620,1002.9882
1549566051657,1002.9882
1549566051697,1002.97546
1549566051733,1002.97546
1549566051775,1002.97546
1549566051818,1002.97546
1549566051850,1002.9582
1549566051890,1002.9582
1549566051927,1002.9582
1549566051966,1002.9582
1549566052011,1002.95044
1549566052046,1002.95044
1549566052081,1002.95044
1549566052124,1002.95044
1549566052156,1002.93195
1549566052197,1002.93195
1549566052237,1002.93195
1549566052273,1002.93195
1549566052312,1002.92126
1549566052350,1002.92126
1549566052388,1002.92126
1549566052428,1002.92126
1549566052467,1002.91187
1549566052503,1002.91187
1549566052541,1002.91187
1549566052581,1002.91187
1549566052630,1002.90247
1549566052657,1002.90247
1549566052696,1002.90247
1549566052734,1002.90247
1549566052773,1002.8901
1549566052813,1002.8901
1549566052849,1002.8901
1549566052887,1002.8901
1549566052929,1002.8834
1549566052965,1002.8834
1549566053004,1002.8834
1549566053041,1002.8834
1549566053080,1002.87244
1549566053118,1002.87244
1549566053156,1002.87244
1549566053199,1002.87244
1549566053236,1002.8766
1549566053273,1002.8766
1549566053313,1002.8766
1549566053354,1002.8766
1549566053387,1002.868
1549566053439,1002.868
1549566053465,1002.868
1549566053504,1002.868
1549566053541,1002.8602
1549566053581,1002.8602
1549566053618,1002.8602
1549566053658,1002.8602
1549566053694,1002.8525
1549566053735,1002.8525
1549566053773,1002.8525
1549566053810,1002.8525
1549566053850,1002.8418
1549566053887,1002.8418
1549566053927,1002.8418
1549566053966,1002.8418
1549566054004,1002.8324
1549566054041,1002.8324
1549566054083,1002.8324
1549566054122,1002.8324
1549566054158,1002.81885
1549566054196,1002.81885
1549566054233,1002.81885
1549566054271,1002.81885
1549566054310,1002.8131
1549566054350,1002.8131
1549566054401,1002.8131
1549566054443,1002.8131
1549566054470,1002.7987
1549566054504,1002.7987
1549566054542,1002.7987
1549566054590,1002.7987
1549566054618,1002.80536
1549566054658,1002.80536
1549566054696,1002.80536
1549566054733,1002.80536
1549566054781,1002.80255
1549566054810,1002.80255
1549566054851,1002.80255
1549566054886,1002.80255
1549566054926,1002.79565
1549566054964,1002.79565
1549566055003,1002.79565
1549566055044,1002.79565
1549566055079,1002.79315
1549566055118,1002.79315
1549566055157,1002.79315
1549566055197,1002.79315
1549566055260,1002.7846
1549566055275,1002.7846
1549566055311,1002.7846
1549566055351,1002.7846
1549566055388,1002.78674
1549566055426,1002.78674
1549566055465,1002.78674
1549566055504,1002.78674
1549566055541,1002.78925
1549566055582,1002.78925
1549566055618,1002.78925
1549566055657,1002.78925
1549566055702,1002.7881
1549566055734,1002.7881
1549566055773,1002.7881
1549566055811,1002.7881
1549566055848,1002.77625
1549566055887,1002.77625
1549566055925,1002.77625
1549566055965,1002.77625
1549566056004,1002.7751
1549566056042,1002.7751
1549566056080,1002.7751
1549566056118,1002.7751
1549566056160,1002.7715
1549566056196,1002.7715
1549566056234,1002.7715
1549566056272,1002.7715
1549566056310,1002.77563
1549566056350,1002.77563
1549566056387,1002.77563
1549566056425,1002.77563
1549566056466,1002.7827
1549566056502,1002.7827
1549566056541,1002.7827
1549566056580,1002.7827
1549566056618,1002.7742
1549566056656,1002.7742
1549566056700,1002.7742
1549566056732,1002.7742
1549566056773,1002.7697
1549566056809,1002.7697
1549566056849,1002.7697
1549566056887,1002.7697
1549566056926,1002.75903
1549566056965,1002.75903
1549566057014,1002.75903
1549566057041,1002.75903
1549566057079,1002.75903
1549566057118,1002.7513
1549566057157,1002.7513
1549566057197,1002.7513
1549566057235,1002.7513
1549566057271,1002.74384
1549566057310,1002.74384
1549566057351,1002.74384
1549566057391,1002.74384
1549566057425,1002.735
1549566057464,1002.735
1549566057503,1002.735
1549566057548,1002.735
1549566057579,1002.7374
1549566057620,1002.7374
1549566057666,1002.7374
1549566057697,1002.7374
1549566057732,1002.7363
1549566057771,1002.7363
1549566057811,1002.7363
1549566057850,1002.7363
1549566057889,1002.74536
1549566057925,1002.74536
1549566057966,1002.74536
1549566058003,1002.74536
1549566058043,1002.7484
1549566058082,1002.7484
1549566058121,1002.7484
1549566058156,1002.7484
1549566058195,1002.7522
1549566058234,1002.7522
1549566058272,1002.7522
1549566058310,1002.7522
1549566058349,1002.75385
1549566058388,1002.75385
1549566058427,1002.75385
1549566058464,1002.75385
1549566058502,1002.75433
1549566058540,1002.75433
1549566058579,1002.75433
1549566058617,1002.75433
1549566058656,1002.74695
1549566058699,1002.74695
1549566058733,1002.74695
1549566058772,1002.74695
1549566058811,1002.75024
1549566058849,1002.75024
1549566058888,1002.75024
1549566058926,1002.75024
1549566058964,1002.7491
1549566059003,1002.7491
1549566059040,1002.7491
1549566059078,1002.7491
1549566059120,1002.74054
1549566059157,1002.74054
1549566059194,1002.74054
1549566059232,1002.74054
1549566059277,1002.7488
1549566059310,1002.7488
1549566059346,1002.7488
1549566059385,1002.7488
1549566059426,1002.7435
1549566059462,1002.7435
1549566059507,1002.7435
1549566059540,1002.7435
1549566059578,1002.7452
1549566059617,1002.7452
1549566059659,1002.7452
1549566059694,1002.7452
1549566059732,1002.741
1549566059773,1002.741
1549566059819,1002.741
1549566059853,1002.741
1549566059887,1002.735
1549566059930,1002.735
1549566059968,1002.735
1549566060005,1002.735
1549566060040,1002.7289
1549566060078,1002.7289
1549566060117,1002.7289
1549566060156,1002.7289
1549566060196,1002.7236
1549566060241,1002.7236
1549566060271,1002.7236
1549566060310,1002.7236
1549566060347,1002.7162
1549566060418,1002.7162
1549566060445,1002.7162
1549566060463,1002.7162
1549566060503,1002.70844
1549566060544,1002.70844
1549566060578,1002.70844
1549566060616,1002.70844
1549566060656,1002.69934
1549566060693,1002.69934
1549566060732,1002.69934
1549566060770,1002.69934
1549566060809,1002.69824
1549566060848,1002.69824
1549566060887,1002.69824
1549566060925,1002.69824
1549566060964,1002.69214
1549566061000,1002.69214
1549566061047,1002.69214
1549566061081,1002.69214
1549566061119,1002.67395
1549566061157,1002.67395
1549566061195,1002.67395
1549566061233,1002.67395
1549566061273,1002.6616
1549566061312,1002.6616
1549566061347,1002.6616
1549566061386,1002.6616
1549566061433,1002.6621
1549566061464,1002.6621
1549566061502,1002.6621
1549566061551,1002.6621
1549566061579,1002.65796
1549566061617,1002.65796
1549566061655,1002.65796
1549566061692,1002.65796
1549566061732,1002.6461
1549566061770,1002.6461
1549566061809,1002.6461
1549566061848,1002.6461
1549566061887,1002.64166
1549566061926,1002.64166
1549566061963,1002.64166
1549566062002,1002.64166
1549566062040,1002.64
1549566062078,1002.64
1549566062118,1002.64
1549566062158,1002.64
1549566062195,1002.6372
1549566062236,1002.6372
1549566062269,1002.6372
1549566062309,1002.6372
1549566062348,1002.6331
1549566062388,1002.6331
1549566062426,1002.6331
1549566062464,1002.6331
1549566062503,1002.6246
1549566062541,1002.6246
1549566062577,1002.6246
1549566062617,1002.6246
1549566062657,1002.6262
1549566062696,1002.6262
1549566062735,1002.6262
1549566062770,1002.6262
1549566062809,1002.61847
1549566062852,1002.61847
1549566062886,1002.61847
1549566062925,1002.61847
1549566062963,1002.611
1549566063002,1002.611
1549566063043,1002.611
1549566063078,1002.611
1549566063137,1002.60657
1549566063156,1002.60657
1549566063193,1002.60657
1549566063232,1002.60657
1549566063271,1002.60547
1549566063310,1002.60547
1549566063346,1002.60547
1549566063387,1002.60547
1549566063425,1002.5964
1549566063464,1002.5964
1549566063502,1002.5964
1549566063539,1002.5964
1549566063578,1002.5931
1549566063617,1002.5931
1549566063659,1002.5931
1549566063695,1002.5931
1549566063732,1002.5886
1549566063772,1002.5886
1549566063808,1002.5886
1549566063848,1002.5886
1549566063884,1002.5817
1549566063923,1002.5817
1549566063964,1002.5817
1549566064000,1002.5817
1549566064055,1002.5798
1549566064077,1002.5798
1549566064116,1002.5798
1549566064154,1002.5798
1549566064193,1002.574
1549566064231,1002.574
1549566064270,1002.574
1549566064315,1002.574
1549566064347,1002.57446
1549566064384,1002.57446
1549566064443,1002.57446
1549566064461,1002.57446
1549566064502,1002.57336
1549566064538,1002.57336
1549566064579,1002.57336
1549566064617,1002.57336
1549566064655,1002.56506
1549566064693,1002.56506
1549566064730,1002.56506
1549566064770,1002.56506
1549566064808,1002.5643
1549566064871,1002.5643
1549566064883,1002.5643
1549566064925,1002.5643
1549566064961,1002.5598
1549566064998,1002.5598
1549566065038,1002.5598
1549566065076,1002.5598
1549566065116,1002.5598
1549566065161,1002.5549
1549566065192,1002.5549
1549566065231,1002.5549
1549566065272,1002.5549
1549566065311,1002.5557
1549566065347,1002.5557
1549566065386,1002.5557
1549566065424,1002.5557
1549566065463,1002.55707
1549566065510,1002.55707
1549566065539,1002.55707
1549566065576,1002.55707
1549566065616,1002.55426
1549566065666,1002.55426
1549566065693,1002.55426
1549566065730,1002.55426
1549566065768,1002.5548
1549566065807,1002.5548
1549566065850,1002.5548
1549566065885,1002.5548
1549566065923,1002.55066
1549566065960,1002.55066
1549566065999,1002.55066
1549566066043,1002.55066
1549566066077,1002.5495
1549566066116,1002.5495
1549566066154,1002.5495
1549566066192,1002.5495
1549566066233,1002.5487
1549566066270,1002.5487
1549566066309,1002.5487
1549566066346,1002.5487
1549566066387,1002.5487
1549566066426,1002.5487
1549566066462,1002.5487
1549566066503,1002.5487
1549566066539,1002.54395
1549566066579,1002.54395
1549566066619,1002.54395
1549566066655,1002.54395
1549566066693,1002.5403
1549566066730,1002.5403
1549566066770,1002.5403
1549566066808,1002.5403
1549566066846,1002.5309
1549566066885,1002.5309
1549566066925,1002.5309
1549566066961,1002.5309
1549566066999,1002.52185
1549566067039,1002.52185
1549566067077,1002.52185
1549566067117,1002.52185
1549566067155,1002.5141
1549566067194,1002.5141
1549566067230,1002.5141
1549566067269,1002.5141
1549566067308,1002.51904
1549566067345,1002.51904
1549566067385,1002.51904
1549566067422,1002.51904
1549566067505,1002.51
1549566067506,1002.51
1549566067538,1002.51
1549566067577,1002.51
1549566067615,1002.4956
1549566067653,1002.4956
1549566067693,1002.4956
1549566067751,1002.4956
1549566067777,1002.48987
1549566067808,1002.48987
1549566067846,1002.48987
1549566067884,1002.48987
1549566067923,1002.48987
1549566067961,1002.48987
1549566068002,1002.48987
1549566068037,1002.48987
1549566068077,1002.49036
1549566068116,1002.49036
1549566068158,1002.49036
1549566068193,1002.49036
1549566068230,1002.48627
1549566068269,1002.48627
1549566068308,1002.48627
1549566068345,1002.48627
1549566068384,1002.48627
1549566068423,1002.48627
1549566068462,1002.48627
1549566068499,1002.48627
1549566068538,1002.47687
1549566068577,1002.47687
1549566068615,1002.47687
1549566068657,1002.47687
1549566068693,1002.47076
1549566068731,1002.47076
1549566068769,1002.47076
1549566068808,1002.47076
1549566068847,1002.454
1549566068886,1002.454
1549566068922,1002.454
1549566068961,1002.454
1549566069001,1002.4474
1549566069038,1002.4474
1549566069078,1002.4474
1549566069114,1002.4474
1549566069157,1002.4515
1549566069192,1002.4515
1549566069230,1002.4515
1549566069270,1002.4515
1549566069321,1002.4602
1549566069348,1002.4602
1549566069385,1002.4602
1549566069424,1002.4602
1549566069461,1002.45447
1549566069501,1002.45447
1549566069538,1002.45447
1549566069577,1002.45447
1549566069617,1002.4467
1549566069660,1002.4467
1549566069692,1002.4467
1549566069729,1002.4467
1549566069770,1002.4349
1549566069807,1002.4349
1549566069847,1002.4349
1549566069887,1002.4349
1549566069926,1002.4222
1549566069960,1002.4222
1549566070001,1002.4222
1549566070039,1002.4222
1549566070075,1002.4189
1549566070115,1002.4189
1549566070153,1002.4189
1549566070190,1002.4189
1549566070232,1002.4181
1549566070273,1002.4181
1549566070306,1002.4181
1549566070345,1002.4181
1549566070391,1002.4136
1549566070434,1002.4136
1549566070472,1002.4136
1549566070503,1002.4136
1549566070537,1002.4062
1549566070577,1002.4062
1549566070618,1002.4062
1549566070654,1002.4062
1549566070691,1002.39844
1549566070729,1002.39844
1549566070769,1002.39844
1549566070823,1002.39844
1549566070846,1002.3973
1549566070884,1002.3973
1549566070922,1002.3973
1549566070961,1002.3973
1549566071000,1002.38824
1549566071038,1002.38824
1549566071077,1002.38824
1549566071114,1002.38824
1549566071154,1002.3899
1549566071191,1002.3899
1549566071229,1002.3899
1549566071269,1002.3899
1549566071307,1002.38873
1549566071355,1002.38873
1549566071382,1002.38873
1549566071422,1002.38873
1549566071460,1002.3868
1549566071498,1002.3868
1549566071538,1002.3868
1549566071577,1002.3868
1549566071614,1002.3909
1549566071653,1002.3909
1549566071691,1002.3909
1549566071732,1002.3909
1549566071767,1002.3893
1549566071807,1002.3893
1549566071844,1002.3893
1549566071887,1002.3893
1549566071924,1002.38153
1549566071961,1002.38153
1549566072000,1002.38153
1549566072037,1002.38153
1549566072077,1002.3754
1549566072117,1002.3754
1549566072151,1002.3754
1549566072190,1002.3754
1549566072236,1002.37463
1549566072268,1002.37463
1549566072306,1002.37463
1549566072343,1002.37463
1549566072385,1002.3735
1549566072423,1002.3735
1549566072458,1002.3735
1549566072498,1002.3735
1549566072538,1002.3727
1549566072579,1002.3727
1549566072613,1002.3727
1549566072652,1002.3727
1549566072695,1002.3649
1549566072729,1002.3649
1549566072767,1002.3649
1549566072805,1002.3649
1549566072844,1002.3608
1549566072884,1002.3608
1549566072922,1002.3608
1549566072960,1002.3608
1549566073001,1002.3608
1549566073051,1002.36414
1549566073074,1002.36414
1549566073113,1002.36414
1549566073151,1002.36414
1549566073189,1002.3514
1549566073230,1002.3514
1549566073267,1002.3514
1549566073305,1002.3514
1549566073347,1002.3481
1549566073381,1002.3481
1549566073423,1002.3481
1549566073461,1002.3481
1549566073528,1002.34235
1549566073540,1002.34235
1549566073574,1002.34235
1549566073613,1002.34235
1549566073651,1002.3445
1549566073691,1002.3445
1549566073728,1002.3445
1549566073785,1002.3445
1549566073809,1002.345
1549566073845,1002.345
1549566073882,1002.345
1549566073926,1002.345
1549566073961,1002.3475
1549566074002,1002.3475
1549566074047,1002.3475
1549566074075,1002.3475
1549566074112,1002.3463
1549566074153,1002.3463
1549566074190,1002.3463
1549566074230,1002.3463
1549566074267,1002.35956
1549566074310,1002.35956
1549566074344,1002.35956
1549566074381,1002.35956
1549566074420,1002.36365
1549566074459,1002.36365
1549566074501,1002.36365
1549566074537,1002.36365
1549566074577,1002.36584
1549566074615,1002.36584
1549566074652,1002.36584
1549566074690,1002.36584
1549566074728,1002.3667
1549566074767,1002.3667
1549566074808,1002.3667
1549566074865,1002.3667
1549566074885,1002.37823
1549566074922,1002.37823
1549566074967,1002.37823
1549566074998,1002.37823
1549566075041,1002.3677
1549566075078,1002.3677
1549566075112,1002.3677
1549566075152,1002.3677
1549566075191,1002.3693
1549566075228,1002.3693
1549566075267,1002.3693
1549566075307,1002.3693
1549566075344,1002.36194
1549566075383,1002.36194
1549566075421,1002.36194
1549566075459,1002.36194
1549566075500,1002.3669
1549566075537,1002.3669
1549566075574,1002.3669
1549566075611,1002.3669
1549566075651,1002.3608
1549566075692,1002.3608
1549566075729,1002.3608
1549566075767,1002.3608
1549566075804,1002.3574
1549566075845,1002.3574
1549566075882,1002.3574
1549566075922,1002.3574
1549566075959,1002.3566
1549566075997,1002.3566
1549566076036,1002.3566
1549566076076,1002.3566
1549566076116,1002.3472
1549566076151,1002.3472
1549566076191,1002.3472
1549566076230,1002.3472
1549566076268,1002.3349
1549566076306,1002.3349
1549566076344,1002.3349
1549566076383,1002.3349
1549566076419,1002.3222
1549566076460,1002.3222
1549566076498,1002.3222
1549566076535,1002.3222
1549566076573,1002.32056
1549566076613,1002.32056
1549566076651,1002.32056
1549566076689,1002.32056
1549566076728,1002.3128
1549566076767,1002.3128
1549566076805,1002.3128
1549566076844,1002.3128
1549566076883,1002.3037
1549566076920,1002.3037
1549566076961,1002.3037
1549566076997,1002.3037
1549566077038,1002.2919
1549566077077,1002.2919
1549566077113,1002.2919
1549566077152,1002.2919
1549566077190,1002.28577
1549566077228,1002.28577
1549566077268,1002.28577
1549566077306,1002.28577
1549566077343,1002.27094
1549566077381,1002.27094
1549566077420,1002.27094
1549566077476,1002.27094
1549566077498,1002.25696
1549566077541,1002.25696
1549566077574,1002.25696
1549566077612,1002.25696
1549566077653,1002.2348
1549566077698,1002.2348
1549566077734,1002.2348
1549566077767,1002.2348
1549566077808,1002.22577
1549566077844,1002.22577
1549566077881,1002.22577
1549566077919,1002.22577
1549566077959,1002.2114
1549566077998,1002.2114
1549566078037,1002.2114
1549566078097,1002.2114
1549566078113,1002.2081
1549566078152,1002.2081
1549566078190,1002.2081
1549566078229,1002.2081
1549566078268,1002.19293
1549566078310,1002.19293
1549566078345,1002.19293
1549566078383,1002.19293
1549566078421,1002.1913
1549566078459,1002.1913
1549566078497,1002.1913
1549566078537,1002.1913
1549566078574,1002.17896
1549566078612,1002.17896
1549566078650,1002.17896
1549566078689,1002.17896
1549566078728,1002.17566
1549566078766,1002.17566
1549566078806,1002.17566
1549566078842,1002.17566
1549566078883,1002.17285
1549566078921,1002.17285
1549566078960,1002.17285
1549566078998,1002.17285
1549566079039,1002.1687
1549566079074,1002.1687
1549566079111,1002.1687
1549566079150,1002.1687
1549566079188,1002.161
1549566079226,1002.161
1549566079266,1002.161
1549566079303,1002.161
1549566079342,1002.1549
1549566079380,1002.1549
1549566079418,1002.1549
1549566079458,1002.1549
1549566079499,1002.15076
1549566079536,1002.15076
1549566079575,1002.15076
1549566079612,1002.15076
1549566079653,1002.15247
1549566079690,1002.15247
1549566079727,1002.15247
1549566079765,1002.15247
1549566079803,1002.1364
1549566079843,1002.1364
1549566079882,1002.1364
1549566079921,1002.1364
1549566079959,1002.1241
1549566079997,1002.1241
1549566080036,1002.1241
1549566080075,1002.1241
1549566080128,1002.1208
1549566080150,1002.1208
1549566080190,1002.1208
1549566080228,1002.1208
1549566080266,1002.1208
1549566080304,1002.1208
1549566080343,1002.1208
1549566080382,1002.1208
1549566080421,1002.118
1549566080458,1002.118
1549566080498,1002.118
1549566080538,1002.118
1549566080576,1002.1089
1549566080617,1002.1089
1549566080652,1002.1089
1549566080689,1002.1089
1549566080727,1002.1111
1549566080770,1002.1111
1549566080806,1002.1111
1549566080844,1002.1111
1549566080880,1002.1111
1549566080920,1002.1099
1549566080958,1002.1099
1549566080999,1002.1099
1549566081037,1002.1099
1549566081084,1002.1008
1549566081112,1002.1008
1549566081150,1002.1008
1549566081188,1002.1008
1549566081230,1002.09143
1549566081267,1002.09143
1549566081307,1002.09143
1549566081343,1002.09143
1549566081381,1002.09143
1549566081420,1002.09143
1549566081458,1002.09143
1549566081496,1002.09143
1549566081536,1002.08075
1549566081574,1002.08075
1549566081616,1002.08075
1549566081650,1002.08075
1549566081688,1002.08075
1549566081729,1002.08075
1549566081769,1002.08075
1549566081804,1002.08075
1549566081842,1002.07465
1549566081881,1002.07465
1549566081921,1002.07465
1549566081958,1002.07465
1549566081996,1002.0755
1549566082036,1002.0755
1549566082084,1002.0755
1549566082111,1002.0755
1549566082151,1002.06494
1549566082188,1002.06494
1549566082227,1002.06494
1549566082267,1002.06494
1549566082306,1002.06744
1549566082347,1002.06744
1549566082380,1002.06744
1549566082419,1002.06744
1549566082458,1002.06793
1549566082500,1002.06793
1549566082534,1002.06793
1549566082575,1002.06793
1549566082613,1002.0712
1549566082651,1002.0712
1549566082688,1002.0712
1549566082727,1002.0712
1549566082764,1002.077
1549566082830,1002.077
1549566082858,1002.077
1549566082880,1002.077
1549566082919,1002.0836
1549566082959,1002.0836
1549566082995,1002.0836
1549566083035,1002.0836
1549566083075,1002.08246
1549566083111,1002.08246
1549566083149,1002.08246
1549566083190,1002.08246
1549566083228,1002.0907
1549566083266,1002.0907
1549566083305,1002.0907
1549566083342,1002.0907
1549566083381,1002.0932
1549566083421,1002.0932
1549566083459,1002.0932
1549566083497,1002.0932
1549566083549,1002.09705
1549566083571,1002.09705
1549566083612,1002.09705
1549566083650,1002.09705
1549566083690,1002.09753
1549566083727,1002.09753
1549566083765,1002.09753
1549566083809,1002.09753
1549566083842,1002.0934
1549566083881,1002.0934
1549566083962,1002.0934
1549566083963,1002.0934
1549566083995,1002.0906
1549566084035,1002.0906
1549566084072,1002.0906
1549566084111,1002.0906
1549566084150,1002.089
1549566084191,1002.089
1549566084228,1002.089
1549566084280,1002.089
1549566084302,1002.0799
1549566084340,1002.0799
1549566084379,1002.0799
1549566084418,1002.0799
1549566084456,1002.07214
1549566084495,1002.07214
1549566084533,1002.07214
1549566084571,1002.07214
1549566084610,1002.07135
1549566084649,1002.07135
1549566084687,1002.07135
1549566084726,1002.07135
1549566084764,1002.0697
1549566084802,1002.0697
1549566084840,1002.0697
1549566084880,1002.0697
1549566084920,1002.0636
1549566084956,1002.0636
1549566084995,1002.0636
1549566085037,1002.0636
1549566085071,1002.05865
1549566085111,1002.05865
1549566085151,1002.05865
1549566085190,1002.05865
1549566085228,1002.05457
1549566085266,1002.05457
1549566085305,1002.05457
1549566085342,1002.05457
1549566085380,1002.05286
1549566085437,1002.05286
1549566085461,1002.05286
1549566085496,1002.05286
1549566085535,1002.04846
1549566085603,1002.04846
1549566085613,1002.04846
1549566085649,1002.04846
1549566085688,1002.0407
1549566085726,1002.0407
1549566085765,1002.0407
1549566085807,1002.0407
1549566085843,1002.044
1549566085881,1002.044
1549566085919,1002.044
1549566085959,1002.044
1549566085996,1002.0382
1549566086039,1002.0382
1549566086076,1002.0382
1549566086110,1002.0382
1549566086148,1002.02057
1549566086187,1002.02057
1549566086225,1002.02057
1549566086265,1002.02057
1549566086304,1002.0189
1549566086340,1002.0189
1549566086379,1002.0189
1549566086418,1002.0189
1549566086457,1002.0156
1549566086495,1002.0156
1549566086534,1002.0156
1549566086572,1002.0156
1549566086610,1002.00165
1549566086648,1002.00165
1549566086703,1002.00165
1549566086725,1002.00165
1549566086763,1001.9939
1549566086801,1001.9939
1549566086840,1001.9939
1549566086878,1001.9939
1549566086917,1001.9881
1549566086957,1001.9881
1549566086995,1001.9881
1549566087032,1001.9881
1549566087080,1001.97375
1549566087108,1001.97375
1549566087147,1001.97375
1549566087186,1001.97375
1549566087225,1001.9594
1549566087263,1001.9594
1549566087303,1001.9594
1549566087340,1001.9594
1549566087379,1001.96106
1549566087418,1001.96106
1549566087459,1001.96106
1549566087498,1001.96106
1549566087533,1001.9594
1549566087572,1001.9594
1549566087610,1001.9594
1549566087650,1001.9594
1549566087687,1001.9492
1549566087725,1001.9492
1549566087765,1001.9492
1549566087802,1001.9492
1549566087842,1001.9369
1549566087880,1001.9369
1549566087920,1001.9369
1549566087955,1001.9369
1549566087995,1001.92914
1549566088033,1001.92914
1549566088070,1001.92914
1549566088110,1001.92914
1549566088149,1001.9341
1549566088186,1001.9341
1549566088225,1001.9341
1549566088263,1001.9341
1549566088301,1001.9308
1549566088342,1001.9308
1549566088380,1001.9308
1549566088418,1001.9308
1549566088460,1001.91675
1549566088495,1001.91675
1549566088537,1001.91675
1549566088572,1001.91675
1549566088609,1001.9151
1549566088649,1001.9151
1549566088688,1001.9151
1549566088725,1001.9151
1549566088765,1001.9151
1549566088805,1001.90735
1549566088840,1001.90735
1549566088880,1001.90735
1549566088917,1001.90735
1549566088980,1001.8963
1549566088997,1001.8963
1549566089033,1001.8963
1549566089073,1001.8963
1549566089117,1001.88727
1549566089147,1001.88727
1549566089194,1001.88727
1549566089237,1001.88727
1549566089263,1001.8856
1549566089302,1001.8856
1549566089346,1001.8856
1549566089379,1001.8856
1549566089420,1001.88446
1549566089459,1001.88446
1549566089494,1001.88446
1549566089533,1001.88446
1549566089572,1001.88446
1549566089609,1001.88446
1549566089655,1001.88446
1549566089689,1001.88446
1549566089725,1001.8804
1549566089763,1001.8804
1549566089802,1001.8804
1549566089860,1001.8804
1549566089881,1001.8693
1549566089918,1001.8693
1549566089958,1001.8693
1549566089993,1001.8693
1549566090032,1001.8602
1549566090072,1001.8602
1549566090111,1001.8602
1549566090148,1001.8602
1549566090187,1001.8586
1549566090225,1001.8586
1549566090263,1001.8586
1549566090303,1001.8586
1549566090340,1001.8525
1549566090381,1001.8525
1549566090418,1001.8525
1549566090457,1001.8525
1549566090494,1001.8484
1549566090538,1001.8484
1549566090574,1001.8484
1549566090610,1001.8484
1549566090651,1001.8484
1549566090686,1001.8484
1549566090726,1001.8484
1549566090781,1001.8484
1549566090817,1001.8522
1549566090839,1001.8522
1549566090878,1001.8522
1549566090918,1001.8522
1549566090956,1001.85876
1549566090994,1001.85876
1549566091034,1001.85876
1549566091072,1001.85876
1549566091109,1001.8477
1549566091148,1001.8477
1549566091187,1001.8477
1549566091226,1001.8477
1549566091264,1001.8387
1549566091307,1001.8387
1549566091339,1001.8387
1549566091379,1001.8387
1549566091417,1001.8392
1549566091455,1001.8392
1549566091497,1001.8392
1549566091531,1001.8392
1549566091572,1001.84247
1549566091609,1001.84247
1549566091650,1001.84247
1549566091686,1001.84247
1549566091727,1001.8466
1549566091764,1001.8466
1549566091802,1001.8466
1549566091841,1001.8466
1549566091879,1001.8405
1549566091917,1001.8405
1549566091955,1001.8405
1549566091995,1001.8405
1549566092036,1001.8339
1549566092071,1001.8339
1549566092110,1001.8339
1549566092147,1001.8339
1549566092188,1001.8282
1549566092225,1001.8282
1549566092266,1001.8282
1549566092302,1001.8282
1549566092342,1001.82043
1549566092377,1001.82043
1549566092415,1001.82043
1549566092455,1001.82043
1549566092494,1001.8155
1549566092533,1001.8155
1549566092573,1001.8155
1549566092609,1001.8155
1549566092647,1001.81384
1549566092701,1001.81384
1549566092723,1001.81384
1549566092762,1001.81384
1549566092803,1001.81055
1549566092840,1001.81055
1549566092879,1001.81055
1549566092930,1001.81055
1549566092958,1001.8176
1549566092994,1001.8176
1549566093031,1001.8176
1549566093071,1001.8176
1549566093110,1001.81104
1549566093149,1001.81104
1549566093190,1001.81104
1549566093236,1001.81104
1549566093263,1001.7987
1549566093300,1001.7987
1549566093340,1001.7987
1549566093379,1001.7987
1549566093420,1001.7987
1549566093457,1001.7987
1549566093493,1001.7987
1549566093532,1001.7987
1549566093574,1001.7926
1549566093608,1001.7926
1549566093647,1001.7926
1549566093688,1001.7926
1549566093725,1001.7835
1549566093764,1001.7835
1549566093813,1001.7835
1549566093840,1001.7835
1549566093879,1001.77576
1549566093916,1001.77576
1549566093956,1001.77576
1549566093993,1001.77576
1549566094050,1001.7774
1549566094072,1001.7774
1549566094107,1001.7774
1549566094151,1001.7774
1549566094184,1001.7618
1549566094222,1001.7618
1549566094261,1001.7618
1549566094300,1001.7618
1549566094339,1001.75073
1549566094377,1001.75073
1549566094420,1001.75073
1549566094456,1001.75073
1549566094514,1001.74133
1549566094533,1001.74133
1549566094571,1001.74133
1549566094609,1001.74133
1549566094647,1001.74054
1549566094686,1001.74054
1549566094726,1001.74054
1549566094762,1001.74054
1549566094801,1001.73444
1549566094839,1001.73444
1549566094879,1001.73444
1549566094916,1001.73444
1549566094954,1001.73114
1549566094993,1001.73114
1549566095030,1001.73114
1549566095070,1001.73114
1549566095109,1001.72253
1549566095147,1001.72253
1549566095187,1001.72253
1549566095227,1001.72253
1549566095262,1001.7267
1549566095300,1001.7267
1549566095341,1001.7267
1549566095379,1001.7267
1549566095418,1001.7251
1549566095456,1001.7251
1549566095493,1001.7251
1549566095533,1001.7251
1549566095572,1001.71564
1549566095610,1001.71564
1549566095645,1001.71564
1549566095685,1001.71564
1549566095724,1001.7041
1549566095762,1001.7041
1549566095801,1001.7041
1549566095839,1001.7041
1549566095877,1001.69635
1549566095916,1001.69635
1549566095969,1001.69635
1549566095993,1001.69635
1549566096029,1001.68896
1549566096068,1001.68896
1549566096107,1001.68896
1549566096146,1001.68896
1549566096184,1001.6911
1549566096222,1001.6911
1549566096262,1001.6911
1549566096300,1001.6911
1549566096344,1001.687
1549566096377,1001.687
1549566096418,1001.687
1549566096455,1001.687
1549566096494,1001.6903
1549566096544,1001.6903
1549566096571,1001.6903
1549566096607,1001.6903
1549566096648,1001.6842
1549566096684,1001.6842
1549566096723,1001.6842
1549566096767,1001.6842
1549566096809,1001.6842
1549566096839,1001.6768
1549566096880,1001.6768
1549566096916,1001.6768
1549566096955,1001.6768
1549566096992,1001.674
1549566097031,1001.674
1549566097075,1001.674
1549566097108,1001.674
1549566097168,1001.67236
1549566097187,1001.67236
1549566097223,1001.67236
1549566097264,1001.67236
1549566097313,1001.6622
1549566097339,1001.6622
1549566097377,1001.6622
1549566097417,1001.6622
1549566097455,1001.65607
1549566097492,1001.65607
1549566097532,1001.65607
1549566097569,1001.65607
1549566097609,1001.647
1549566097646,1001.647
1549566097685,1001.647
1549566097724,1001.647
1549566097761,1001.6459
1549566097802,1001.6459
1549566097839,1001.6459
1549566097879,1001.6459
1549566097918,1001.6368
1549566097954,1001.6368
1549566097993,1001.6368
1549566098030,1001.6368
1549566098069,1001.62854
1549566098110,1001.62854
1549566098146,1001.62854
1549566098186,1001.62854
1549566098224,1001.6302
1549566098269,1001.6302
1549566098300,1001.6302
1549566098339,1001.6302
1549566098378,1001.61835
1549566098420,1001.61835
1549566098454,1001.61835
1549566098495,1001.61835
1549566098531,1001.62164
1549566098570,1001.62164
1549566098608,1001.62164
1549566098645,1001.62164
1549566098687,1001.61554
1549566098723,1001.61554
1549566098765,1001.61554
1549566098799,1001.61554
1549566098839,1001.6172
1549566098879,1001.6172
1549566098916,1001.6172
1549566098953,1001.6172
1549566098993,1001.6078
1549566099030,1001.6078
1549566099074,1001.6078
1549566099112,1001.6078
1549566099145,1001.6136
1549566099183,1001.6136
1549566099223,1001.6136
1549566099261,1001.6136
1549566099300,1001.6075
1549566099337,1001.6075
1549566099378,1001.6075
1549566099414,1001.6075
1549566099454,1001.60913
1549566099492,1001.60913
1549566099543,1001.60913
1549566099568,1001.60913
1549566099607,1001.6141
1549566099647,1001.6141
1549566099684,1001.6141
1549566099725,1001.6141
1549566099770,1001.60834
1549566099800,1001.60834
1549566099837,1001.60834
1549566099876,1001.60834
1549566099916,1001.6133
1549566099956,1001.6133
1549566099992,1001.6133
1549566100033,1001.6133
1549566100071,1001.6055
1549566100107,1001.6055
1549566100147,1001.6055
1549566100185,1001.6055
1549566100225,1001.59814
1549566100262,1001.59814
1549566100299,1001.59814
1549566100337,1001.59814
1549566100376,1001.6097
1549566100416,1001.6097
1549566100453,1001.6097
1549566100493,1001.6097
1549566100532,1001.59863
1549566100568,1001.59863
1549566100608,1001.59863
1549566100645,1001.59863
1549566100684,1001.5876
1549566100722,1001.5876
1549566100761,1001.5876
1549566100804,1001.5876
1549566100842,1001.5868
1549566100878,1001.5868
1549566100914,1001.5868
1549566100954,1001.5868
1549566100992,1001.584
1549566101031,1001.584
1549566101068,1001.584
1549566101108,1001.584
1549566101146,1001.58813
1549566101184,1001.58813
1549566101222,1001.58813
1549566101262,1001.58813
1549566101308,1001.5831
1549566101340,1001.5831
1549566101378,1001.5831
1549566101416,1001.5831
1549566101452,1001.57874
1549566101491,1001.57874
1549566101535,1001.57874
1549566101569,1001.57874
1549566101606,1001.56384
1549566101649,1001.56384
1549566101718,1001.56384
1549566101728,1001.56384
1549566101761,1001.55975
1549566101814,1001.55975
1549566101836,1001.55975
1549566101876,1001.55975
1549566101919,1001.5581
1549566101958,1001.5581
1549566101993,1001.5581
1549566102030,1001.5581
1549566102067,1001.55035
1549566102106,1001.55035
1549566102146,1001.55035
1549566102184,1001.55035
1549566102251,1001.54095
1549566102262,1001.54095
1549566102299,1001.54095
1549566102338,1001.54095
1549566102376,1001.5426
1549566102414,1001.5426
1549566102452,1001.5426
1549566102494,1001.5426
1549566102530,1001.5352
1549566102570,1001.5352
1549566102605,1001.5352
1549566102644,1001.5352
1549566102683,1001.5357
1549566102722,1001.5357
1549566102761,1001.5357
1549566102801,1001.5357
1549566102838,1001.525
1549566102877,1001.525
1549566102918,1001.525
1549566102952,1001.525
1549566102993,1001.5201
1549566103032,1001.5201
1549566103067,1001.5201
1549566103105,1001.5201
1549566103143,1001.5107
1549566103184,1001.5107
1549566103223,1001.5107
1549566103266,1001.5107
1549566103298,1001.50244
1549566103340,1001.50244
1549566103376,1001.50244
1549566103413,1001.50244
1549566103453,1001.49005
1549566103491,1001.49005
1549566103530,1001.49005
1549566103568,1001.49005
1549566103606,1001.4889
1549566103646,1001.4889
1549566103687,1001.4889
1549566103723,1001.4889
1549566103769,1001.4881
1549566103809,1001.4881
1549566103837,1001.4881
1549566103876,1001.4881
1549566103913,1001.4716
1549566103953,1001.4716
1549566103989,1001.4716
1549566104028,1001.4716
1549566104066,1001.4622
1549566104106,1001.4622
1549566104144,1001.4622
1549566104181,1001.4622
1549566104226,1001.4495
1549566104301,1001.4495
1549566104302,1001.4495
1549566104336,1001.4495
1549566104374,1001.4528
1549566104413,1001.4528
1549566104457,1001.4528
1549566104489,1001.4528
1549566104530,1001.4495
1549566104567,1001.4495
1549566104610,1001.4495
1549566104643,1001.4495
1549566104685,1001.4405
1549566104721,1001.4405
1549566104761,1001.4405
1549566104817,1001.4405
1549566104836,1001.4405
1549566104874,1001.4344
1549566104917,1001.4344
1549566104952,1001.4344
1549566104991,1001.4344
1549566105029,1001.4377
1549566105068,1001.4377
1549566105106,1001.4377
1549566105143,1001.4377
1549566105202,1001.42865
1549566105223,1001.42865
1549566105293,1001.42865
1549566105318,1001.42865
1549566105337,1001.41675
1549566105378,1001.41675
1549566105416,1001.41675
1549566105451,1001.41675
1549566105490,1001.41235
1549566105529,1001.41235
1549566105568,1001.41235
1549566105607,1001.41235
1549566105645,1001.40076
1549566105684,1001.40076
1549566105726,1001.40076
1549566105760,1001.40076
1549566105798,1001.39136
1549566105838,1001.39136
1549566105877,1001.39136
1549566105915,1001.39136
1549566105953,1001.3823
1549566105990,1001.3823
1549566106029,1001.3823
1549566106066,1001.3823
1549566106108,1001.3878
1549566106146,1001.3878
1549566106184,1001.3878
1549566106222,1001.3878
1549566106261,1001.3787
1549566106298,1001.3787
1549566106339,1001.3787
1549566106376,1001.3787
1549566106413,1001.3787
1549566106452,1001.3787
1549566106491,1001.3787
1549566106529,1001.3787
1549566106567,1001.3759
1549566106607,1001.3759
1549566106644,1001.3759
1549566106684,1001.3759
1549566106721,1001.37427
1549566106759,1001.37427
1549566106798,1001.37427
1549566106846,1001.37427
1549566106874,1001.36523
1549566106915,1001.36523
1549566106952,1001.36523
1549566106992,1001.36523
1549566107028,1001.3641
1549566107068,1001.3641
1549566107111,1001.3641
1549566107144,1001.3641
1549566107181,1001.3641
1549566107220,1001.3641
1549566107260,1001.3641
1549566107300,1001.3641
1549566107335,1001.35913
1549566107374,1001.35913
1549566107412,1001.35913
1549566107450,1001.35913
1549566107489,1001.358
1549566107527,1001.358
1549566107578,1001.358
1549566107611,1001.358
1549566107642,1001.3572
1549566107684,1001.3572
1549566107721,1001.3572
1549566107758,1001.3572
1549566107798,1001.3461
1549566107840,1001.3461
1549566107882,1001.3461
1549566107915,1001.3461
1549566107951,1001.3593
1549566107989,1001.3593
1549566108029,1001.3593
1549566108066,1001.3593
1549566108104,1001.3593
1549566108149,1001.3593
1549566108181,1001.3593
1549566108222,1001.3593
1549566108258,1001.3618
1549566108301,1001.3618
1549566108336,1001.3618
1549566108372,1001.3618
1549566108414,1001.35736
1549566108458,1001.35736
1549566108492,1001.35736
1549566108530,1001.35736
1549566108568,1001.3582
1549566108605,1001.3582
1549566108644,1001.3582
1549566108684,1001.3582
1549566108721,1001.3615
1549566108779,1001.3615
1549566108798,1001.3615
1549566108836,1001.3615
1549566108877,1001.3488
1549566108912,1001.3488
1549566108954,1001.3488
1549566108989,1001.3488
1549566109028,1001.3422
1549566109069,1001.3422
1549566109108,1001.3422
1549566109143,1001.3422
1549566109182,1001.3345
1549566109230,1001.3345
1549566109265,1001.3345
1549566109300,1001.3345
1549566109336,1001.3345
1549566109376,1001.3345
1549566109412,1001.3345
1549566109451,1001.3345
1549566109489,1001.3328
1549566109529,1001.3328
1549566109569,1001.3328
1549566109607,1001.3328
1549566109644,1001.3312
1549566109690,1001.3312
1549566109722,1001.3312
1549566109761,1001.3312
1549566109799,1001.31934
1549566109836,1001.31934
1549566109876,1001.31934
1549566109912,1001.31934
1549566109951,1001.3251
1549566109990,1001.3251
1549566110028,1001.3251
1549566110070,1001.3251
1549566110103,1001.30585
1549566110146,1001.30585
1549566110182,1001.30585
1549566110221,1001.30585
1549566110258,1001.2959
1549566110298,1001.2959
1549566110338,1001.2959
1549566110375,1001.2959
1549566110420,1001.29016
1549566110451,1001.29016
1549566110488,1001.29016
1549566110529,1001.29016
1549566110567,1001.28076
1549566110608,1001.28076
1549566110642,1001.28076
1549566110682,1001.28076
1549566110721,1001.2734
1549566110760,1001.2734
1549566110796,1001.2734
1549566110835,1001.2734
1549566110874,1001.26843
1549566110914,1001.26843
1549566110951,1001.26843
1549566110990,1001.26843
1549566111028,1001.2701
1549566111069,1001.2701
1549566111104,1001.2701
1549566111147,1001.2701
1549566111180,1001.264
1549566111220,1001.264
1549566111261,1001.264
1549566111296,1001.264
1549566111348,1001.25903
1549566111375,1001.25903
1549566111414,1001.25903
1549566111453,1001.25903
1549566111497,1001.2541
1549566111526,1001.2541
1549566111566,1001.2541
1549566111606,1001.2541
1549566111643,1001.234
1549566111682,1001.234
1549566111720,1001.234
1549566111759,1001.234
1549566111822,1001.23236
1549566111841,1001.23236
1549566111873,1001.23236
1549566111911,1001.23236
1549566111952,1001.2373
1549566111989,1001.2373
1549566112034,1001.2373
1549566112066,1001.2373
1549566112106,1001.2279
1549566112142,1001.2279
1549566112185,1001.2279
1549566112220,1001.2279
1549566112261,1001.2279
1549566112297,1001.2279
1549566112335,1001.2279
1549566112375,1001.2279
1549566112415,1001.2106
1549566112450,1001.2106
1549566112489,1001.2106
1549566112526,1001.2106
1549566112565,1001.204
1549566112604,1001.204
1549566112643,1001.204
1549566112681,1001.204
1549566112721,1001.204
1549566112762,1001.1946
1549566112798,1001.1946
1549566112834,1001.1946
1549566112874,1001.1946
1549566112910,1001.193
1549566112951,1001.193
1549566113003,1001.193
1549566113027,1001.193
1549566113066,1001.17896
1549566113103,1001.17896
1549566113146,1001.17896
1549566113182,1001.17896
1549566113221,1001.17285
1549566113261,1001.17285
1549566113299,1001.17285
1549566113335,1001.17285
1549566113382,1001.16846
1549566113413,1001.16846
1549566113450,1001.16846
1549566113490,1001.16846
1549566113528,1001.16016
1549566113567,1001.16016
1549566113602,1001.16016
1549566113642,1001.16016
1549566113681,1001.1528
1549566113719,1001.1528
1549566113758,1001.1528
1549566113795,1001.1528
1549566113840,1001.1417
1549566113873,1001.1417
1549566113911,1001.1417
1549566113950,1001.1417
1549566113990,1001.13513
1549566114028,1001.13513
1549566114067,1001.13513
1549566114104,1001.13513
1549566114144,1001.1228
1549566114183,1001.1228
1549566114219,1001.1228
1549566114259,1001.1228
1549566114299,1001.1195
1549566114334,1001.1195
1549566114374,1001.1195
1549566114410,1001.1195
1549566114448,1001.11835
1549566114489,1001.11835
1549566114527,1001.11835
1549566114564,1001.11835
1549566114603,1001.11835
1549566114643,1001.11835
1549566114682,1001.11835
1549566114718,1001.11835
1549566114757,1001.12164
1549566114797,1001.12164
1549566114838,1001.12164
1549566114874,1001.12164
1549566114912,1001.10925
1549566114950,1001.10925
1549566114988,1001.10925
1549566115035,1001.10925
1549566115064,1001.0999
1549566115103,1001.0999
1549566115142,1001.0999
1549566115180,1001.0999
1549566115219,1001.0806
1549566115257,1001.0806
1549566115296,1001.0806
1549566115335,1001.0806
1549566115373,1001.079
1549566115413,1001.079
1549566115449,1001.079
1549566115489,1001.079
1549566115528,1001.07983
1549566115565,1001.07983
1549566115607,1001.07983
1549566115642,1001.07983
1549566115685,1001.1095
1549566115718,1001.1095
1549566115756,1001.1095
1549566115794,1001.1095
1549566115833,1001.12646
1549566115871,1001.12646
1549566115910,1001.12646
1549566115976,1001.12646
1549566116001,1001.1438
1549566116039,1001.1438
1549566116121,1001.1438
1549566116122,1001.1438
1549566116164,1001.1652
1549566116184,1001.1652
1549566116221,1001.1652
1549566116271,1001.1652
1549566116307,1001.18225
1549566116356,1001.18225
1549566116380,1001.18225
1549566116409,1001.18225
1549566116449,1001.188
1549566116485,1001.188
1549566116531,1001.188
1549566116567,1001.188
1549566116665,1001.20447
1549566116665,1001.20447
1549566116701,1001.20447
1549566116717,1001.20447
1549566116757,1001.2177
1549566116821,1001.2177
1549566116839,1001.2177
1549566116872,1001.2177
1549566116911,1001.22974
1549566116948,1001.22974
1549566116987,1001.22974
1549566117024,1001.22974
1549566117069,1001.2314
1549566117104,1001.2314
1549566117139,1001.2314
1549566117180,1001.2314
1549566117297,1001.2462
1549566117297,1001.2462
1549566117298,1001.2462
1549566117335,1001.2462
1549566117371,1001.25446
1549566117413,1001.25446
1549566117448,1001.25446
1549566117488,1001.25446
1549566117524,1001.25
1549566117563,1001.25
1549566117602,1001.25
1549566117639,1001.25
1549566117678,1001.2715
1549566117716,1001.2715
1549566117756,1001.2715
1549566117795,1001.2715
1549566117832,1001.28876
1549566117879,1001.28876
1549566117913,1001.28876
1549566117947,1001.28876
1549566117995,1001.2756
1549566118033,1001.2756
1549566118072,1001.2756
1549566118102,1001.2756
1549566118152,1001.2937
1549566118178,1001.2937
1549566118233,1001.2937
1549566118262,1001.2937
1549566118293,1001.2558
1549566118334,1001.2558
1549566118371,1001.2558
1549566118419,1001.2558
1549566118450,1001.25165
1549566118486,1001.25165
1549566118532,1001.25165
1549566118563,1001.25165
1549566118600,1001.24457
1549566118639,1001.24457
1549566118689,1001.24457
1549566118747,1001.24457
1549566118801,1001.23914
1549566118807,1001.23914
1549566118847,1001.23914
1549566118877,1001.23914
1549566118908,1001.235
1549566119028,1001.235
1549566119028,1001.235
1549566119028,1001.235
1549566119066,1001.2345
1549566119120,1001.2345
1549566119139,1001.2345
1549566119182,1001.2345
1549566119217,1001.2254
1549566119255,1001.2254
1549566119292,1001.2254
1549566119331,1001.2254
1549566119370,1001.2191
1549566119417,1001.2191
1549566119455,1001.2191
1549566119485,1001.2191
1549566119524,1001.21814
