1549564355100,1006.9563
1549564355101,1006.9563
1549564355138,1006.95776
1549564355174,1006.95776
1549564355208,1006.95776
1549564355246,1006.95776
1549564355284,1006.9576
1549564355324,1006.9576
1549564355362,1006.9576
1549564355402,1006.9576
1549564355438,1006.96075
1549564355477,1006.96075
1549564355516,1006.96075
1549564355554,1006.96075
1549564355592,1006.9561
1549564355631,1006.9561
1549564355670,1006.9561
1549564355710,1006.9561
1549564355746,1006.9576
1549564355784,1006.9576
1549564355823,1006.9576
1549564355862,1006.9576
1549564355901,1006.9541
1549564355940,1006.9541
1549564355977,1006.9541
1549564356016,1006.9541
1549564356054,1006.94385
1549564356093,1006.94385
1549564356131,1006.94385
1549564356169,1006.94385
1549564356213,1006.9433
1549564356248,1006.9433
1549564356284,1006.9433
1549564356324,1006.9433
1549564356362,1006.95166
1549564356400,1006.9476
1549564356438,1006.9476
1549564356477,1006.9476
1549564356516,1006.9476
1549564356553,1006.94574
1549564356594,1006.94574
1549564356633,1006.94574
1549564356669,1006.94574
1549564356709,1006.95056
1549564356746,1006.95056
1549564356784,1006.95056
1549564356823,1006.95056
1549564356865,1006.9433
1549564356900,1006.9433
1549564356957,1006.9433
1549564356995,1006.9433
1549564357027,1006.9541
1549564357061,1006.9541
1549564357135,1006.9541
1549564357187,1006.9541
1549564357191,1006.9344
1549564357232,1006.9344
1549564357247,1006.9344
1549564357287,1006.9344
1549564357325,1006.9359
1549564357382,1006.9359
1549564357413,1006.9359
1549564357438,1006.9359
1549564357476,1006.9424
1549564357516,1006.9424
1549564357554,1006.9424
1549564357592,1006.9424
1549564357632,1006.95294
1549564357673,1006.95294
1549564357710,1006.95294
1549564357748,1006.95294
1549564357785,1006.96277
1549564357822,1006.96277
1549564357861,1006.96277
1549564357901,1006.96277
1549564357937,1006.9676
1549564357976,1006.9676
1549564358017,1006.9676
1549564358053,1006.9676
1549564358092,1006.9741
1549564358131,1006.9741
1549564358171,1006.9741
1549564358206,1006.9741
1549564358249,1006.9678
1549564358342,1006.9678
1549564358342,1006.9678
1549564358396,1006.9678
1549564358610,1006.9704
1549564358612,1006.9704
1549564358613,1006.9704
1549564358614,1006.9704
1549564358615,1006.97156
1549564358621,1006.97156
1549564358763,1006.97156
1549564358763,1006.97156
1549564358764,1006.9713
1549564358765,1006.9713
1549564358788,1006.9713
1549564358951,1006.9713
1549564358951,1006.9711
1549564358951,1006.9711
1549564358966,1006.9711
1549564359109,1006.9711
1549564359109,1006.97424
1549564359110,1006.97424
1549564359110,1006.97424
1549564359139,1006.97424
1549564359175,1006.98486
1549564359210,1006.98486
1549564359247,1006.98486
1549564359284,1006.98486
1549564359322,1006.98724
1549564359361,1006.98724
1549564359400,1006.98724
1549564359439,1006.98724
1549564359480,1006.9938
1549564359518,1006.9938
1549564359553,1006.9938
1549564359597,1006.9938
1549564359634,1006.9908
1549564359670,1006.9908
1549564359707,1006.9908
1549564359746,1006.9908
1549564359783,1006.99896
1549564359823,1006.99896
1549564359860,1006.99896
1549564359900,1006.99896
1549564359939,1007.0071
1549564359976,1007.0071
1549564360014,1007.0071
1549564360053,1007.0071
1549564360091,1007.0125
1549564360133,1007.0125
1549564360168,1007.0125
1549564360209,1007.0125
1549564360245,1007.0214
1549564360284,1007.0214
1549564360358,1007.0214
1549564360363,1007.0214
1549564360401,1007.02124
1549564360437,1007.02124
1549564360483,1007.02124
1549564360515,1007.02124
1549564360553,1007.0227
1549564360591,1007.0227
1549564360631,1007.0227
1549564360668,1007.0227
1549564360707,1007.02527
1549564360747,1007.02527
1549564360787,1007.02527
1549564360825,1007.02527
1549564360863,1007.02136
1549564360900,1007.02136
1549564360938,1007.02136
1549564360979,1007.02136
1549564361018,1007.0229
1549564361053,1007.0229
1549564361096,1007.0229
1549564361130,1007.0229
1549564361169,1007.0277
1549564361208,1007.0277
1549564361245,1007.0277
1549564361283,1007.0277
1549564361323,1007.0308
1549564361360,1007.0308
1549564361398,1007.0308
1549564361436,1007.0308
1549564361475,1007.02563
1549564361513,1007.02563
1549564361554,1007.02563
1549564361591,1007.02563
1549564361629,1007.02545
1549564361667,1007.02545
1549564361706,1007.02545
1549564361745,1007.02545
1549564361785,1007.02936
1549564361824,1007.02936
1549564361860,1007.02936
1549564361899,1007.02936
1549564361941,1007.0308
1549564361976,1007.0308
1549564362014,1007.0308
1549564362053,1007.0308
1549564362090,1007.03064
1549564362130,1007.03064
1549564362168,1007.03064
1549564362208,1007.03064
1549564362245,1007.039
1549564362282,1007.039
1549564362321,1007.039
1549564362361,1007.039
1549564362399,1007.0412
1549564362437,1007.0412
1549564362476,1007.0412
1549564362514,1007.0412
1549564362552,1007.04456
1549564362592,1007.04456
1549564362630,1007.04456
1549564362667,1007.04456
1549564362707,1007.0438
1549564362748,1007.0438
1549564362783,1007.0438
1549564362824,1007.0438
1549564362860,1007.0438
1549564362898,1007.0438
1549564362938,1007.0438
1549564362976,1007.0438
1549564363014,1007.04047
1549564363052,1007.04047
1549564363090,1007.04047
1549564363131,1007.04047
1549564363168,1007.041
1549564363207,1007.041
1549564363245,1007.041
1549564363284,1007.041
1549564363321,1007.0438
1549564363360,1007.0438
1549564363398,1007.0438
1549564363437,1007.0438
1549564363475,1007.041
1549564363513,1007.041
1549564363554,1007.041
1549564363591,1007.041
1549564363629,1007.041
1549564363671,1007.041
1549564363706,1007.041
1549564363753,1007.041
1549564363783,1007.03766
1549564363821,1007.03766
1549564363860,1007.03766
1549564363899,1007.03766
1549564363936,1007.03876
1549564363975,1007.03876
1549564364014,1007.03876
1549564364052,1007.03876
1549564364091,1007.03876
1549564364129,1007.04047
1549564364167,1007.04047
1549564364206,1007.04047
1549564364244,1007.04047
1549564364283,1007.036
1549564364321,1007.036
1549564364362,1007.036
1549564364402,1007.036
1549564364437,1007.03766
1549564364476,1007.03766
1549564364514,1007.03766
1549564364552,1007.03766
1549564364591,1007.03766
1549564364634,1007.03766
1549564364667,1007.03766
1549564364706,1007.03766
1549564364744,1007.0369
1549564364783,1007.0369
1549564364820,1007.0369
1549564364860,1007.0369
1549564364899,1007.0403
1549564364937,1007.0403
1549564364974,1007.0403
1549564365037,1007.0403
1549564365051,1007.0375
1549564365090,1007.0375
1549564365130,1007.0375
1549564365167,1007.0375
1549564365206,1007.04083
1549564365245,1007.04083
1549564365283,1007.04083
1549564365321,1007.04083
1549564365360,1007.0414
1549564365399,1007.0414
1549564365436,1007.0414
1549564365475,1007.0414
1549564365513,1007.04474
1549564365552,1007.04474
1549564365590,1007.04474
1549564365632,1007.04474
1549564365668,1007.0423
1549564365706,1007.0423
1549564365743,1007.0423
1549564365782,1007.0423
1549564365821,1007.03284
1549564365859,1007.03284
1549564365898,1007.03284
1549564365937,1007.03284
1549564365975,1007.03284
1549564366014,1007.03284
1549564366053,1007.03284
1549564366089,1007.03284
1549564366129,1007.0362
1549564366168,1007.0362
1549564366205,1007.0362
1549564366243,1007.0362
1549564366296,1007.02765
1549564366320,1007.02765
1549564366358,1007.02765
1549564366398,1007.02765
1549564366437,1007.03265
1549564366475,1007.03265
1549564366512,1007.03265
1549564366554,1007.03265
1549564366590,1007.0302
1549564366628,1007.0302
1549564366667,1007.0302
1549564366705,1007.0302
1549564366744,1007.0341
1549564366782,1007.0341
1549564366822,1007.0341
1549564366859,1007.0341
1549564366898,1007.0333
1549564366936,1007.0333
1549564366974,1007.0333
1549564367013,1007.0333
1549564367052,1007.0239
1549564367090,1007.0239
1549564367132,1007.0239
1549564367167,1007.0239
1549564367208,1007.0256
1549564367243,1007.0256
1549564367283,1007.0256
1549564367321,1007.0256
1549564367358,1007.0245
1549564367397,1007.0245
1549564367437,1007.0245
1549564367476,1007.0245
1549564367513,1007.0204
1549564367552,1007.0204
1549564367590,1007.0204
1549564367628,1007.0204
1549564367670,1007.0193
1549564367709,1007.0193
1549564367751,1007.0193
1549564367788,1007.0193
1549564367824,1007.01514
1549564367867,1007.01514
1549564367896,1007.01514
1549564367937,1007.01514
1549564367974,1007.01514
1549564368013,1007.01514
1549564368052,1007.01514
1549564368090,1007.01514
1549564368130,1007.00494
1549564368196,1007.00494
1549564368205,1007.00494
1549564368244,1007.00494
1549564368282,1007.0044
1549564368321,1007.0044
1549564368358,1007.0044
1549564368398,1007.0044
1549564368436,1007.00366
1549564368482,1007.00366
1549564368513,1007.00366
1549564368551,1007.00366
1549564368589,1007.0042
1549564368629,1007.0042
1549564368666,1007.0042
1549564368705,1007.0042
1549564368743,1007.0142
1549564368781,1007.0142
1549564368821,1007.0142
1549564368860,1007.0142
1549564368898,1007.02185
1549564368936,1007.02185
1549564368975,1007.02185
1549564369013,1007.02185
1549564369054,1007.02686
1549564369090,1007.02686
1549564369128,1007.02686
1549564369167,1007.02686
1549564369207,1007.02997
1549564369243,1007.02997
1549564369282,1007.02997
1549564369322,1007.02997
1549564369359,1007.0383
1549564369397,1007.0383
1549564369435,1007.0383
1549564369474,1007.0383
1549564369512,1007.03613
1549564369551,1007.03613
1549564369589,1007.03613
1549564369627,1007.03613
1549564369666,1007.032
1549564369704,1007.032
1549564369743,1007.032
1549564369782,1007.032
1549564369820,1007.0309
1549564369859,1007.0309
1549564369897,1007.0309
1549564369935,1007.0309
1549564369973,1007.0285
1549564370011,1007.0285
1549564370051,1007.0285
1549564370088,1007.0285
1549564370128,1007.02734
1549564370166,1007.02734
1549564370204,1007.02734
1549564370244,1007.02734
1549564370281,1007.03406
1549564370321,1007.03406
1549564370359,1007.03406
1549564370397,1007.03406
1549564370439,1007.0255
1549564370475,1007.0255
1549564370512,1007.0255
1549564370558,1007.0255
1549564370589,1007.0305
1549564370628,1007.0305
1549564370667,1007.0305
1549564370704,1007.0305
1549564370743,1007.0322
1549564370781,1007.0322
1549564370819,1007.0322
1549564370857,1007.0322
1549564370897,1007.0216
1549564370936,1007.0216
1549564370974,1007.0216
1549564371015,1007.0216
1549564371050,1007.0172
1549564371091,1007.0172
1549564371128,1007.0172
1549564371166,1007.0172
1549564371204,1007.0164
1549564371243,1007.0164
1549564371284,1007.0164
1549564371320,1007.0164
1549564371357,1007.0214
1549564371399,1007.0214
1549564371436,1007.0214
1549564371473,1007.0214
1549564371512,1007.02704
1549564371551,1007.02704
1549564371590,1007.02704
1549564371630,1007.02704
1549564371666,1007.0304
1549564371704,1007.0304
1549564371742,1007.0304
1549564371782,1007.0304
1549564371820,1007.0304
1549564371857,1007.0354
1549564371897,1007.0354
1549564371935,1007.0354
1549564371973,1007.0354
1549564372013,1007.03015
1549564372051,1007.03015
1549564372089,1007.03015
1549564372127,1007.03015
1549564372166,1007.03015
1549564372204,1007.03015
1549564372246,1007.03015
1549564372281,1007.03015
1549564372321,1007.03516
1549564372358,1007.03516
1549564372396,1007.03516
1549564372438,1007.03516
1549564372473,1007.04517
1549564372511,1007.04517
1549564372550,1007.04517
1549564372588,1007.04517
1549564372628,1007.0485
1549564372665,1007.0485
1549564372705,1007.0485
1549564372744,1007.0485
1549564372782,1007.0519
1549564372819,1007.0519
1549564372857,1007.0519
1549564372899,1007.0519
1549564372934,1007.0552
1549564372973,1007.0552
1549564373012,1007.0552
1549564373050,1007.0552
1549564373088,1007.0552
1549564373126,1007.0552
1549564373166,1007.0552
1549564373205,1007.0552
1549564373245,1007.0597
1549564373281,1007.0597
1549564373319,1007.0597
1549564373357,1007.0597
1549564373396,1007.0552
1549564373437,1007.0552
1549564373472,1007.0552
1549564373511,1007.0552
1549564373554,1007.0535
1549564373588,1007.0535
1549564373628,1007.0535
1549564373665,1007.0535
1549564373703,1007.05853
1549564373741,1007.05853
1549564373780,1007.05853
1549564373819,1007.05853
1549564373858,1007.0552
1549564373896,1007.0552
1549564373939,1007.0552
1549564373973,1007.0552
1549564374013,1007.0569
1549564374057,1007.0569
1549564374088,1007.0569
1549564374030,1007.0569
1549564374068,1007.05444
1549564374106,1007.05444
1549564374152,1007.05444
1549564374183,1007.05444
1549564374222,1007.05444
1549564374042,1007.05444
1549564374084,1007.05444
1549564374119,1007.05444
1549564374160,1007.05
1549564374197,1007.05
1549564374236,1007.05
1549564374277,1007.05
1549564374314,1007.04834
1549564374353,1007.04834
1549564374389,1007.04834
1549564374432,1007.04834
1549564374469,1007.0439
1549564374504,1007.0439
1549564374542,1007.0439
1549564374585,1007.0439
1549564374624,1007.0448
1549564374660,1007.0448
1549564374696,1007.0448
1549564374738,1007.0448
1549564374809,1007.0448
1549564374830,1007.0448
1549564374850,1007.0448
1549564374889,1007.0448
1549564374928,1007.04816
1549564374986,1007.04816
1549564375004,1007.04816
1549564375043,1007.04816
1549564375082,1007.04535
1549564375121,1007.04535
1549564375159,1007.04535
1549564375197,1007.04535
1549564375235,1007.04126
1549564375274,1007.04126
1549564375312,1007.04126
1549564375350,1007.04126
1549564375392,1007.0379
1549564375434,1007.0379
1549564375471,1007.0379
1549564375526,1007.0379
1549564375543,1007.03455
1549564375584,1007.03455
1549564375620,1007.03455
1549564375658,1007.03455
1549564375699,1007.03125
1549564375737,1007.03125
1549564375776,1007.03125
1549564375817,1007.03125
1549564375851,1007.03125
1549564375892,1007.03125
1549564375927,1007.03125
1549564375967,1007.03125
1549564376003,1007.0268
1549564376042,1007.0268
1549564376081,1007.0268
1549564376119,1007.0268
1549564376158,1007.03015
1549564376196,1007.03015
1549564376235,1007.03015
1549564376273,1007.03015
1549564376311,1007.0277
1549564376350,1007.0277
1549564376391,1007.0277
1549564376427,1007.0277
1549564376465,1007.0277
1549564376505,1007.0277
1549564376543,1007.0277
1549564376583,1007.0277
1549564376619,1007.02325
1549564376659,1007.02325
1549564376697,1007.02325
1549564376735,1007.02325
1549564376772,1007.0216
1549564376813,1007.0216
1549564376851,1007.0216
1549564376890,1007.0216
1549564376929,1007.01825
1549564376966,1007.01825
1549564377004,1007.01825
1549564377043,1007.01825
1549564377081,1007.0188
1549564377120,1007.0188
1549564377158,1007.0188
1549564377199,1007.0188
1549564377234,1007.0188
1549564377275,1007.0188
1549564377312,1007.0188
1549564377350,1007.0188
1549564377389,1007.0205
1549564377428,1007.0205
1549564377467,1007.0205
1549564377503,1007.0205
1549564377543,1007.0086
1549564377582,1007.0086
1549564377619,1007.0086
1549564377658,1007.0086
1549564377696,1007.0036
1549564377736,1007.0036
1549564377772,1007.0036
1549564377811,1007.0036
1549564377851,1007.00696
1549564377888,1007.00696
1549564377928,1007.00696
1549564377968,1007.00696
1549564378005,1007.00616
1549564378043,1007.00616
1549564378090,1007.00616
1549564378120,1007.00616
1549564378157,1007.00006
1549564378198,1007.00006
1549564378234,1007.00006
1549564378275,1007.00006
1549564378318,1006.98596
1549564378350,1006.98596
1549564378388,1006.98596
1549564378427,1006.98596
1549564378466,1006.98596
1549564378509,1006.98596
1549564378541,1006.98596
1549564378581,1006.98596
1549564378619,1006.98926
1549564378658,1006.98926
1549564378696,1006.98926
1549564378736,1006.98926
1549564378774,1006.98987
1549564378815,1006.98987
1549564378850,1006.98987
1549564378888,1006.98987
1549564378929,1006.9965
1549564378965,1006.9965
1549564379003,1006.9965
1549564379042,1006.9965
1549564379080,1006.9965
1549564379121,1006.9915
1549564379158,1006.9915
1549564379197,1006.9915
1549564379240,1006.9915
1549564379274,1006.9854
1549564379312,1006.9854
1549564379039,1006.9854
1549564380044,1006.9854
1549564380082,1006.9854
1549564380121,1006.9854
1549564380161,1006.9854
1549564380197,1006.9854
1549564380241,1006.98035
1549564380288,1006.98035
1549564380314,1006.98035
1549564380352,1006.98035
1549564380396,1006.9737
1549564380428,1006.9737
1549564380471,1006.9737
1549564380517,1006.9737
1549564380544,1006.9737
1549564380582,1006.9737
1549564380619,1006.9737
1549564380661,1006.9737
1549564380699,1006.9737
1549564380735,1006.9737
1549564380774,1006.9737
1549564380813,1006.9737
1549564380854,1006.9687
1549564380893,1006.9687
1549564380927,1006.9687
1549564380967,1006.9687
1549564381005,1006.96533
1549564381043,1006.96533
1549564381082,1006.96533
1549564381121,1006.96533
1549564381160,1006.9698
1549564381197,1006.9698
1549564381239,1006.9698
1549564381273,1006.9698
1549564381312,1006.9759
1549564381351,1006.9759
1549564381389,1006.9759
1549564381428,1006.9759
1549564381466,1006.9759
1549564381506,1006.9759
1549564381543,1006.9759
1549564381582,1006.9759
1549564381619,1006.9767
1549564381659,1006.9767
1549564381698,1006.9767
1549564381736,1006.9767
1549564381775,1006.9761
1549564381814,1006.9761
1549564381850,1006.9761
1549564381891,1006.9761
1549564381931,1006.9785
1549564381966,1006.9785
1549564382004,1006.9785
1549564382044,1006.9785
1549564382081,1006.9904
1549564382120,1006.9904
1549564382159,1006.9904
1549564382197,1006.9904
1549564382235,1006.99097
1549564382276,1006.99097
1549564382314,1006.99097
1549564382350,1006.99097
1549564382391,1006.98596
1549564382428,1006.98596
1549564382466,1006.98596
1549564382505,1006.98596
1549564382543,1006.9845
1549564382586,1006.9845
1549564382625,1006.9845
1549564382657,1006.9845
1549564382698,1006.99304
1549564382735,1006.99304
1549564382775,1006.99304
1549564382813,1006.99304
1549564382850,1006.9938
1549564382888,1006.9938
1549564382929,1006.9938
1549564382967,1006.9938
1549564383004,1006.9932
1549564383042,1006.9932
1549564383081,1006.9932
1549564383121,1006.9932
1549564383158,1006.9934
1549564383199,1006.9934
1549564383236,1006.9934
1549564383273,1006.9934
1549564383312,1006.99286
1549564383351,1006.99286
1549564383389,1006.99286
1549564383426,1006.99286
1549564383466,1006.9903
1549564383505,1006.9903
1549564383542,1006.9903
1549564383583,1006.9903
1549564383619,1006.98883
1549564383657,1006.98883
1549564383696,1006.98883
1549564383735,1006.98883
1549564383775,1006.9832
1549564383812,1006.9832
1549564383850,1006.9832
1549564383888,1006.9832
1549564383927,1006.9888
1549564383976,1006.9888
1549564384006,1006.9888
1549564384043,1006.9888
1549564384082,1006.98486
1549564384120,1006.98486
1549564384158,1006.98486
1549564384196,1006.98486
1549564384236,1006.9884
1549564384274,1006.9884
1549564384313,1006.9884
1549564384351,1006.9884
1549564384388,1006.98413
1549564384428,1006.98413
1549564384467,1006.98413
1549564384504,1006.98413
1549564384543,1006.9994
1549564384583,1006.9994
1549564384621,1006.9994
1549564384658,1006.9994
1549564384696,1006.99884
1549564384734,1006.99884
1549564384773,1006.99884
1549564384812,1006.99884
1549564384850,1006.999
1549564384888,1006.999
1549564384927,1006.999
1549564384965,1006.999
1549564385004,1006.99677
1549564385042,1006.99677
1549564385080,1006.99677
1549564385119,1006.99677
1549564385158,1006.99695
1549564385196,1006.99695
1549564385235,1006.99695
1549564385273,1006.99695
1549564385311,1006.9955
1549564385349,1006.9955
1549564385388,1006.9955
1549564385426,1006.9955
1549564385467,1006.989
1549564385505,1006.989
1549564385542,1006.989
1549564385580,1006.989
1549564385620,1006.9892
1549564385658,1006.9892
1549564385697,1006.9892
1549564385734,1006.9892
1549564385772,1006.98865
1549564385811,1006.98865
1549564385854,1006.98865
1549564385892,1006.98865
1549564385929,1006.9844
1549564385968,1006.9844
1549564386008,1006.9844
1549564386042,1006.9844
1549564386080,1006.9916
1549564386134,1006.9916
1549564386166,1006.9916
1549564386195,1006.9916
1549564386234,1006.99347
1549564386273,1006.99347
1549564386312,1006.99347
1549564386349,1006.99347
1549564386388,1006.99255
1549564386427,1006.99255
1549564386466,1006.99255
1549564386506,1006.99255
1549564386542,1006.99365
1549564386581,1006.99365
1549564386618,1006.99365
1549564386658,1006.99365
1549564386696,1006.9911
1549564386734,1006.9911
1549564386784,1006.9911
1549564386815,1006.9911
1549564386851,1006.9946
1549564386888,1006.9946
1549564386930,1006.9946
1549564386964,1006.9946
1549564387003,1006.989
1549564387043,1006.989
1549564387080,1006.989
1549564387118,1006.989
1549564387158,1006.989
1549564387199,1006.98737
1549564387236,1006.98737
1549564387277,1006.98737
1549564387312,1006.98737
1549564387349,1006.9959
1549564387390,1006.9959
1549564387426,1006.9959
1549564387465,1006.9959
1549564387506,1006.9987
1549564387542,1006.9987
1549564387580,1006.9987
1549564387619,1006.9987
1549564387661,1006.98926
1549564387697,1006.98926
1549564387734,1006.98926
1549564387772,1006.98926
1549564387810,1006.9959
1549564387851,1006.9959
1549564387888,1006.9959
1549564387928,1006.9959
1549564387964,1006.9909
1549564388002,1006.9909
1549564388042,1006.9909
1549564388080,1006.9909
1549564388120,1006.98755
1549564388159,1006.98755
1549564388196,1006.98755
1549564388233,1006.98755
1549564388273,1006.9859
1549564388312,1006.9859
1549564388349,1006.9859
1549564388387,1006.9859
1549564388426,1006.9859
1549564388464,1006.9859
1549564388504,1006.9859
1549564388554,1006.9859
1549564388581,1006.9909
1549564388619,1006.9909
1549564388656,1006.9909
1549564388696,1006.9909
1549564388736,1006.997
1549564388783,1006.997
1549564388813,1006.997
1549564388849,1006.997
1549564388886,1006.99536
1549564388926,1006.99536
1549564388964,1006.99536
1549564389004,1006.99536
1549564389042,1007.0021
1549564389084,1007.0021
1549564389119,1007.0021
1549564389164,1007.0021
1549564389195,1006.99927
1549564389235,1006.99927
1549564389272,1006.99927
1549564389313,1006.99927
1549564389349,1006.99756
1549564389387,1006.99756
1549564389426,1006.99756
1549564389465,1006.99756
1549564389502,1007.00256
1549564389542,1007.00256
1549564389582,1007.00256
1549564389619,1007.00256
1549564389662,1007.006
1549564389696,1007.006
1549564389734,1007.006
1549564389773,1007.006
1549564389812,1007.011
1549564389850,1007.011
1549564389887,1007.011
1549564389926,1007.011
1549564389964,1007.0193
1549564390004,1007.0193
1549564390047,1007.0193
1549564390080,1007.0193
1549564390118,1007.01355
1549564390158,1007.01355
1549564390203,1007.01355
1549564390234,1007.01355
1549564390272,1007.01184
1549564390310,1007.01184
1549564390350,1007.01184
1549564390387,1007.01184
1549564390428,1007.01355
1549564390467,1007.01355
1549564390514,1007.01355
1549564390543,1007.01355
1549564390579,1007.01355
1549564390619,1007.01355
1549564390657,1007.01355
1549564390696,1007.01355
1549564390734,1007.01685
1549564390773,1007.01685
1549564390810,1007.01685
1549564390849,1007.01685
1549564390888,1007.01685
1549564390927,1007.01685
1549564390970,1007.01685
1549564391007,1007.01685
1549564391043,1007.02075
1549564391080,1007.02075
1549564391121,1007.02075
1549564391156,1007.02075
1549564391194,1007.0141
1549564391233,1007.0141
1549564391271,1007.0141
1549564391313,1007.0141
1549564391350,1007.01245
1549564391388,1007.01245
1549564391432,1007.01245
1549564391466,1007.01245
1549564391503,1007.01575
1549564391543,1007.01575
1549564391583,1007.01575
1549564391618,1007.01575
1549564391661,1007.01575
1549564391696,1007.01575
1549564391733,1007.01575
1549564391773,1007.01575
1549564391809,1007.0141
1549564391848,1007.0141
1549564391887,1007.0141
1549564391925,1007.0141
1549564391965,1007.01575
1549564392003,1007.01575
1549564392042,1007.01575
1549564392084,1007.01575
1549564392122,1007.0141
1549564392157,1007.0141
1549564392196,1007.0141
1549564392249,1007.0141
1549564392271,1007.01855
1549564392312,1007.01855
1549564392349,1007.01855
1549564392387,1007.01855
1549564392427,1007.0152
1549564392463,1007.0152
1549564392503,1007.0152
1549564392541,1007.0152
1549564392579,1007.01184
1549564392627,1007.01184
1549564392659,1007.01184
1549564392694,1007.01184
1549564392738,1007.01184
1549564392772,1007.01184
1549564392816,1007.01184
1549564392849,1007.01184
1549564392886,1007.0093
1549564392927,1007.0093
1549564392964,1007.0093
1549564393004,1007.0093
1549564393042,1007.006
1549564393081,1007.006
1549564393121,1007.006
1549564393156,1007.006
1549564393195,1007.00256
1549564393241,1007.00256
1549564393272,1007.00256
1549564393311,1007.00256
1549564393349,1007.0054
1549564393389,1007.0054
1549564393425,1007.0054
1549564393475,1007.0054
1549564393507,1007.0021
1549564393540,1007.0021
1549564393585,1007.0021
1549564393619,1007.0021
1549564393656,1006.9987
1549564393694,1006.9987
1549564393732,1006.9987
1549564393771,1006.9987
1549564393811,1007.0011
1549564393847,1007.0011
1549564393886,1007.0011
1549564393926,1007.0011
1549564393966,1007.00555
1549564394005,1007.00555
1549564394041,1007.00555
1549564394080,1007.00555
1549564394121,1007.0072
1549564394155,1007.0072
1549564394194,1007.0072
1549564394235,1007.0072
1549564394276,1007.01135
1549564394310,1007.01135
1549564394350,1007.01135
1549564394386,1007.01135
1549564394426,1007.0141
1549564394463,1007.0141
1549564394502,1007.0141
1549564394556,1007.0141
1549564394578,1007.00745
1549564394617,1007.00745
1549564394662,1007.00745
1549564394694,1007.00745
1549564394733,1007.00574
1549564394787,1007.00134
1549564394812,1007.00134
1549564394849,1007.00134
1549564394887,1007.00134
1549564394925,1006.99963
1549564394968,1006.99963
1549564395003,1006.99963
1549564395059,1006.99963
1549564395078,1006.99963
1549564395118,1006.99963
1549564395157,1006.99963
1549564395195,1006.99963
1549564395238,1007.0091
1549564395272,1007.0091
1549564395312,1007.0091
1549564395351,1007.0091
1549564395392,1007.00745
1549564395424,1007.00745
1549564395463,1007.00745
1549564395502,1007.00745
1549564395542,1007.0091
1549564395578,1007.0091
1549564395619,1007.0091
1549564395657,1007.0091
1549564395701,1007.0102
1549564395735,1007.0102
1549564395772,1007.0102
1549564395812,1007.0102
1549564395849,1007.00684
1549564395886,1007.00684
1549564395927,1007.00684
1549564395963,1007.00684
1549564396002,1007.00684
1549564396042,1007.00684
1549564396079,1007.00684
1549564396118,1007.00684
1549564396157,1007.0041
1549564396195,1007.0041
1549564396234,1007.0041
1549564396272,1007.0041
1549564396321,1007.00745
1549564396350,1007.00745
1549564396392,1007.00745
1549564396425,1007.00745
1549564396468,1007.0091
1549564396503,1007.0091
1549564396540,1007.0091
1549564396588,1007.0091
1549564396617,1007.00464
1549564396656,1007.00464
1549564396699,1007.00464
1549564396738,1007.00464
1549564396771,1007.01227
1549564396810,1007.01227
1549564396856,1007.01227
1549564396886,1007.01227
1549564396925,1007.0089
1549564396964,1007.0089
1549564397002,1007.0089
1549564397041,1007.0089
1549564397078,1007.0156
1549564397118,1007.0156
1549564397155,1007.0156
1549564397195,1007.0156
1549564397233,1007.0128
1549564397270,1007.0128
1549564397310,1007.0128
1549564397349,1007.0128
1549564397387,1007.0093
1549564397425,1007.0093
1549564397466,1007.0093
1549564397510,1007.0093
1549564397540,1007.00854
1549564397579,1007.00854
1549564397617,1007.00854
1549564397658,1007.00854
1549564397698,1007.00745
1549564397732,1007.00745
1549564397771,1007.00745
1549564397810,1007.00745
1549564397851,1007.00464
1549564397887,1007.00464
1549564397924,1007.00464
1549564397962,1007.00464
1549564398002,1007.01056
1549564398045,1007.01056
1549564398078,1007.01056
1549564398118,1007.01056
1549564398154,1007.0139
1549564398195,1007.0139
1549564398242,1007.0139
1549564398287,1007.0139
1549564398316,1007.0178
1549564398348,1007.0178
1549564398386,1007.0178
1549564398423,1007.0178
1549564398461,1007.01874
1549564398506,1007.01874
1549564398540,1007.01874
1549564398578,1007.01874
1549564398619,1007.021
1549564398655,1007.021
1549564398693,1007.021
1549564398741,1007.021
1549564398773,1007.0252
1549564398809,1007.0252
1549564398846,1007.0252
1549564398885,1007.0252
1549564398923,1007.0291
1549564398963,1007.0291
1549564399001,1007.0291
1549564399040,1007.0291
1549564399077,1007.0306
1549564399116,1007.0306
1549564399155,1007.0306
1549564399193,1007.0306
1549564399230,1007.0295
1549564399271,1007.0295
1549564399311,1007.0295
1549564399347,1007.0295
1549564399385,1007.0276
1549564399423,1007.0276
1549564399466,1007.0276
1549564399501,1007.0276
1549564399542,1007.0302
1549564399578,1007.0302
1549564399615,1007.0302
1549564399653,1007.0302
1549564399693,1007.02747
1549564399737,1007.02747
1549564399771,1007.02747
1549564399811,1007.02747
1549564399848,1007.02057
1549564399887,1007.02057
1549564399926,1007.02057
1549564399963,1007.02057
1549564400003,1007.0228
1549564400039,1007.0228
1549564400078,1007.0228
1549564400119,1007.0228
1549564400156,1007.0287
1549564400195,1007.0287
1549564400232,1007.0287
1549564400272,1007.0287
1549564400309,1007.02014
1549564400348,1007.02014
1549564400391,1007.02014
1549564400424,1007.02014
1549564400469,1007.01575
1549564400500,1007.01575
1549564400540,1007.01575
1549564400578,1007.01575
1549564400615,1007.01495
1549564400659,1007.01495
1549564400694,1007.01495
1549564400731,1007.01495
1549564400769,1007.0155
1549564400809,1007.0155
1549564400850,1007.0155
1549564400886,1007.0155
1549564400924,1007.0137
1549564400963,1007.0137
1549564401002,1007.0137
1549564401040,1007.0137
1549564401077,1007.0051
1549564401119,1007.0051
1549564401155,1007.0051
1549564401195,1007.0051
1549564401232,1007.00903
1549564401271,1007.00903
1549564401307,1007.00903
1549564401348,1007.00903
1549564401386,1007.0088
1549564401423,1007.0088
1549564401465,1007.0088
1549564401501,1007.0088
1549564401539,1007.0064
1549564401578,1007.0064
1549564401618,1007.0064
1549564401655,1007.0064
1549564401692,1007.00305
1549564401731,1007.00305
1549564401772,1007.00305
1549564401808,1007.00305
1549564401847,1007.0053
1549564401885,1007.0053
1549564401922,1007.0053
1549564401963,1007.0053
1549564402002,1007.0034
1549564402039,1007.0034
1549564402077,1007.0034
1549564402115,1007.0034
1549564402154,1007.0034
1549564402233,1006.9966
1549564402234,1006.9966
1549564402269,1006.9966
1549564402308,1006.9966
1549564402346,1006.9947
1549564402386,1006.9947
1549564402429,1006.9947
1549564402462,1006.9947
1549564402505,1006.99115
1549564402540,1006.99115
1549564402577,1006.99115
1549564402617,1006.99115
1549564402654,1006.9876
1549564402693,1006.9876
1549564402732,1006.9876
1549564402774,1006.9876
1549564402811,1006.9904
1549564402845,1006.9904
1549564402885,1006.9904
1549564402925,1006.9904
1549564402962,1006.99304
1549564403002,1006.99304
1549564403040,1006.99304
1549564403077,1006.99304
1549564403116,1006.9986
1549564403158,1006.9986
1549564403195,1006.9986
1549564403230,1006.9986
1549564403270,1006.9967
1549564403307,1006.9967
1549564403349,1006.9967
1549564403393,1006.9967
1549564403424,1007.0043
1549564403462,1007.0043
1549564403500,1007.0043
1549564403540,1007.0043
1549564403576,1007.0021
1549564403619,1007.0021
1549564403659,1007.0021
1549564403698,1007.0021
1549564403735,1007.0019
1549564403773,1007.0019
1549564403809,1007.0019
1549564403847,1007.0019
1549564403884,1006.99945
1549564403922,1006.99945
1549564403968,1006.99945
1549564404000,1006.99945
1549564404038,1007.00256
1549564404078,1007.00256
1549564404116,1007.00256
1549564404157,1007.00256
1549564404192,1007.0032
1549564404230,1007.0032
1549564404270,1007.0032
1549564404308,1007.0032
1549564404350,1007.0041
1549564404386,1007.0041
1549564404424,1007.0041
1549564404462,1007.0041
1549564404499,1007.008
1549564404540,1007.008
1549564404579,1007.008
1549564404616,1007.008
1549564404654,1007.0069
1549564404695,1007.0069
1549564404730,1007.0069
1549564404769,1007.0069
1549564404809,1007.00446
1549564404853,1007.00446
1549564404887,1007.00446
1549564404923,1007.00446
1549564404961,1007.01355
1549564405000,1007.01355
1549564405038,1007.01355
1549564405077,1007.01355
1549564405114,1007.0111
1549564405154,1007.0111
1549564405192,1007.0111
1549564405231,1007.0111
1549564405269,1007.00836
1549564405307,1007.00836
1549564405345,1007.00836
1549564405384,1007.00836
1549564405422,1007.01337
1549564405462,1007.01337
1549564405499,1007.01337
1549564405538,1007.01337
1549564405577,1007.0126
1549564405614,1007.0126
1549564405653,1007.0126
1549564405693,1007.0126
1549564405730,1007.0093
1549564405772,1007.0093
1549564405806,1007.0093
1549564405846,1007.0093
1549564405884,1007.00757
1549564405923,1007.00757
1549564405961,1007.00757
1549564405998,1007.00757
1549564406038,1007.0048
1549564406076,1007.0048
1549564406115,1007.0048
1549564406153,1007.0048
1549564406193,1007.0048
1549564406232,1007.0048
1549564406275,1007.0048
1549564406306,1007.0048
1549564406349,1007.0065
1549564406385,1007.0065
1549564406423,1007.0065
1549564406468,1007.0065
1549564406508,1007.0082
1549564406538,1007.0082
1549564406577,1007.0082
1549564406617,1007.0082
1549564406652,1007.0024
1549564406693,1007.0024
1549564406729,1007.0024
1549564406768,1007.0024
1549564406806,1007.0074
1549564406850,1007.0074
1549564406883,1007.0074
1549564406924,1007.0074
1549564406960,1007.0124
1549564407001,1007.0124
1549564407037,1007.0124
1549564407075,1007.0124
1549564407114,1007.0174
1549564407152,1007.0174
1549564407191,1007.0174
1549564407230,1007.0174
1549564407269,1007.01904
1549564407306,1007.01904
1549564407345,1007.01904
1549564407384,1007.01904
1549564407422,1007.0213
1549564407471,1007.0213
1549564407499,1007.0213
1549564407539,1007.0213
1549564407576,1007.0152
1549564407615,1007.0152
1549564407657,1007.0152
1549564407691,1007.0152
1549564407730,1007.01184
1549564407773,1007.01184
1549564407808,1007.01184
1549564407846,1007.01184
1549564407883,1007.0061
1549564407922,1007.0061
1549564407964,1007.0061
1549564408002,1007.0061
1549564408039,1007.0033
1549564408080,1007.0033
1549564408115,1007.0033
1549564408156,1007.0033
1549564408191,1007.00586
1549564408231,1007.00586
1549564408271,1007.00586
1549564408306,1007.00586
1549564408347,1006.9981
1549564408385,1006.9981
1549564408422,1006.9981
1549564408468,1006.9981
1549564408499,1007.0065
1549564408541,1007.0065
1549564408575,1007.0065
1549564408618,1007.0065
1549564408654,1007.00977
1549564408692,1007.00977
1549564408731,1007.00977
1549564408769,1007.00977
1549564408806,1007.01575
1549564408846,1007.01575
1549564408884,1007.01575
1549564408927,1007.01575
1549564408960,1007.0085
1549564409000,1007.0085
1549564409043,1007.0085
1549564409081,1007.0085
1549564409116,1007.0077
1549564409153,1007.0077
1549564409190,1007.0077
1549564409229,1007.0077
1549564409267,1007.01105
1549564409306,1007.01105
1549564409345,1007.01105
1549564409383,1007.01105
1549564409428,1007.0092
1549564409460,1007.0092
1549564409498,1007.0092
1549564409537,1007.0092
1549564409576,1007.0148
1549564409613,1007.0148
1549564409654,1007.0148
1549564409692,1007.0148
1549564409728,1007.0148
1549564409773,1007.0045
1549564409806,1007.0045
1549564409845,1007.0045
1549564409885,1007.0045
1549564409923,1007.0034
1549564409959,1007.0034
1549564409997,1007.0034
1549564410040,1007.0034
1549564410075,1006.9982
1549564410115,1006.9982
1549564410156,1006.9982
1549564410193,1006.9982
1549564410228,1006.9975
1549564410268,1006.9975
1549564410306,1006.9975
1549564410344,1006.9975
1549564410383,1006.99396
1549564410421,1006.99396
1549564410462,1006.99396
1549564410501,1006.99396
1549564410537,1006.9954
1549564410578,1006.9954
1549564410615,1006.9954
1549564410655,1006.9954
1549564410696,1006.9965
1549564410733,1006.9965
1549564410767,1006.9965
1549564410806,1006.9965
1549564410845,1006.9947
1549564410890,1006.9947
1549564410921,1006.9947
1549564410964,1006.9947
1549564410999,1006.99115
1549564411037,1006.99115
1549564411077,1006.99115
1549564411115,1006.99115
1549564411152,1006.99097
1549564411194,1006.99097
1549564411232,1006.99097
1549564411270,1006.99097
1549564411306,1006.988
1549564411349,1006.988
1549564411383,1006.988
1549564411423,1006.988
1549564411465,1006.9839
1549564411498,1006.9839
1549564411542,1006.9839
1549564411575,1006.9839
1549564411616,1006.97864
1549564411653,1006.97864
1549564411694,1006.97864
1549564411729,1006.97864
1549564411769,1006.98254
1549564411807,1006.98254
1549564411863,1006.98254
1549564411886,1006.98254
1549564411921,1006.9807
1549564411962,1006.9807
1549564411997,1006.9807
1549564412037,1006.9807
1549564412078,1006.9829
1549564412118,1006.9829
1549564412150,1006.9829
1549564412191,1006.9829
1549564412231,1006.9844
1549564412267,1006.9844
1549564412306,1006.9844
1549564412344,1006.9844
1549564412383,1006.9853
1549564412425,1006.9853
1549564412466,1006.9853
1549564412497,1006.9853
1549564412537,1006.9831
1549564412575,1006.9831
1549564412615,1006.9831
1549564412654,1006.9831
1549564412691,1006.989
1549564412728,1006.989
1549564412766,1006.989
1549564412805,1006.989
1549564412846,1006.9888
1549564412883,1006.9888
1549564412922,1006.9888
1549564412960,1006.9888
1549564413002,1006.9905
1549564413042,1006.9905
1549564413076,1006.9905
1549564413113,1006.9905
1549564413152,1006.98694
1549564413190,1006.98694
1549564413229,1006.98694
1549564413268,1006.98694
1549564413308,1006.99414
1549564413343,1006.99414
1549564413383,1006.99414
1549564413423,1006.99414
1549564413461,1006.9884
1549564413504,1006.9884
1549564413537,1006.9884
1549564413575,1006.9884
1549564413612,1006.9856
1549564413651,1006.9856
1549564413690,1006.9856
1549564413734,1006.9856
1549564413768,1006.98785
1549564413805,1006.98785
1549564413844,1006.98785
1549564413884,1006.98785
1549564413922,1006.9888
1549564413966,1006.9888
1549564414002,1006.9888
1549564414037,1006.9888
1549564414074,1006.9877
1549564414113,1006.9877
1549564414153,1006.9877
1549564414193,1006.9877
1549564414232,1006.9969
1549564414268,1006.9969
1549564414307,1006.9969
1549564414344,1006.9969
1549564414384,1007.0008
1549564414420,1007.0008
1549564414459,1007.0008
1549564414498,1007.0008
1549564414537,1006.99725
1549564414575,1006.99725
1549564414612,1006.99725
1549564414656,1006.99725
1549564414693,1006.99036
1549564414729,1006.99036
1549564414768,1006.99036
1549564414804,1006.99036
1549564414844,1006.9976
1549564414883,1006.9976
1549564414923,1006.9976
1549564414958,1006.9976
1549564414997,1007.0002
1549564415038,1007.0002
1549564414034,1007.0002
1549564414074,1007.0002
1549564414113,1006.9991
1549564414155,1006.9991
1549564414196,1006.9991
1549564414229,1006.9991
1549564414268,1007.0033
1549564414042,1007.0033
1549564414081,1007.0033
1549564414123,1007.0033
1549564414158,1007.0089
1549564414197,1007.0089
1549564414239,1007.0089
1549564414273,1007.0089
1549564414312,1007.00946
1549564414350,1007.00946
1549564414391,1007.00946
1549564414437,1007.00946
1549564414466,1007.007
1549564414506,1007.007
1549564414542,1007.007
1549564414581,1007.007
1549564414624,1007.00757
1549564414658,1007.00757
1549564414696,1007.00757
1549564414734,1007.00757
1549564414773,1007.0085
1549564414811,1007.0085
1549564414850,1007.0085
1549564414889,1007.0085
1549564414926,1007.0085
1549564414966,1007.0085
1549564415005,1007.0085
1549564415043,1007.0085
1549564415082,1007.004
1549564415121,1007.004
1549564415161,1007.004
1549564415200,1007.004
1549564415234,1007.00385
1549564415277,1007.00385
1549564415323,1007.00385
1549564415385,1007.00385
1549564415443,1007.0072
1549564415443,1007.0072
1549564415473,1007.0072
1549564415503,1007.0072
1549564415544,1007.00696
1549564415580,1007.00696
1549564415619,1007.00696
1549564415657,1007.00696
1549564415696,1007.0126
1549564415734,1007.0126
1549564415777,1007.0126
1549564415815,1007.0126
1549564415850,1007.0118
1549564415890,1007.0118
1549564415926,1007.0118
1549564415965,1007.0118
1549564416003,1007.00824
1549564416041,1007.00824
1549564416081,1007.00824
1549564416119,1007.00824
1549564416157,1007.0055
1549564416195,1007.0055
1549564416235,1007.0055
1549564416274,1007.0055
1549564416317,1007.0055
1549564416349,1007.00696
1549564416389,1007.00696
1549564416430,1007.00696
1549564416466,1007.00696
1549564416504,1007.0075
1549564416542,1007.0075
1549564416581,1007.0075
1549564416619,1007.0075
1549564416657,1007.00397
1549564416697,1007.00397
1549564416737,1007.00397
1549564416774,1007.00397
1549564416812,1007.0082
1549564416849,1007.0082
1549564416890,1007.0082
1549564416928,1007.0082
1549564416966,1007.0038
1549564417006,1007.0038
1549564417043,1007.0038
1549564417080,1007.0038
1549564417119,1006.99854
1549564417161,1006.99854
1549564417196,1006.99854
1549564417236,1006.99854
1549564417273,1006.99
1549564417314,1006.99
1549564417351,1006.99
1549564417393,1006.99
1549564417429,1006.9839
1549564417467,1006.9839
1549564417503,1006.9839
1549564417543,1006.9839
1549564417580,1006.98816
1549564417620,1006.98816
1549564417658,1006.98816
1549564417717,1006.98816
1549564417737,1006.99036
1549564417772,1006.99036
1549564417817,1006.99036
1549564417849,1006.99036
1549564417890,1006.9963
1549564417944,1006.9963
1549564417974,1006.9963
1549564418002,1006.9963
1549564418041,1006.99243
1549564418079,1006.99243
1549564418123,1006.99243
1549564418160,1006.99243
1549564418196,1006.9991
1549564418233,1006.9991
1549564418272,1006.9991
1549564418310,1006.9991
1549564418349,1007.00665
1549564418389,1007.00665
1549564418429,1007.00665
1549564418464,1007.00665
1549564418503,1007.01166
1549564418542,1007.01166
1549564418581,1007.01166
1549564418618,1007.01166
1549564418658,1007.0089
1549564418695,1007.0089
1549564418734,1007.0089
1549564418773,1007.0089
1549564418812,1007.0081
1549564418854,1007.0081
1549564418888,1007.0081
1549564418926,1007.0081
1549564418966,1007.00867
1549564419011,1007.00867
1549564419042,1007.00867
1549564419083,1007.00867
1549564419127,1007.0112
1549564419158,1007.0112
1549564419195,1007.0112
1549564419234,1007.0112
1549564419272,1007.0146
1549564419314,1007.0146
1549564419351,1007.0146
1549564419047,1007.0146
1549564421031,1007.01013
1549564421083,1007.01013
1549564421109,1007.01013
1549564421148,1007.01013
1549564421189,1007.0144
1549564421230,1007.0144
1549564421263,1007.0144
1549564421300,1007.0144
1549564421337,1007.0133
1549564421377,1007.0133
1549564421418,1007.0133
1549564421453,1007.0133
1549564421491,1007.0105
1549564421538,1007.0105
1549564421570,1007.0105
1549564421612,1007.0105
1549564421645,1007.0198
1549564421684,1007.0198
1549564421722,1007.0198
1549564421761,1007.0198
1549564421802,1007.0248
1549564421843,1007.0248
1549564421876,1007.0248
1549564421915,1007.0248
1549564421953,1007.03033
1549564421996,1007.03033
1549564422036,1007.03033
1549564422908,1007.03033
1549564422909,1007.03625
1549564422909,1007.03625
1549564422909,1007.03625
1549564422909,1007.03625
1549564422910,1007.0318
1549564422910,1007.0318
1549564422910,1007.0318
1549564422911,1007.0318
1549564422911,1007.036
1549564422911,1007.036
1549564422911,1007.036
1549564422912,1007.036
1549564422912,1007.03827
1549564422912,1007.03827
1549564422913,1007.03827
1549564422913,1007.03827
1549564422913,1007.0399
1549564422913,1007.0399
1549564422914,1007.0399
1549564422914,1007.0399
1549564422914,1007.0347
1549564422939,1007.0347
1549564423068,1007.0347
1549564423069,1007.0347
1549564423069,1007.0212
1549564423123,1007.0212
1549564423123,1007.0212
1549564423649,1007.0212
1549564423649,1007.02783
1549564423649,1007.02783
1549564423649,1007.02783
1549564423650,1007.02783
1549564423650,1007.03345
1549564423650,1007.03345
1549564423650,1007.03345
1549564423651,1007.03345
1549564423651,1007.041
1549564423651,1007.041
1549564423651,1007.041
1549564423651,1007.041
1549564423652,1007.041
1549564423712,1007.041
1549564423745,1007.041
1549564423763,1007.041
1549564423800,1007.0382
1549564423838,1007.0382
1549564423877,1007.0382
1549564423931,1007.0382
1549564423969,1007.03375
1549564423995,1007.03375
1549564424078,1007.03375
1549564424079,1007.03375
1549564424112,1007.033
1549564424161,1007.033
1549564424191,1007.033
1549564424221,1007.033
1549564424266,1007.02637
1549564424342,1007.02637
1549564424342,1007.02637
1549564424400,1007.02637
1549564424420,1007.0319
1549564424567,1007.0319
1549564424569,1007.03784
1549564424606,1007.03784
1549564424644,1007.03784
1549564424683,1007.03784
1549564424737,1007.03503
1549564424796,1007.03503
1549564424801,1007.03503
1549564424877,1007.03503
1549564424878,1007.03613
1549564424913,1007.03613
1549564424952,1007.03613
1549564424992,1007.03613
1549564425035,1007.0384
1549564425071,1007.0384
1549564425126,1007.0384
1549564425152,1007.0384
1549564425190,1007.0367
1549564425263,1007.0367
1549564425264,1007.0367
1549564425309,1007.0367
1549564425341,1007.0367
1549564425394,1007.03595
1549564425413,1007.03595
1549564425458,1007.03595
1549564425491,1007.03595
1549564425542,1007.0376
1549564425574,1007.0376
1549564425609,1007.0376
1549564425650,1007.0376
1549564425690,1007.0382
1549564425729,1007.0382
1549564425760,1007.0382
1549564425801,1007.0382
1549564425851,1007.03705
1549564425886,1007.03705
1549564425918,1007.03705
1549564425955,1007.03705
1549564426023,1007.03204
1549564426053,1007.03204
1549564426071,1007.03204
1549564426130,1007.03204
1549564426144,1007.02625
1549564426226,1007.02625
1549564426227,1007.02625
1549564426259,1007.02625
1549564426298,1007.02625
1549564426343,1007.02625
1549564426383,1007.02625
1549564426426,1007.02625
1549564426458,1007.0346
1549564426490,1007.0346
1549564426529,1007.0346
1549564426567,1007.0346
1549564426608,1007.03186
1549564426732,1007.03186
1549564426732,1007.03186
1549564426733,1007.03186
1549564426759,1007.0335
1549564426800,1007.0335
1549564426848,1007.0335
1549564426877,1007.0335
1549564426913,1007.02686
1549564426953,1007.02686
1549564426991,1007.02686
1549564427035,1007.02686
1549564427069,1007.0194
1549564427117,1007.0194
1549564427157,1007.0194
1549564427186,1007.0194
1549564427228,1007.0244
1549564427277,1007.0244
1549564427300,1007.0244
1549564427347,1007.0244
1549564427394,1007.0216
1549564427415,1007.0216
1549564427452,1007.0216
1549564427501,1007.0216
1549564427533,1007.01917
1549564427568,1007.01917
1549564427606,1007.01917
1549564427643,1007.01917
1549564427779,1007.0198
1549564427779,1007.0198
1549564427780,1007.0198
1549564427808,1007.0198
1549564427836,1007.0198
1549564427921,1007.0198
1549564427922,1007.0198
1549564427968,1007.0198
1549564427992,1007.0179
1549564428031,1007.0179
1549564428067,1007.0179
1549564428109,1007.0179
1549564428158,1007.02014
1549564428185,1007.02014
1549564428222,1007.02014
1549564428264,1007.02014
1549564428305,1007.01935
1549564428345,1007.01935
1549564428380,1007.01935
1549564428471,1007.01935
1549564428471,1007.0199
1549564428494,1007.0199
1549564428528,1007.0199
1549564428582,1007.0199
1549564428610,1007.0266
1549564428986,1007.0266
1549564428987,1007.0266
1549564428989,1007.0266
1549564428993,1007.0247
1549564428994,1007.0247
1549564428996,1007.0247
1549564428998,1007.0247
1549564428999,1007.02563
1549564429000,1007.02563
1549564429001,1007.02563
1549564429036,1007.02563
1549564429103,1007.0312
1549564429107,1007.0312
1549564429173,1007.0312
1549564429354,1007.0312
1549564429355,1007.03784
1549564429356,1007.03784
1549564429356,1007.03784
1549564429357,1007.03784
1549564430360,1007.03674
1549564430361,1007.03674
1549564430361,1007.03674
1549564430362,1007.03674
1549564430362,1007.0343
1549564430363,1007.0343
1549564430363,1007.0343
1549564430364,1007.0343
1549564430364,1007.04266
1549564430365,1007.04266
1549564430365,1007.04266
1549564430366,1007.04266
1549564430367,1007.0493
1549564430367,1007.0493
1549564430368,1007.0493
1549564430368,1007.0493
1549564430369,1007.0493
1549564430369,1007.0493
1549564430370,1007.0493
1549564430370,1007.0493
1549564430371,1007.0577
1549564430371,1007.0577
1549564430372,1007.0577
1549564430372,1007.0577
1549564430375,1007.0566
1549564430375,1007.0566
1549564430376,1007.0566
1549564430491,1007.0566
1549564430491,1007.0616
1549564430491,1007.0616
1549564430527,1007.0616
1549564430567,1007.0616
1549564430604,1007.06494
1549564430643,1007.06494
1549564430684,1007.06494
1549564430721,1007.06494
1549564430758,1007.05304
1549564430797,1007.05304
1549564430837,1007.05304
1549564430874,1007.05304
1549564430913,1007.04895
1549564430950,1007.04895
1549564430990,1007.04895
1549564431061,1007.04895
1549564431069,1007.05725
1549564431104,1007.05725
1549564431143,1007.05725
1549564431184,1007.05725
1549564431220,1007.06396
1549564431261,1007.06396
1549564431300,1007.06396
1549564431336,1007.06396
1549564431379,1007.0578
1549564431412,1007.0578
1549564431450,1007.0578
1549564431489,1007.0578
1549564431528,1007.06616
1549564431566,1007.06616
1549564431607,1007.06616
1549564431651,1007.06616
1549564431688,1007.0729
1549564431720,1007.0729
1549564431758,1007.0729
1549564431798,1007.0729
1549564431836,1007.0729
1549564431881,1007.0729
1549564431914,1007.0729
1549564431952,1007.0729
1549564431990,1007.07336
1549564432029,1007.07336
1549564432082,1007.07336
1549564432109,1007.07336
1549564432143,1007.06934
1549564432186,1007.06934
1549564432221,1007.06934
1549564432259,1007.06934
1549564432297,1007.0632
1549564432338,1007.0632
1549564432380,1007.0632
1549564432412,1007.0632
1549564432451,1007.0624
1549564432490,1007.0624
1549564432527,1007.0624
1549564432566,1007.0624
1549564432605,1007.0674
1549564432643,1007.0674
1549564432684,1007.0674
1549564432722,1007.0674
1549564432761,1007.0674
1549564432799,1007.0674
1549564432837,1007.0674
1549564432879,1007.0674
1549564432916,1007.0674
1549564432951,1007.05963
1549564432992,1007.05963
1549564433030,1007.05963
1549564433068,1007.05963
1549564433104,1007.05554
1549564433143,1007.05554
1549564433183,1007.05554
1549564433222,1007.05554
1549564433261,1007.04944
1549564433298,1007.04944
1549564433337,1007.04944
1549564433375,1007.04944
1549564433419,1007.04834
1549564433458,1007.04834
1549564433490,1007.04834
1549564433529,1007.04834
1549564433566,1007.04755
1549564433604,1007.04755
1549564433646,1007.04755
1549564433681,1007.04755
1549564433722,1007.04144
1549564433760,1007.04144
1549564433798,1007.04144
1549564433837,1007.04144
1549564433874,1007.04565
1549564433914,1007.04565
1549564433952,1007.04565
1549564433991,1007.04565
1549564434028,1007.03455
1549564434068,1007.03455
1549564434105,1007.03455
1549564434144,1007.03455
1549564434183,1007.0371
1549564434228,1007.0371
1549564434258,1007.0371
1549564434300,1007.0371
1549564434340,1007.0319
1549564434375,1007.0319
1549564434414,1007.0319
1549564434453,1007.0319
1549564434497,1007.03357
1549564434526,1007.03357
1549564434565,1007.03357
1549564434604,1007.03357
1549564434644,1007.0327
1549564434683,1007.0327
1549564434723,1007.0327
1549564434762,1007.0327
1549564434798,1007.0303
1549564434837,1007.0303
1549564434877,1007.0303
1549564434912,1007.0303
1549564434951,1007.02747
1549564434989,1007.02747
1549564435038,1007.02747
1549564435067,1007.02747
1549564435108,1007.03
1549564435146,1007.03
1549564435182,1007.03
1549564435220,1007.03
1549564435259,1007.02893
1549564435310,1007.02893
1549564435336,1007.02893
1549564435374,1007.02893
1549564435412,1007.0332
1549564435459,1007.0332
1549564435501,1007.0332
1549564435527,1007.0332
1549564435569,1007.0293
1549564435606,1007.0293
1549564435644,1007.0293
1549564435682,1007.0293
1549564435722,1007.01904
1549564435766,1007.01904
1549564435798,1007.01904
1549564435834,1007.01904
1549564435875,1007.0333
1549564435913,1007.0333
1549564435952,1007.0333
1549564435990,1007.0333
1549564436030,1007.0298
1549564436066,1007.0298
1549564436106,1007.0298
1549564436143,1007.0298
1549564436183,1007.03534
1549564436220,1007.03534
1549564436258,1007.03534
1549564436300,1007.03534
1549564436335,1007.0368
1549564436376,1007.0368
1549564436411,1007.0368
1549564436450,1007.0368
1549564436489,1007.0299
1549564436529,1007.0299
1549564436571,1007.0299
1549564436604,1007.0299
1549564436642,1007.0281
1549564436683,1007.0281
1549564436719,1007.0281
1549564436759,1007.0281
1549564436798,1007.0353
1549564436835,1007.0353
1549564436873,1007.0353
1549564436913,1007.0353
1549564436962,1007.0375
1549564436991,1007.0375
1549564437031,1007.0375
1549564437068,1007.0375
1549564437108,1007.02563
1549564437144,1007.02563
1549564437183,1007.02563
1549564437228,1007.02563
1549564437260,1007.0215
1549564437315,1007.0215
1549564437340,1007.0215
1549564437372,1007.0215
1549564437411,1007.0263
1549564437449,1007.0263
1549564437490,1007.0263
1549564437528,1007.0263
1549564437573,1007.0278
1549564437603,1007.0278
1549564437644,1007.0278
1549564437681,1007.0278
1549564437719,1007.02313
1549564437758,1007.02313
1549564437798,1007.02313
1549564437835,1007.02313
1549564437873,1007.0287
1549564437913,1007.0287
1549564437952,1007.0287
1549564438002,1007.0287
1549564438027,1007.0346
1549564438067,1007.0346
1549564438105,1007.0346
1549564438144,1007.0346
1549564438183,1007.0361
1549564438222,1007.0361
1549564438258,1007.0361
1549564438296,1007.0361
1549564438335,1007.03217
1549564438375,1007.03217
1549564438413,1007.03217
1549564438451,1007.03217
1549564438490,1007.0286
1549564438528,1007.0286
1549564438566,1007.0286
1549564438607,1007.0286
1549564438642,1007.02844
1549564438683,1007.02844
1549564438719,1007.02844
1549564438759,1007.02844
1549564438796,1007.02655
1549564438834,1007.02655
1549564438873,1007.02655
1549564438911,1007.02655
1549564438951,1007.02356
1549564438989,1007.02356
1549564439064,1007.02356
1549564439080,1007.02356
1549564439106,1007.03357
1549564439142,1007.03357
1549564439180,1007.03357
1549564439223,1007.03357
1549564439258,1007.03
1549564439297,1007.03
1549564439335,1007.03
1549564439373,1007.03
1549564439414,1007.0298
1549564439449,1007.0298
1549564439488,1007.0298
1549564439574,1007.0298
1549564439577,1007.0218
1549564439604,1007.0218
1549564439649,1007.0218
1549564439689,1007.0218
1549564439723,1007.02606
1549564439758,1007.02606
1549564439800,1007.02606
1549564439834,1007.02606
1549564439874,1007.0258
1549564439910,1007.0258
1549564439957,1007.0258
1549564439988,1007.0258
1549564440030,1007.0162
1549564440066,1007.0162
1549564440112,1007.0162
1549564440141,1007.0162
1549564440182,1007.0193
1549564440221,1007.0193
1549564440257,1007.0193
1549564440297,1007.0193
1549564440336,1007.0241
1549564440372,1007.0241
1549564440411,1007.0241
1549564440449,1007.0241
1549564440491,1007.0241
1549564440537,1007.02277
1549564440565,1007.02277
1549564440605,1007.02277
1549564440642,1007.02277
1549564440682,1007.0215
1549564440719,1007.0215
1549564440760,1007.0215
1549564440798,1007.0215
1549564440835,1007.0146
1549564440873,1007.0146
1549564440911,1007.0146
1549564440951,1007.0146
1549564440987,1007.0127
1549564441027,1007.0127
1549564441065,1007.0127
1549564441103,1007.0127
1549564441172,1007.0166
1549564441179,1007.0166
1549564441219,1007.0166
1549564441259,1007.0166
1549564441296,1007.0147
1549564441334,1007.0147
1549564441374,1007.0147
1549564441411,1007.0147
1549564441450,1007.02454
1549564441488,1007.02454
1549564441537,1007.02454
1549564441565,1007.02454
1549564441604,1007.01855
1549564441645,1007.01855
1549564441681,1007.01855
1549564441720,1007.01855
1549564441757,1007.02466
1549564441819,1007.02466
1549564441858,1007.02466
1549564441883,1007.02466
1549564441910,1007.0244
1549564441953,1007.0244
1549564441999,1007.0244
1549564442041,1007.0244
1549564442070,1007.0287
1549564442106,1007.0287
1549564442140,1007.0287
1549564442179,1007.0287
1549564442217,1007.03345
1549564442256,1007.03345
1549564442329,1007.03345
1549564442379,1007.03345
1549564442379,1007.0288
1549564442409,1007.0288
1549564442452,1007.0288
1549564442499,1007.0288
1549564442525,1007.036
1549564442563,1007.036
1549564442606,1007.036
1549564442640,1007.036
1549564442678,1007.03503
1549564442721,1007.03503
1549564442756,1007.03503
1549564442795,1007.03503
1549564442833,1007.0345
1549564442871,1007.0345
1549564442910,1007.0345
1549564442950,1007.0345
1549564442987,1007.0454
1549564443033,1007.0454
1549564443066,1007.0454
1549564443103,1007.0454
1549564443140,1007.0469
1549564443178,1007.0469
1549564443217,1007.0469
1549564443257,1007.0469
1549564443299,1007.04333
1549564443333,1007.04333
1549564443373,1007.04333
1549564443438,1007.04333
1549564443451,1007.0394
1549564443493,1007.0394
1549564443526,1007.0394
1549564443569,1007.0394
1549564443601,1007.03253
1549564443661,1007.03253
1549564443678,1007.03253
1549564443718,1007.03253
1549564443756,1007.03674
1549564443794,1007.03674
1549564443833,1007.03674
1549564443873,1007.03674
1549564443911,1007.0338
1549564443949,1007.0338
1549564443987,1007.0338
1549564444025,1007.0338
1549564444074,1007.0308
1549564444102,1007.0308
1549564444139,1007.0308
1549564444178,1007.0308
1549564444221,1007.0306
1549564444258,1007.0306
1549564444296,1007.0306
1549564444333,1007.0306
1549564444381,1007.0287
1549564444411,1007.0287
1549564444451,1007.0287
1549564444487,1007.0287
1549564444525,1007.02686
1549564444565,1007.02686
1549564444603,1007.02686
1549564444643,1007.02686
1549564444679,1007.0216
1549564444718,1007.0216
1549564444756,1007.0216
1549564444796,1007.0216
1549564444838,1007.0247
1549564444882,1007.0247
1549564444912,1007.0247
1549564444951,1007.0247
1549564444987,1007.0262
1549564445032,1007.0262
1549564445064,1007.0262
1549564445104,1007.0262
1549564445148,1007.0223
1549564445179,1007.0223
1549564445224,1007.0223
1549564445256,1007.0223
1549564445298,1007.0171
1549564445337,1007.0171
1549564445372,1007.0171
1549564445410,1007.0171
1549564445448,1007.00775
1549564445488,1007.00775
1549564445525,1007.00775
1549564445565,1007.00775
1549564445605,1007.0022
1549564445640,1007.0022
1549564445683,1007.0022
1549564445717,1007.0022
1549564445758,1007.0114
1549564445794,1007.0114
1549564445834,1007.0114
1549564445880,1007.0114
1549564445923,1007.0095
1549564445948,1007.0095
1549564445987,1007.0095
1549564446026,1007.0095
1549564446067,1007.01013
1549564446101,1007.01013
1549564446143,1007.01013
1549564446183,1007.01013
1549564446218,1007.01324
1549564446259,1007.01324
1549564446295,1007.01324
1549564446333,1007.01324
1549564446371,1007.0158
1549564446410,1007.0158
1549564446451,1007.0158
1549564446487,1007.0158
1549564446543,1007.01855
1549564446562,1007.01855
1549564446601,1007.01855
1549564446639,1007.01855
1549564446679,1007.02
1549564446717,1007.02
1549564446755,1007.02
1549564446794,1007.02
1549564446834,1007.01984
1549564446872,1007.01984
1549564446911,1007.01984
1549564446956,1007.01984
1549564446990,1007.01904
1549564447024,1007.01904
1549564447062,1007.01904
1549564447104,1007.01904
1549564447140,1007.01514
1549564447178,1007.01514
1549564447216,1007.01514
1549564447256,1007.01514
1549564447294,1007.01605
1549564447333,1007.01605
1549564447371,1007.01605
1549564447410,1007.01605
1549564447450,1007.0209
1549564447488,1007.0209
1549564447533,1007.0209
1549564447041,1007.0209
1549564447080,1007.019
1549564447119,1007.019
1549564447164,1007.019
1549564447212,1007.019
1549564447035,1007.01843
1549564447074,1007.01843
1549564447117,1007.01843
1549564447150,1007.01843
1549564447216,1007.026
1549564447228,1007.026
1549564447269,1007.026
1549564447304,1007.026
1549564447373,1007.026
1549564447381,1007.0224
1549564447420,1007.0224
1549564447457,1007.0224
1549564447497,1007.0224
1549564447535,1007.0222
1549564447577,1007.0222
1549564447613,1007.0222
1549564447651,1007.0222
1549564447690,1007.02277
1549564447729,1007.02277
1549564447766,1007.02277
1549564447806,1007.02277
1549564447843,1007.0209
1549564447882,1007.0209
1549564447921,1007.0209
1549564447968,1007.0209
1549564448027,1007.0214
1549564448046,1007.0214
1549564448096,1007.0214
1549564448129,1007.0214
1549564448153,1007.01953
1549564448227,1007.01953
1549564448227,1007.01953
1549564448265,1007.01953
1549564448304,1007.0288
1549564448345,1007.0288
1549564448381,1007.0288
1549564448419,1007.0288
1549564448458,1007.0327
1549564448497,1007.0327
1549564448536,1007.0327
1549564448573,1007.0327
1549564448612,1007.0319
1549564448649,1007.0319
1549564448688,1007.0319
1549564448727,1007.0319
1549564448768,1007.0325
1549564448804,1007.0325
1549564448842,1007.0325
1549564448880,1007.0325
1549564448919,1007.0256
1549564448958,1007.0256
1549564448996,1007.0256
1549564449056,1007.0256
1549564449073,1007.02783
1549564449111,1007.02783
1549564449150,1007.02783
1549564449187,1007.02783
1549564449226,1007.0204
1549564449267,1007.0204
1549564449306,1007.0204
1549564449347,1007.0204
1549564449387,1007.0237
1549564449421,1007.0237
1549564449457,1007.0237
1549564449499,1007.0237
1549564449537,1007.02594
1549564449574,1007.02594
1549564449614,1007.02594
1549564449659,1007.02594
1549564449693,1007.0268
1549564449728,1007.0268
1549564449773,1007.0268
1549564449806,1007.0268
1549564449842,1007.0246
1549564449889,1007.0246
1549564449926,1007.0246
1549564449959,1007.0246
1549564449999,1007.0346
1549564450034,1007.0346
1549564450073,1007.0346
1549564450115,1007.0346
1549564450150,1007.03217
1549564450191,1007.03217
1549564450229,1007.03217
1549564450264,1007.03217
1549564450307,1007.031
1549564450343,1007.031
1549564450383,1007.031
1549564450423,1007.031
1549564450459,1007.0303
1549564450498,1007.0303
1549564450536,1007.0303
1549564450576,1007.0303
1549564450613,1007.0358
1549564450652,1007.0358
1549564450694,1007.0358
1549564450729,1007.0358
1549564450768,1007.03503
1549564450806,1007.03503
1549564450846,1007.03503
1549564450910,1007.03503
1549564450927,1007.03894
1549564450957,1007.03894
1549564450995,1007.03894
1549564451035,1007.03894
1549564451074,1007.04065
1549564451113,1007.04065
1549564451151,1007.04065
1549564451196,1007.04065
1549564451228,1007.0354
1549564451267,1007.0354
1549564451305,1007.0354
1549564451343,1007.0354
1549564451381,1007.03595
1549564451420,1007.03595
1549564451467,1007.03595
1549564451496,1007.03595
1549564451536,1007.02905
1549564451578,1007.02905
1549564451612,1007.02905
1549564451650,1007.02905
1549564451692,1007.0266
1549564451731,1007.0266
1549564451766,1007.0266
1549564451804,1007.0266
1549564451842,1007.0289
1549564451881,1007.0289
1549564451920,1007.0289
1549564451961,1007.0289
1549564451997,1007.0347
1549564452034,1007.0347
1549564452077,1007.0347
1549564452112,1007.0347
1549564452151,1007.0353
1549564452196,1007.0353
1549564452230,1007.0353
1549564452265,1007.0353
1549564452302,1007.0309
1549564452341,1007.0309
1549564452380,1007.0309
1549564452420,1007.0309
1549564452458,1007.0301
1549564452497,1007.0301
1549564452535,1007.0301
1549564452575,1007.0301
1549564452615,1007.0299
1549564452651,1007.0299
1549564452690,1007.0299
1549564452729,1007.0299
1549564452766,1007.0304
1549564452806,1007.0304
1549564452842,1007.0304
1549564452889,1007.0304
1549564452918,1007.02856
1549564452959,1007.02856
1549564452997,1007.02856
1549564453037,1007.02856
1549564453104,1007.02905
1549564453111,1007.02905
1549564453149,1007.02905
1549564453192,1007.02905
1549564453228,1007.03906
1549564453270,1007.03906
1549564453305,1007.03906
1549564453343,1007.03906
1549564453380,1007.0383
1549564453420,1007.0383
1549564453458,1007.0383
1549564453497,1007.0383
1549564453537,1007.0278
1549564453577,1007.0278
1549564453612,1007.0278
1549564453656,1007.0278
1549564453692,1007.02496
1549564453729,1007.02496
1549564453772,1007.02496
1549564453805,1007.02496
1549564453842,1007.0309
1549564453882,1007.0309
1549564453920,1007.0309
1549564453957,1007.0309
1549564453997,1007.0337
1549564454040,1007.0337
1549564454075,1007.0337
1549564454113,1007.0337
1549564454149,1007.0412
1549564454187,1007.0412
1549564454226,1007.0412
1549564454321,1007.0412
1549564454322,1007.04175
1549564454341,1007.04175
1549564454380,1007.04175
1549564454421,1007.04175
1549564454459,1007.0449
1549564454496,1007.0449
1549564454533,1007.0449
1549564454572,1007.0449
1549564454613,1007.0458
1549564454649,1007.0458
1549564454697,1007.0458
1549564454733,1007.0458
1549564454763,1007.0475
1549564454808,1007.0475
1549564454842,1007.0475
1549564454880,1007.0475
1549564454921,1007.0441
1549564454959,1007.0352
1549564454995,1007.0352
1549564455033,1007.0352
1549564455073,1007.0352
1549564455114,1007.03613
1549564455154,1007.03613
1549564455190,1007.03613
1549564455227,1007.03613
1549564455264,1007.0383
1549564455302,1007.0383
1549564455342,1007.0383
1549564455381,1007.0383
1549564455418,1007.03925
1549564455457,1007.03925
1549564455494,1007.03925
1549564455536,1007.03925
1549564455573,1007.0357
1549564455611,1007.0357
1549564455652,1007.0357
1549564455688,1007.0357
1549564455726,1007.03546
1549564455764,1007.03546
1549564455804,1007.03546
1549564455842,1007.03546
1549564455881,1007.0444
1549564455949,1007.0444
1549564455963,1007.0444
1549564455996,1007.0444
1549564456032,1007.0399
1549564456072,1007.0399
1549564456111,1007.0399
1549564456149,1007.0399
1549564456192,1007.0364
1549564456225,1007.0364
1549564456264,1007.0364
1549564456302,1007.0364
1549564456342,1007.0356
1549564456381,1007.0356
1549564456419,1007.0356
1549564456457,1007.0356
1549564456496,1007.04114
1549564456534,1007.04114
1549564456572,1007.04114
1549564456613,1007.04114
1549564456649,1007.0437
1549564456693,1007.0437
1549564456728,1007.0437
1549564456775,1007.0437
1549564456803,1007.04926
1549564456843,1007.04926
1549564456879,1007.04926
1549564456920,1007.04926
1549564456958,1007.0457
1549564456995,1007.0457
1549564457034,1007.0457
1549564457074,1007.0457
1549564457112,1007.04407
1549564457150,1007.04407
1549564457188,1007.04407
1549564457230,1007.04407
1549564457264,1007.0396
1549564457328,1007.0396
1549564457342,1007.0396
1549564457382,1007.0396
1549564457422,1007.0388
1549564457457,1007.0388
1549564457498,1007.0388
1549564457536,1007.0388
1549564457572,1007.0242
1549564457615,1007.0242
1549564457651,1007.0242
1549564457687,1007.0242
1549564457727,1007.0258
1549564457765,1007.0258
1549564457806,1007.0258
1549564457843,1007.0258
1549564457880,1007.0247
1549564457922,1007.0247
1549564457956,1007.0247
1549564457996,1007.0247
1549564458036,1007.0314
1549564458071,1007.0314
1549564458111,1007.0314
1549564458149,1007.0314
1549564458187,1007.03394
1549564458229,1007.03394
1549564458264,1007.03394
1549564458305,1007.03394
1549564458350,1007.04224
1549564458380,1007.04224
1549564458419,1007.04224
1549564458458,1007.04224
1549564458497,1007.04114
1549564458535,1007.04114
1549564458573,1007.04114
1549564458648,1007.04114
1549564458677,1007.03595
1549564458693,1007.03595
1549564458727,1007.03595
1549564458765,1007.03595
1549564458801,1007.0285
1549564458841,1007.0285
1549564458879,1007.0285
1549564458916,1007.0285
1549564458955,1007.0246
1549564458996,1007.0246
1549564459032,1007.0246
1549564459070,1007.0246
1549564459116,1007.02716
1549564459147,1007.02716
1549564459186,1007.02716
1549564459226,1007.02716
1549564459282,1007.02606
1549564459301,1007.02606
1549564459340,1007.02606
1549564459379,1007.02606
1549564459426,1007.0286
1549564459456,1007.0286
1549564459493,1007.0286
1549564459533,1007.0286
1549564459570,1007.0292
1549564459608,1007.0292
1549564459652,1007.0292
1549564459686,1007.0292
1549564459724,1007.0284
1549564459762,1007.0284
1549564459801,1007.0284
1549564459843,1007.0284
1549564459880,1007.0273
1549564459917,1007.0273
1549564459955,1007.0273
1549564459994,1007.0273
1549564460032,1007.0382
1549564460071,1007.0382
1549564460109,1007.0382
1549564460149,1007.0382
1549564460190,1007.03705
1549564460224,1007.03705
1549564460264,1007.03705
1549564460306,1007.03705
1549564460350,1007.03516
1549564460378,1007.03516
1549564460419,1007.03516
1549564460456,1007.03516
1549564460495,1007.0316
1549564460534,1007.0316
1549564460571,1007.0316
1549564460610,1007.0316
1549564460648,1007.02716
1549564460688,1007.02716
1549564460727,1007.02716
1549564460765,1007.02716
1549564460803,1007.0297
1549564460847,1007.0297
1549564460889,1007.0297
1549564460920,1007.0297
1549564460957,1007.0258
1549564460994,1007.0258
1549564461032,1007.0258
1549564461070,1007.0258
1549564461118,1007.0206
1549564461148,1007.0206
1549564461186,1007.0206
1549564461224,1007.0206
1549564461263,1007.0173
1549564461302,1007.0173
1549564461342,1007.0173
1549564461379,1007.0173
1549564461416,1007.01373
1549564461456,1007.01373
1549564461493,1007.01373
1549564461534,1007.01373
1549564461571,1007.01794
1549564461610,1007.01794
1549564461648,1007.01794
1549564461693,1007.01794
1549564461724,1007.01074
1549564461764,1007.01074
1549564461806,1007.01074
1549564461839,1007.01074
1549564461884,1007.01996
1549564461918,1007.01996
1549564461957,1007.01996
1549564461995,1007.01996
1549564462034,1007.0205
1549564462074,1007.0205
1549564462111,1007.0205
1549564462149,1007.0205
1549564462190,1007.02136
1549564462228,1007.02136
1549564462264,1007.02136
1549564462322,1007.02136
1549564462340,1007.0228
1549564462379,1007.0228
1549564462417,1007.0228
1549564462455,1007.0228
1549564462494,1007.0139
1549564462544,1007.0139
1549564462572,1007.0139
1549564462614,1007.0139
1549564462647,1007.0139
1549564462686,1007.0132
1549564462724,1007.0132
1549564462764,1007.0132
1549564462802,1007.0132
1549564462842,1007.0154
1549564462878,1007.0154
1549564462918,1007.0154
1549564462955,1007.0154
1549564462994,1007.0163
1549564463033,1007.0163
1549564463074,1007.0163
1549564463110,1007.0163
1549564463146,1007.01184
1549564463186,1007.01184
1549564463224,1007.01184
1549564463262,1007.01184
1549564463302,1007.0152
1549564463339,1007.0152
1549564463380,1007.0152
1549564463418,1007.0152
1549564463455,1007.01776
1549564463494,1007.01776
1549564463534,1007.01776
1549564463571,1007.01776
1549564463611,1007.01416
1549564463648,1007.01416
1549564463690,1007.01416
1549564463723,1007.01416
1549564463763,1007.01807
1549564463801,1007.01807
1549564463839,1007.01807
1549564463879,1007.01807
1549564463918,1007.01526
1549564463956,1007.01526
1549564463995,1007.01526
1549564464033,1007.01526
1549564464071,1007.0178
1549564464109,1007.0178
1549564464151,1007.0178
1549564464186,1007.0178
1549564464224,1007.0117
1549564464263,1007.0117
1549564464301,1007.0117
1549564464340,1007.0117
1549564464378,1007.0043
1549564464418,1007.0043
1549564464477,1007.0043
1549564464498,1007.0043
1549564464533,1006.9999
1549564464571,1006.9999
1549564464610,1006.9999
1549564464649,1006.9999
1549564464686,1007.00073
1549564464748,1007.00073
1549564464765,1007.00073
1549564464801,1007.00073
1549564464839,1007.0029
1549564464879,1007.0029
1549564464918,1007.0029
1549564464956,1007.0029
1549564464998,1006.9983
1549564465033,1006.9983
1549564465071,1006.9983
1549564465110,1006.9983
1549564465148,1006.99915
1549564465190,1006.99915
1549564465226,1006.99915
1549564465263,1006.99915
1549564465304,1006.9964
1549564465340,1006.9964
1549564465380,1006.9964
1549564465417,1006.9964
1549564465456,1006.9956
1549564465494,1006.9956
1549564465532,1006.9956
1549564465569,1006.9956
1549564465610,1006.99005
1549564465651,1006.99005
1549564465697,1006.99005
1549564465740,1006.99005
1549564465764,1006.9876
1549564465804,1006.9876
1549564465839,1006.9876
1549564465877,1006.9876
1549564465915,1006.9865
1549564465953,1006.9865
1549564465993,1006.9865
1549564466031,1006.9865
1549564466068,1006.9863
1549564466106,1006.9863
1549564466146,1006.9863
1549564466196,1006.9863
1549564466222,1006.9844
1549564466261,1006.9844
1549564466299,1006.9844
1549564466338,1006.9844
1549564466376,1006.98364
1549564466416,1006.98364
1549564466453,1006.98364
1549564466492,1006.98364
1549564466534,1006.9792
1549564466570,1006.9792
1549564466608,1006.9792
1549564466650,1006.9792
1549564466685,1006.978
1549564466723,1006.978
1549564466765,1006.978
1549564466800,1006.978
1549564466843,1006.97894
1549564466877,1006.97894
1549564466915,1006.97894
1549564466955,1006.97894
1549564467040,1006.97705
1549564467041,1006.97705
1549564467100,1006.97705
1549564467108,1006.97705
1549564467148,1006.97925
1549564467186,1006.97925
1549564467231,1006.97925
1549564467274,1006.97925
1549564467317,1006.9785
1549564467339,1006.9785
1549564467428,1006.9785
1549564467428,1006.9785
1549564467457,1006.97906
1549564467491,1006.97906
1549564467543,1006.97906
1549564467590,1006.97906
1549564467608,1006.9796
1549564467654,1006.9796
1549564467695,1006.9796
1549564467722,1006.9796
1549564467765,1006.97437
1549564467823,1006.97437
1549564467840,1006.97437
1549564467876,1006.97437
1549564467915,1006.97437
1549564467952,1006.97437
1549564467992,1006.97437
1549564468037,1006.97437
1549564468078,1006.9753
1549564468110,1006.9753
1549564468148,1006.9753
1549564468208,1006.9753
1549564468229,1006.97253
1549564468279,1006.97253
1549564468299,1006.97253
1549564468343,1006.97253
1549564468376,1006.9651
1549564468414,1006.9651
1549564468457,1006.9651
1549564468491,1006.9651
1549564468532,1006.959
1549564468569,1006.959
1549564468606,1006.959
1549564468644,1006.959
1549564468694,1006.9684
1549564468734,1006.9684
1549564468765,1006.9684
1549564468805,1006.9684
1549564468837,1006.96564
1549564468875,1006.96564
1549564468914,1006.96564
1549564468952,1006.96564
1549564468991,1006.9751
1549564469029,1006.9751
1549564469072,1006.9751
1549564469109,1006.9751
1549564469145,1006.9684
1549564469183,1006.9684
1549564469221,1006.9684
1549564469260,1006.9684
1549564469299,1006.9701
1549564469338,1006.9701
1549564469376,1006.9701
1549564469414,1006.9701
1549564469456,1006.97253
1549564469491,1006.97253
1549564469529,1006.97253
1549564469569,1006.97253
1549564469606,1006.9686
1549564469653,1006.9686
1549564469683,1006.9686
1549564469721,1006.9686
1549564469766,1006.97107
1549564469798,1006.97107
1549564469837,1006.97107
1549564469877,1006.97107
1549564469919,1006.97797
1549564469953,1006.97797
1549564469991,1006.97797
1549564470030,1006.97797
1549564470068,1006.9824
1549564470107,1006.9824
1549564470146,1006.9824
1549564470184,1006.9824
1549564470222,1006.9868
1549564470263,1006.9868
1549564470309,1006.9868
1549564470339,1006.9868
1549564470377,1006.9868
1549564470415,1006.99097
1549564470459,1006.99097
1549564470492,1006.99097
1549564470532,1006.99097
1549564470570,1006.9887
1549564470607,1006.9887
1549564470647,1006.9887
1549564470684,1006.9887
1549564470721,1006.9845
1549564470761,1006.9845
1549564470800,1006.9845
1549564470837,1006.9845
1549564470877,1006.9812
1549564470916,1006.9812
1549564470952,1006.9812
1549564470997,1006.9812
1549564471031,1006.97894
1549564471068,1006.97894
1549564471108,1006.97894
1549564471147,1006.97894
1549564471186,1006.9764
1549564471225,1006.9764
1549564471261,1006.9764
1549564471301,1006.9764
1549564471339,1006.9803
1549564471378,1006.9803
1549564471436,1006.9803
1549564471453,1006.9803
1549564471491,1006.9777
1549564471530,1006.9777
1549564471567,1006.9777
1549564471607,1006.9777
1549564471646,1006.9813
1549564471683,1006.9813
1549564471724,1006.9813
1549564471762,1006.9813
1549564471800,1006.97406
1549564471843,1006.97406
1549564471880,1006.97406
1549564471923,1006.97406
1549564471953,1006.97314
1549564471992,1006.97314
1549564472038,1006.97314
1549564472073,1006.97314
1549564472105,1006.9751
1549564472145,1006.9751
1549564472185,1006.9751
1549564472224,1006.9751
1549564472260,1006.9773
1549564472305,1006.9773
1549564472361,1006.9773
1549564472388,1006.9773
1549564472416,1006.9764
1549564472452,1006.9764
1549564472490,1006.9764
1549564472535,1006.9764
1549564472568,1006.9708
1549564472607,1006.9708
1549564472645,1006.9708
1549564472685,1006.9708
1549564472724,1006.97
1549564472760,1006.97
1549564472803,1006.97
1549564472839,1006.97
1549564472880,1006.9677
1549564472914,1006.9677
1549564472953,1006.9677
1549564472997,1006.9677
1549564473030,1006.96185
1549564473068,1006.96185
1549564473106,1006.96185
1549564473146,1006.96185
1549564473184,1006.96075
1549564473222,1006.96075
1549564473260,1006.96075
1549564473311,1006.96075
1549564473337,1006.9665
1549564473374,1006.9665
1549564473413,1006.9665
1549564473451,1006.9665
1549564473494,1006.96094
1549564473529,1006.96094
1549564473569,1006.96094
1549564473608,1006.96094
1549564473648,1006.95764
1549564473688,1006.95764
1549564473722,1006.95764
1549564473762,1006.95764
1549564473799,1006.9584
1549564473838,1006.9584
1549564473876,1006.9584
1549564473917,1006.9584
1549564473953,1006.9645
1549564473991,1006.9645
1549564474029,1006.9645
1549564474068,1006.9645
1549564474108,1006.9595
1549564474145,1006.9595
1549564474185,1006.9595
1549564474221,1006.9595
1549564474261,1006.9586
1549564474298,1006.9586
1549564474338,1006.9586
1549564474375,1006.9586
1549564474414,1006.9636
1549564474452,1006.9636
1549564474493,1006.9636
1549564474529,1006.9636
1549564474572,1006.96027
1549564474605,1006.96027
1549564474644,1006.96027
1549564474688,1006.96027
1549564474720,1006.95526
1549564474761,1006.95526
1549564474798,1006.95526
1549564474837,1006.95526
1549564474877,1006.95197
1549564474916,1006.95197
1549564474955,1006.95197
1549564474996,1006.95197
1549564475029,1006.9495
1549564475068,1006.9495
1549564475109,1006.9495
1549564475146,1006.9495
1549564475185,1006.9512
1549564475224,1006.9512
1549564475259,1006.9512
1549564475298,1006.9512
1549564475368,1006.9551
1549564475382,1006.9551
1549564475039,1006.9551
1549564475099,1006.9551
1549564475117,1006.96173
1549564475164,1006.96173
1549564475193,1006.96173
1549564476370,1006.96173
1549564476371,1006.96265
1549564476372,1006.96265
1549564476372,1006.96265
1549564476373,1006.96265
1549564476373,1006.96484
1549564476374,1006.96484
1549564476522,1006.96484
1549564476523,1006.96484
1549564476523,1006.96405
1549564476524,1006.96405
1549564476567,1006.96405
1549564476590,1006.96405
1549564476632,1006.96906
1549564476658,1006.96906
1549564476703,1006.96906
1549564476759,1006.96906
1549564476775,1006.9713
1549564476824,1006.9713
1549564476871,1006.9713
1549564476892,1006.9713
1549564476932,1006.9685
1549564476971,1006.9685
1549564477016,1006.9685
1549564477042,1006.9685
1549564477083,1006.9694
1549564477175,1006.9694
1549564477185,1006.9694
1549564477281,1006.9694
1549564477281,1006.97327
1549564477282,1006.97327
1549564477361,1006.97327
1549564477361,1006.97327
1549564477399,1006.9792
1549564477431,1006.9792
1549564477465,1006.9792
1549564477503,1006.9792
1549564477542,1006.9764
1549564477586,1006.9764
1549564477621,1006.9764
1549564477658,1006.9764
1549564477695,1006.9662
1549564477736,1006.9662
1549564477774,1006.9662
1549564477811,1006.9662
1549564477849,1006.96674
1549564477959,1006.96674
1549564477959,1006.96674
1549564477966,1006.96674
1549564478010,1006.96594
1549564478042,1006.96594
1549564478079,1006.96594
1549564478118,1006.96594
1549564478157,1006.9591
1549564478196,1006.9591
1549564478235,1006.9591
1549564478276,1006.9591
1549564478316,1006.9563
1549564478356,1006.9563
1549564478390,1006.9563
1549564478429,1006.9563
1549564478465,1006.9563
1549564478504,1006.95715
1549564478543,1006.95715
1549564478581,1006.95715
1549564478620,1006.95715
1549564478661,1006.962
1549564478702,1006.962
1549564478733,1006.962
1549564478774,1006.962
1549564478821,1006.95917
1549564478849,1006.95917
1549564478892,1006.95917
1549564478926,1006.95917
1549564478969,1006.9573
1549564479003,1006.9573
1549564479041,1006.9573
1549564479081,1006.9573
1549564479119,1006.9595
1549564479157,1006.9595
1549564479200,1006.9595
1549564479234,1006.9595
1549564479273,1006.96375
1549564479311,1006.96375
1549564479352,1006.96375
1549564479387,1006.96375
1549564479428,1006.9602
1549564479464,1006.9602
1549564479503,1006.9602
1549564479543,1006.9602
1549564479583,1006.9607
1549564479619,1006.9607
1549564479658,1006.9607
1549564479696,1006.9607
1549564479737,1006.9696
1549564479772,1006.9696
1549564479812,1006.9696
1549564479855,1006.9696
1549564479896,1006.9627
1549564479933,1006.9627
1549564479966,1006.9627
1549564480003,1006.9627
1549564480041,1006.9603
1549564480081,1006.9603
1549564480120,1006.9603
1549564480157,1006.9603
1549564480205,1006.9517
1549564480235,1006.9517
1549564480295,1006.9517
1549564480312,1006.9517
1549564480348,1006.9517
1549564480388,1006.9517
1549564480426,1006.9517
1549564480465,1006.9517
1549564480502,1006.9517
1549564480544,1006.9517
1549564480581,1006.9517
1549564480618,1006.9517
1549564480658,1006.95337
1549564480695,1006.95337
1549564480733,1006.95337
1549564480772,1006.95337
1549564480811,1006.9501
1549564480850,1006.9501
1549564480896,1006.9501
1549564480926,1006.9501
1549564480964,1006.94836
1549564481002,1006.94836
1549564481041,1006.94836
1549564481117,1006.94836
1549564481176,1006.9467
1549564481177,1006.9467
1549564481195,1006.9467
1549564481235,1006.9467
1549564481272,1006.9503
1549564481317,1006.9503
1549564481351,1006.9503
1549564481419,1006.9503
1549564481452,1006.9555
1549564481470,1006.9555
1549564481506,1006.9555
1549564481554,1006.9555
1549564481579,1006.9563
1549564481618,1006.9563
1549564481661,1006.9563
1549564481716,1006.9563
1549564481733,1006.95575
1549564481772,1006.95575
1549564481812,1006.95575
1549564481858,1006.95575
1549564481888,1006.95685
1549564481925,1006.95685
1549564481963,1006.95685
1549564482017,1006.95685
1549564482042,1006.9593
1549564482133,1006.9593
1549564482133,1006.9593
1549564482161,1006.9593
1549564482195,1006.9645
1549564482234,1006.9645
1549564482272,1006.9645
1549564482311,1006.9645
1549564482350,1006.96643
1549564482387,1006.96643
1549564482426,1006.96643
1549564482466,1006.96643
1549564482503,1006.9677
1549564482545,1006.9677
1549564482581,1006.9677
1549564482619,1006.9677
1549564482658,1006.9713
1549564482713,1006.9713
1549564482735,1006.9713
1549564482772,1006.9713
1549564482812,1006.9776
1549564482851,1006.9776
1549564482890,1006.9776
1549564482926,1006.9776
1549564482973,1006.98395
1549564483006,1006.98395
1549564483061,1006.98395
1549564483093,1006.98395
1549564483119,1006.9933
1549564483162,1006.9933
1549564483196,1006.9933
1549564483243,1006.9933
1549564483273,1006.9963
1549564483309,1006.9963
1549564483354,1006.9963
1549564483387,1006.9963
1549564483428,1006.99927
1549564483474,1006.99927
1549564483552,1006.99927
1549564483552,1006.99927
1549564483581,1006.9953
1549564483618,1006.9953
1549564483665,1006.9953
1549564483694,1006.9953
1549564483732,1006.9983
1549564483772,1006.9983
1549564483809,1006.9983
1549564483857,1006.9983
1549564483886,1006.99963
1549564483927,1006.99963
1549564483963,1006.99963
1549564484003,1006.99963
1549564484040,1007.0084
1549564484078,1007.0084
1549564484119,1007.0084
1549564484156,1007.0084
1549564484205,1007.00885
1549564484233,1007.00885
1549564484273,1007.00885
1549564484313,1007.00885
1549564484350,1007.01465
1549564484386,1007.01465
1549564484427,1007.01465
1549564484465,1007.01465
1549564484503,1007.0184
1549564484543,1007.0184
1549564484581,1007.0184
1549564484629,1007.0184
1549564484659,1007.01715
1549564484694,1007.01715
1549564484736,1007.01715
1549564484773,1007.01715
1549564484814,1007.0126
1549564484849,1007.0126
1549564484889,1007.0126
1549564484926,1007.0126
1549564484968,1007.01746
1549564485003,1007.01746
1549564485073,1007.01746
1549564485081,1007.01746
1549564485117,1007.0146
1549564485159,1007.0146
1549564485195,1007.0146
1549564485238,1007.0146
1549564485273,1007.0195
1549564485310,1007.0195
1549564485348,1007.0195
1549564485386,1007.0195
1549564485425,1007.0025
1549564485464,1007.0025
1549564485511,1007.0025
1549564485542,1007.0025
1549564485582,1006.9907
1549564485620,1006.9907
1549564485657,1006.9907
1549564485696,1006.9907
1549564485733,1006.9745
1549564485774,1006.9745
1549564485811,1006.9745
1549564485852,1006.9745
1549564485887,1006.9649
1549564485925,1006.9649
1549564485965,1006.9649
1549564486003,1006.9649
1549564486041,1006.9557
1549564486079,1006.9557
1549564486122,1006.9557
1549564486158,1006.9557
1549564486195,1006.95605
1549564486241,1006.95605
1549564486272,1006.95605
1549564486312,1006.95605
1549564486352,1006.95605
1549564486386,1006.96265
1549564486426,1006.96265
1549564486465,1006.96265
1549564486501,1006.96265
1549564486542,1006.9692
1549564486580,1006.9692
1549564486623,1006.9692
1549564486657,1006.9692
1549564486720,1006.9666
1549564486786,1006.9666
1549564486787,1006.9666
1549564486873,1006.9666
1549564486874,1006.96375
1549564486931,1006.96375
1549564486931,1006.96375
1549564487034,1006.96375
1549564487034,1006.9653
1549564487045,1006.9653
1549564487090,1006.9653
1549564487125,1006.9653
1549564487154,1006.9607
1549564487195,1006.9607
1549564487237,1006.9607
1549564487272,1006.9607
1549564487330,1006.9561
1549564487348,1006.9561
1549564487386,1006.9561
1549564487433,1006.9561
1549564487465,1006.9569
1549564487515,1006.9569
1549564487539,1006.9569
1549564487595,1006.9569
1549564487618,1006.9557
1549564487655,1006.9557
1549564487695,1006.9557
1549564487732,1006.9557
1549564487770,1006.9561
1549564487808,1006.9561
1549564487851,1006.9561
1549564487912,1006.9561
1549564487943,1006.9574
1549564487976,1006.9574
1549564488007,1006.9574
1549564488039,1006.9574
1549564488077,1006.97455
1549564488116,1006.97455
1549564488155,1006.97455
1549564488192,1006.97455
1549564488251,1006.9575
1549564488271,1006.9575
1549564488311,1006.9575
1549564488354,1006.9575
1549564488384,1006.95294
1549564488423,1006.95294
1549564488463,1006.95294
1549564488503,1006.95294
1549564488547,1006.9476
1549564488577,1006.9476
1549564488615,1006.9476
1549564488654,1006.9476
1549564488693,1006.948
1549564488731,1006.948
1549564488772,1006.948
1549564488812,1006.948
1549564488858,1006.961
1549564488890,1006.961
1549564488925,1006.961
1549564488963,1006.961
1549564489001,1006.97815
1549564489050,1006.97815
1549564489093,1006.97815
1549564489116,1006.97815
1549564489166,1006.9661
1549564489197,1006.9661
1549564489238,1006.9661
1549564489297,1006.9661
1549564489314,1006.9741
1549564489351,1006.9741
1549564489401,1006.9741
1549564489453,1006.9741
1549564489463,1006.9495
1549564489506,1006.9495
1549564489540,1006.9495
1549564489582,1006.9495
1549564489662,1006.9316
1549564489662,1006.9316
1549564489740,1006.9316
1549564489741,1006.9316
1549564489793,1006.927
1549564489854,1006.927
1549564489854,1006.927
1549564489896,1006.927
1549564489925,1006.91943
1549564489976,1006.91943
1549564490001,1006.91943
1549564490120,1006.91943
1549564490121,1006.9021
1549564490257,1006.9021
1549564490257,1006.9021
1549564490258,1006.9021
1549564490406,1006.90454
1549564490407,1006.90454
1549564490407,1006.90454
1549564490408,1006.90454
1549564490408,1006.90826
1549564490805,1006.90826
1549564490806,1006.90826
1549564490807,1006.90826
1549564490808,1006.9054
1549564490808,1006.9054
1549564490809,1006.9054
1549564490810,1006.9054
1549564490810,1006.9125
1549564490811,1006.9125
1549564490811,1006.9125
1549564490812,1006.9125
1549564490891,1006.9071
1549564490891,1006.9071
1549564490936,1006.9071
1549564490961,1006.9071
1549564491000,1006.9025
1549564491038,1006.9025
1549564491077,1006.9025
1549564491116,1006.9025
1549564491156,1006.9066
1549564491191,1006.9066
1549564491231,1006.9066
1549564491269,1006.9066
1549564491309,1006.9054
1549564491346,1006.9054
1549564491387,1006.9054
1549564491431,1006.9054
1549564491461,1006.90857
1549564491500,1006.90857
1549564491541,1006.90857
1549564491584,1006.90857
1549564491616,1006.90564
1549564491655,1006.90564
1549564491693,1006.90564
1549564491732,1006.90564
1549564491769,1006.9094
1549564491808,1006.9094
1549564491846,1006.9094
1549564491885,1006.9094
1549564491926,1006.9265
1549564491964,1006.9265
