1549564885378,1006.9815
1549564885378,1006.9815
1549564885409,1006.9815
1549564885451,1007.00134
1549564885487,1007.00134
1549564885524,1007.00134
1549564885563,1007.00134
1549564885606,1007.0022
1549564885641,1007.0022
1549564885678,1007.0022
1549564885722,1007.0022
1549564885755,1007.0187
1549564885795,1007.0187
1549564885843,1007.0187
1549564885872,1007.0187
1549564885910,1007.0285
1549564885948,1007.0285
1549564885986,1007.0285
1549564886031,1007.0285
1549564886064,1007.0347
1549564886105,1007.0347
1549564886145,1007.0347
1549564886181,1007.0347
1549564886218,1007.0512
1549564886257,1007.0512
1549564886297,1007.0512
1549564886334,1007.0512
1549564886372,1007.07324
1549564886409,1007.07324
1549564886448,1007.07324
1549564886497,1007.07324
1549564886526,1007.06854
1549564886568,1007.06854
1549564886607,1007.06854
1549564886645,1007.06854
1549564886681,1007.08
1549564886717,1007.08
1549564886763,1007.08
1549564886795,1007.08
1549564886835,1007.0704
1549564886874,1007.0704
1549564886910,1007.0704
1549564886951,1007.0704
1549564886992,1007.06604
1549564887025,1007.06604
1549564887064,1007.06604
1549564887102,1007.06604
1549564887149,1007.0697
1549564887241,1007.0697
1549564887241,1007.0697
1549564887287,1007.0697
1549564887350,1007.10284
1549564887350,1007.10284
1549564887369,1007.10284
1549564887409,1007.10284
1549564887449,1007.10486
1549564887487,1007.10486
1549564887525,1007.10486
1549564887568,1007.10486
1549564887604,1007.0935
1549564887640,1007.0935
1549564887680,1007.0935
1549564887721,1007.0935
1549564887756,1007.0842
1549564887794,1007.0842
1549564887835,1007.0842
1549564887870,1007.0842
1549564887914,1007.1057
1549564887948,1007.1057
1549564887989,1007.1057
1549564888024,1007.1057
1549564888063,1007.1044
1549564888104,1007.1044
1549564888141,1007.1044
1549564888180,1007.1044
1549564888224,1007.073
1549564888260,1007.073
1549564888296,1007.073
1549564888334,1007.073
1549564888375,1007.06
1549564888424,1007.06
1549564888484,1007.06
1549564888490,1007.06
1549564888525,1007.0131
1549564888564,1007.0131
1549564888623,1007.0131
1549564888640,1007.0131
1549564888679,1007.0455
1549564888716,1007.0455
1549564888754,1007.0455
1549564888793,1007.0455
1549564888832,1007.0441
1549564888869,1007.0441
1549564888908,1007.0441
1549564888947,1007.0441
1549564888988,1007.0228
1549564889023,1007.0228
1549564889062,1007.0228
1549564889101,1007.0228
1549564889140,1006.99347
1549564889180,1006.99347
1549564889266,1006.99347
1549564889266,1006.99347
1549564889320,1007.0196
1549564889332,1007.0196
1549564889369,1007.0196
1549564889412,1007.0196
1549564889455,1007.0353
1549564889490,1007.0353
1549564889526,1007.0353
1549564889563,1007.0353
1549564889600,1007.0223
1549564889640,1007.0223
1549564889680,1007.0223
1549564889718,1007.0223
1549564889762,1007.02094
1549564889795,1007.02094
1549564889833,1007.02094
1549564889870,1007.02094
1549564889911,1006.9966
1549564889948,1006.9966
1549564889987,1006.9966
1549564890024,1006.9966
1549564890063,1007.0292
1549564890102,1007.0292
1549564890141,1007.0292
1549564890180,1007.0292
1549564890223,1007.0382
1549564890256,1007.0382
1549564890293,1007.0382
1549564890333,1007.0382
1549564890371,1007.02686
1549564890410,1007.02686
1549564890448,1007.02686
1549564890492,1007.02686
1549564890524,1007.0039
1549564890564,1007.0039
1549564890601,1007.0039
1549564890638,1007.0039
1549564890678,1007.0276
1549564890718,1007.0276
1549564890756,1007.0276
1549564890792,1007.0276
1549564890835,1007.03845
1549564890875,1007.03845
1549564890909,1007.03845
1549564890947,1007.03845
1549564890990,1007.0391
1549564891026,1007.0391
1549564891063,1007.0391
1549564891101,1007.0391
1549564891141,1007.0294
1549564891178,1007.0294
1549564891218,1007.0294
1549564891302,1007.0294
1549564891303,1007.02814
1549564891362,1007.02814
1549564891403,1007.02814
1549564891417,1007.02814
1549564891446,1007.0605
1549564891485,1007.0605
1549564891526,1007.0605
1549564891562,1007.0605
1549564891600,1007.07916
1549564891640,1007.07916
1549564891677,1007.07916
1549564891716,1007.07916
1549564891758,1007.0687
1549564891793,1007.0687
1549564891831,1007.0687
1549564891870,1007.0687
1549564891913,1007.07385
1549564891946,1007.07385
1549564891985,1007.07385
1549564892028,1007.07385
1549564892064,1007.10583
1549564892102,1007.10583
1549564892141,1007.10583
1549564892178,1007.10583
1549564892216,1007.1104
1549564892257,1007.1104
1549564892294,1007.1104
1549564892336,1007.1104
1549564892370,1007.09406
1549564892411,1007.09406
1549564892447,1007.09406
1549564892486,1007.09406
1549564892531,1007.0853
1549564892562,1007.0853
1549564892603,1007.0853
1549564892642,1007.0853
1549564892678,1007.0853
1549564892715,1007.1206
1549564892754,1007.1206
1549564892793,1007.1206
1549564892831,1007.1206
1549564892871,1007.1185
1549564892909,1007.1185
1549564892947,1007.1185
1549564892987,1007.1185
1549564893022,1007.11804
1549564893062,1007.11804
1549564893104,1007.11804
1549564893143,1007.11804
1549564893178,1007.1073
1549564893226,1007.1073
1549564893257,1007.1073
1549564893297,1007.1073
1549564893333,1007.113
1549564893368,1007.113
1549564893408,1007.113
1549564893445,1007.113
1549564893488,1007.1272
1549564893524,1007.1272
1549564893563,1007.1272
1549564893602,1007.1272
1549564893640,1007.1195
1549564893692,1007.1195
1549564893719,1007.1195
1549564893757,1007.1195
1549564893793,1007.10376
1549564893835,1007.10376
1549564893869,1007.10376
1549564893912,1007.10376
1549564893948,1007.1061
1549564893992,1007.1061
1549564894025,1007.1061
1549564894063,1007.1061
1549564894102,1007.0853
1549564894139,1007.0853
1549564894180,1007.0853
1549564894219,1007.0853
1549564894255,1007.0924
1549564894294,1007.0924
1549564894332,1007.0924
1549564894373,1007.0924
1549564894409,1007.09607
1549564894447,1007.09607
1549564894483,1007.09607
1549564894526,1007.09607
1549564894561,1007.074
1549564894598,1007.074
1549564894637,1007.074
1549564894677,1007.074
1549564894717,1007.0743
1549564894756,1007.0743
1549564894793,1007.0743
1549564894830,1007.0743
1549564894869,1007.09216
1549564894911,1007.09216
1549564894947,1007.09216
1549564894991,1007.09216
1549564895022,1007.0923
1549564895061,1007.0923
1549564895101,1007.0923
1549564895138,1007.0923
1549564895181,1007.1035
1549564895225,1007.1035
1549564895253,1007.1035
1549564895293,1007.1035
1549564895330,1007.09106
1549564895369,1007.09106
1549564895406,1007.09106
1549564895458,1007.09106
1549564895494,1007.0789
1549564895522,1007.0789
1549564895562,1007.0789
1549564895603,1007.0789
1549564895639,1007.104
1549564895678,1007.104
1549564895717,1007.104
1549564895754,1007.104
1549564895794,1007.1144
1549564895830,1007.1144
1549564895869,1007.1144
1549564895907,1007.1144
1549564895947,1007.1089
1549564895987,1007.1089
1549564896046,1007.1089
1549564896061,1007.1089
1549564896100,1007.109
1549564896139,1007.109
1549564896178,1007.109
1549564896214,1007.109
1549564896253,1007.13965
1549564896294,1007.13965
1549564896332,1007.13965
1549564896373,1007.13965
1549564896409,1007.1472
1549564896448,1007.1472
1549564896489,1007.1472
1549564896525,1007.1472
1549564896564,1007.15015
1549564896599,1007.15015
1549564896639,1007.15015
1549564896681,1007.15015
1549564896720,1007.1388
1549564896753,1007.1388
1549564896794,1007.1388
1549564896832,1007.1388
1549564896873,1007.16254
1549564896907,1007.16254
1549564896944,1007.16254
1549564896983,1007.16254
1549564897027,1007.1676
1549564897060,1007.1676
1549564897100,1007.1676
1549564897142,1007.1676
1549564897178,1007.1722
1549564897217,1007.1722
1549564897257,1007.1722
1549564897293,1007.1722
1549564897330,1007.1614
1549564897370,1007.1614
1549564897408,1007.1614
1549564897446,1007.1614
1549564897485,1007.15314
1549564897530,1007.15314
1549564897565,1007.15314
1549564897598,1007.15314
1549564897640,1007.161
1549564897676,1007.161
1549564897715,1007.161
1549564897753,1007.161
1549564897792,1007.17444
1549564897830,1007.17444
1549564897870,1007.17444
1549564897910,1007.17444
1549564897946,1007.174
1549564897989,1007.174
1549564898023,1007.174
1549564898062,1007.174
1549564898102,1007.15686
1549564898139,1007.15686
1549564898178,1007.15686
1549564898216,1007.15686
1549564898255,1007.1598
1549564898297,1007.1598
1549564898331,1007.1598
1549564898368,1007.1598
1549564898408,1007.18726
1549564898449,1007.18726
1549564898484,1007.18726
1549564898528,1007.18726
1549564898571,1007.19183
1549564898601,1007.19183
1549564898641,1007.19183
1549564898683,1007.19183
1549564898714,1007.1947
1549564898753,1007.1947
1549564898793,1007.1947
1549564898830,1007.1947
1549564898869,1007.19055
1549564898907,1007.19055
1549564898946,1007.19055
1549564898990,1007.19055
1549564899024,1007.2064
1549564899060,1007.2064
1549564899099,1007.2064
1549564899142,1007.2064
1549564899178,1007.2132
1549564899214,1007.2132
1549564899253,1007.2132
1549564899294,1007.2132
1549564899330,1007.2344
1549564899368,1007.2344
1549564899413,1007.2344
1549564899445,1007.2344
1549564899483,1007.2123
1549564899525,1007.2123
1549564899567,1007.2123
1549564899600,1007.2123
1549564899637,1007.2135
1549564899678,1007.2135
1549564899716,1007.2135
1549564899754,1007.2135
1549564899794,1007.2152
1549564899832,1007.2152
1549564899869,1007.2152
1549564899907,1007.2152
1549564899946,1007.23773
1549564899984,1007.23773
1549564900024,1007.23773
1549564900061,1007.23773
1549564900100,1007.2506
1549564900137,1007.2506
1549564900175,1007.2506
1549564900217,1007.2506
1549564900255,1007.2501
1549564900293,1007.2501
1549564900333,1007.2501
1549564900369,1007.2501
1549564900407,1007.2501
1549564900445,1007.2569
1549564900486,1007.2569
1549564900521,1007.2569
1549564900560,1007.2569
1549564900600,1007.30054
1549564900636,1007.30054
1549564900676,1007.30054
1549564900715,1007.30054
1549564900763,1007.3059
1549564900792,1007.3059
1549564900833,1007.3059
1549564900867,1007.3059
1549564900906,1007.31104
1549564900944,1007.31104
1549564900987,1007.31104
1549564901024,1007.31104
1549564901060,1007.2936
1549564901101,1007.2936
1549564901138,1007.2936
1549564901174,1007.2936
1549564901214,1007.2873
1549564901254,1007.2873
1549564901293,1007.2873
1549564901335,1007.2873
1549564901373,1007.3048
1549564901406,1007.3048
1549564901448,1007.3048
1549564901486,1007.3048
1549564901522,1007.30743
1549564901560,1007.30743
1549564901606,1007.30743
1549564901638,1007.30743
1549564901675,1007.28754
1549564901717,1007.28754
1549564901761,1007.28754
1549564901792,1007.28754
1549564901830,1007.26874
1549564901872,1007.26874
1549564901909,1007.26874
1549564901945,1007.26874
1549564901984,1007.2305
1549564902023,1007.2305
1549564902062,1007.2305
1549564902098,1007.2305
1549564902140,1007.26227
1549564902185,1007.26227
1549564902214,1007.26227
1549564902254,1007.26227
1549564902289,1007.27734
1549564902328,1007.27734
1549564902368,1007.27734
1549564902406,1007.27734
1549564902448,1007.2661
1549564902485,1007.2661
1549564902530,1007.2661
1549564902563,1007.2661
1549564902597,1007.25696
1549564902637,1007.25696
1549564902674,1007.25696
1549564902714,1007.25696
1549564902752,1007.24646
1549564902793,1007.24646
1549564902828,1007.24646
1549564902868,1007.24646
1549564902911,1007.2699
1549564902946,1007.2699
1549564902984,1007.2699
1549564903025,1007.2699
1549564903067,1007.28436
1549564903098,1007.28436
1549564903140,1007.28436
1549564903176,1007.28436
1549564903216,1007.2628
1549564903255,1007.2628
1549564903294,1007.2628
1549564903331,1007.2628
1549564903372,1007.2557
1549564903409,1007.2557
1549564903448,1007.2557
1549564903483,1007.2557
1549564903521,1007.2907
1549564903568,1007.2907
1549564903598,1007.2907
1549564903636,1007.2907
1549564903678,1007.30743
1549564903713,1007.30743
1549564903754,1007.30743
1549564903795,1007.30743
1549564903832,1007.31195
1549564903867,1007.31195
1549564903905,1007.31195
1549564903945,1007.31195
1549564903982,1007.3048
1549564904038,1007.3048
1549564904073,1007.3048
1549564904097,1007.3048
1549564904137,1007.28546
1549564904175,1007.28546
1549564904212,1007.28546
1549564904250,1007.28546
1549564904289,1007.31213
1549564904328,1007.31213
1549564904369,1007.31213
1549564904406,1007.31213
1549564904445,1007.3081
1549564904484,1007.3081
1549564904520,1007.3081
1549564904563,1007.3081
1549564904596,1007.3165
1549564904637,1007.3165
1549564904675,1007.3165
1549564904714,1007.3165
1549564904754,1007.2999
1549564904793,1007.2999
1549564904835,1007.2999
1549564904866,1007.2999
1549564904907,1007.28204
1549564904944,1007.28204
1549564904983,1007.28204
1549564905026,1007.28204
1549564905063,1007.2904
1549564905099,1007.2904
1549564905139,1007.2904
1549564905177,1007.2904
1549564905223,1007.2979
1549564905252,1007.2979
1549564905291,1007.2979
1549564905329,1007.2979
1549564905365,1007.30664
1549564905405,1007.30664
1549564905445,1007.30664
1549564905483,1007.30664
1549564905519,1007.2823
1549564905561,1007.2823
1549564905600,1007.2823
1549564905637,1007.2823
1549564905679,1007.2533
1549564905713,1007.2533
1549564905753,1007.2533
1549564905789,1007.2533
1549564905829,1007.2611
1549564905868,1007.2611
1549564905909,1007.2611
1549564905948,1007.2611
1549564905984,1007.2601
1549564906024,1007.2601
1549564906059,1007.2601
1549564906098,1007.2601
1549564906135,1007.24927
1549564906175,1007.24927
1549564906213,1007.24927
1549564906258,1007.24927
1549564906291,1007.2393
1549564906332,1007.2393
1549564906368,1007.2393
1549564906411,1007.2393
1549564906443,1007.2327
1549564906485,1007.2327
1549564906520,1007.2327
1549564906561,1007.2327
1549564906597,1007.2361
1549564906637,1007.2361
1549564906675,1007.2361
1549564906713,1007.2361
1549564906762,1007.2506
1549564906788,1007.2506
1549564906832,1007.2506
1549564906868,1007.2506
1549564906906,1007.2423
1549564906944,1007.2423
1549564906985,1007.2423
1549564907021,1007.2423
1549564907059,1007.2285
1549564907097,1007.2285
1549564907147,1007.2285
1549564907176,1007.2285
1549564907215,1007.1995
1549564907252,1007.1995
1549564907288,1007.1995
1549564907330,1007.1995
1549564907368,1007.2212
1549564907407,1007.2212
1549564907445,1007.2212
1549564907486,1007.2212
1549564907520,1007.23956
1549564907557,1007.23956
1549564907596,1007.23956
1549564907638,1007.23956
1549564907674,1007.23553
1549564907716,1007.23553
1549564907755,1007.23553
1549564907791,1007.23553
1549564907828,1007.2131
1549564907866,1007.2131
1549564907907,1007.2131
1549564907942,1007.2131
1549564907984,1007.2381
1549564908019,1007.2381
1549564908057,1007.2381
1549564908095,1007.2381
1549564908136,1007.2381
1549564908180,1007.2468
1549564908215,1007.2468
1549564908272,1007.2468
1549564908291,1007.2468
1549564908338,1007.2685
1549564908365,1007.2685
1549564908404,1007.2685
1549564908442,1007.2685
1549564908480,1007.2469
1549564908518,1007.2469
1549564908558,1007.2469
1549564908603,1007.2469
1549564908635,1007.23145
1549564908673,1007.23145
1549564908711,1007.23145
1549564908751,1007.23145
1549564908788,1007.23315
1549564908829,1007.23315
1549564908864,1007.23315
1549564908903,1007.23315
1549564908942,1007.2387
1549564908991,1007.2387
1549564909022,1007.2387
1549564909060,1007.2387
1549564909096,1007.26074
1549564909135,1007.26074
1549564909175,1007.26074
1549564909212,1007.26074
1549564909253,1007.2558
1549564909290,1007.2558
1549564909332,1007.2558
1549564909369,1007.2558
1549564909404,1007.23926
1549564909444,1007.23926
1549564909485,1007.23926
1549564909522,1007.23926
1549564909558,1007.2318
1549564909595,1007.2318
1549564909645,1007.2318
1549564909674,1007.2318
1549564909751,1007.2341
1549564909751,1007.2341
1549564909791,1007.2341
1549564909828,1007.2341
1549564909865,1007.2408
1549564909905,1007.2408
1549564909947,1007.2408
1549564909993,1007.2408
1549564910019,1007.24915
1549564910058,1007.24915
1549564910109,1007.24915
1549564910134,1007.24915
1549564910172,1007.2545
1549564910213,1007.2545
1549564910252,1007.2545
1549564910290,1007.2545
1549564910328,1007.27344
1549564910366,1007.27344
1549564910406,1007.27344
1549564910444,1007.27344
1549564910485,1007.2801
1549564910518,1007.2801
1549564910558,1007.2801
1549564910598,1007.2801
1549564910633,1007.271
1549564910673,1007.271
1549564910713,1007.271
1549564910752,1007.271
1549564910790,1007.2639
1549564910827,1007.2639
1549564910873,1007.2639
1549564910903,1007.2639
1549564910945,1007.25726
1549564910982,1007.25726
1549564911021,1007.25726
1549564911071,1007.25726
1549564911103,1007.2773
1549564911136,1007.2773
1549564911173,1007.2773
1549564911214,1007.2773
1549564911252,1007.28394
1549564911288,1007.28394
1549564911329,1007.28394
1549564911366,1007.28394
1549564911403,1007.27655
1549564911445,1007.27655
1549564911484,1007.27655
1549564911521,1007.27655
1549564911562,1007.2716
1549564911598,1007.2716
1549564911640,1007.2716
1549564911673,1007.2716
1549564911710,1007.255
1549564911751,1007.255
1549564911789,1007.255
1549564911827,1007.255
1549564911869,1007.27423
1549564911906,1007.27423
1549564911944,1007.27423
1549564911982,1007.27423
1549564912026,1007.2898
1549564912057,1007.2898
1549564912096,1007.2898
1549564912134,1007.2898
1549564912175,1007.29236
1549564912213,1007.29236
1549564912252,1007.29236
1549564912289,1007.29236
1549564912327,1007.299
1549564912364,1007.299
1549564912404,1007.299
1549564912444,1007.299
1549564912486,1007.314
1549564912522,1007.314
1549564912559,1007.314
1549564912597,1007.314
1549564912635,1007.3274
1549564912674,1007.3274
1549564912712,1007.3274
1549564912750,1007.3274
1549564912788,1007.3357
1549564912825,1007.3357
1549564912864,1007.3357
1549564912904,1007.3357
1549564912942,1007.3163
1549564912982,1007.3163
1549564913018,1007.3163
1549564913056,1007.3163
1549564913095,1007.3047
1549564913133,1007.3047
1549564913173,1007.3047
1549564913210,1007.3047
1549564913249,1007.29846
1549564913289,1007.29846
1549564913328,1007.29846
1549564913366,1007.29846
1549564913409,1007.30396
1549564913444,1007.30396
1549564913484,1007.30396
1549564913525,1007.30396
1549564913557,1007.3082
1549564913594,1007.3082
1549564913634,1007.3082
1549564913673,1007.3082
1549564913714,1007.2933
1549564913751,1007.2933
1549564913788,1007.2933
1549564913827,1007.2933
1549564913867,1007.2809
1549564913903,1007.2809
1549564913944,1007.2809
1549564913980,1007.2809
1549564914020,1007.32245
1549564914060,1007.32245
1549564914098,1007.32245
1549564914134,1007.32245
1549564914173,1007.3341
1549564914212,1007.3341
1549564914251,1007.3341
1549564914291,1007.3341
1549564914327,1007.3541
1549564914367,1007.3541
1549564914404,1007.3541
1549564914444,1007.3541
1549564914481,1007.3275
1549564914524,1007.3275
1549564914556,1007.3275
1549564914603,1007.3275
1549564914646,1007.3251
1549564914674,1007.3251
1549564914711,1007.3251
1549564914751,1007.3251
1549564914791,1007.3584
1549564914842,1007.3584
1549564914865,1007.3584
1549564914903,1007.3584
1549564914943,1007.36505
1549564914991,1007.36505
1549564915019,1007.36505
1549564915061,1007.36505
1549564915103,1007.3543
1549564915132,1007.3543
1549564915172,1007.3543
1549564915213,1007.3543
1549564915248,1007.34766
1549564915289,1007.34766
1549564915328,1007.34766
1549564915366,1007.34766
1549564915402,1007.356
1549564915440,1007.356
1549564915485,1007.356
1549564915518,1007.356
1549564915557,1007.3727
1549564915599,1007.3727
1549564915634,1007.3727
1549564915673,1007.3727
1549564915711,1007.3727
1549564915751,1007.37354
1549564915798,1007.37354
1549564915825,1007.37354
1549564915864,1007.37354
1549564915910,1007.36444
1549564915941,1007.36444
1549564915979,1007.36444
1549564916020,1007.36444
1549564916057,1007.3517
1549564916107,1007.3517
1549564916134,1007.3517
1549564916174,1007.3517
1549564916211,1007.36835
1549564916251,1007.36835
1549564916287,1007.36835
1549564916325,1007.36835
1549564916365,1007.385
1549564916403,1007.385
1549564916441,1007.385
1549564916481,1007.385
1549564916539,1007.3892
1549564916556,1007.3892
1549564916594,1007.3892
1549564916635,1007.3892
1549564916671,1007.37256
1549564916710,1007.37256
1549564916750,1007.37256
1549564916787,1007.37256
1549564916825,1007.35406
1549564916865,1007.35406
1549564916903,1007.35406
1549564916943,1007.35406
1549564916981,1007.33997
1549564917019,1007.33997
1549564917055,1007.33997
1549564917098,1007.33997
1549564917136,1007.3633
1549564917174,1007.3633
1549564917212,1007.3633
1549564917252,1007.3633
1549564917289,1007.3625
1549564917327,1007.3625
1549564917366,1007.3625
1549564917403,1007.3625
1549564917445,1007.36084
1549564917482,1007.36084
1549564917518,1007.36084
1549564917558,1007.36084
1549564917596,1007.3431
1549564917633,1007.3431
1549564917684,1007.3431
1549564917721,1007.3431
1549564917749,1007.37335
1549564917788,1007.37335
1549564917827,1007.37335
1549564917866,1007.37335
1549564917903,1007.3938
1549564917941,1007.3938
1549564917980,1007.3938
1549564918066,1007.3938
1549564918067,1007.39386
1549564918095,1007.39386
1549564918132,1007.39386
1549564918172,1007.39386
1549564918209,1007.3897
1549564918250,1007.3897
1549564918290,1007.3897
1549564918327,1007.3897
1549564918364,1007.3781
1549564918404,1007.3781
1549564918446,1007.3781
1549564918494,1007.3781
1549564918518,1007.3424
1549564918558,1007.3424
1549564918594,1007.3424
1549564918633,1007.3424
1549564918673,1007.3698
1549564918711,1007.3698
1549564918749,1007.3698
1549564918790,1007.3698
1549564918828,1007.38477
1549564918868,1007.38477
1549564918904,1007.38477
1549564918949,1007.38477
1549564918979,1007.4064
1549564919016,1007.4064
1549564919056,1007.4064
1549564919100,1007.4064
1549564919133,1007.3936
1549564919172,1007.3936
1549564919211,1007.3936
1549564919248,1007.3936
1549564919288,1007.3684
1549564919324,1007.3684
1549564919363,1007.3684
1549564919405,1007.3684
1549564919441,1007.3904
1549564919480,1007.3904
1549564919517,1007.3904
1549564919557,1007.3904
1549564919593,1007.3992
1549564919631,1007.3992
1549564919670,1007.3992
1549564919711,1007.3992
1549564919749,1007.42053
1549564919787,1007.42053
1549564919826,1007.42053
1549564919863,1007.42053
1549564919901,1007.41473
1549564919941,1007.41473
1549564919979,1007.41473
1549564920020,1007.41473
1549564920056,1007.4164
1549564920094,1007.4164
1549564920133,1007.4164
1549564920170,1007.4164
1549564920210,1007.43634
1549564920247,1007.43634
1549564920288,1007.43634
1549564920324,1007.43634
1549564920362,1007.43274
1549564920407,1007.43274
1549564920440,1007.43274
1549564920478,1007.43274
1549564920517,1007.4552
1549564920557,1007.4552
1549564920594,1007.4552
1549564920631,1007.4552
1549564920670,1007.4474
1549564920709,1007.4474
1549564920753,1007.4474
1549564920790,1007.4474
1549564920824,1007.4267
1549564920861,1007.4267
1549564920900,1007.4267
1549564920939,1007.4267
1549564920977,1007.4408
1549564921015,1007.4408
1549564921058,1007.4408
1549564921093,1007.4408
1549564921132,1007.4563
1549564921169,1007.4563
1549564921209,1007.4563
1549564921247,1007.4563
1549564921284,1007.4956
1549564921323,1007.4956
1549564921365,1007.4956
1549564921408,1007.4956
1549564921438,1007.47736
1549564921478,1007.47736
1549564921517,1007.47736
1549564921554,1007.47736
1549564921594,1007.45825
1549564921632,1007.45825
1549564921669,1007.45825
1549564921708,1007.45825
1549564921748,1007.4732
1549564921787,1007.4732
1549564921823,1007.4732
1549564921863,1007.4732
1549564921905,1007.50195
1549564921938,1007.50195
1549564921977,1007.50195
1549564922017,1007.50195
1549564922056,1007.51276
1549564922112,1007.51276
1549564922131,1007.51276
1549564922169,1007.51276
1549564922208,1007.51605
1549564922246,1007.51605
1549564922285,1007.51605
1549564922329,1007.51605
1549564922363,1007.4895
1549564922401,1007.4895
1549564922438,1007.4895
1549564922477,1007.4895
1549564922516,1007.51855
1549564922553,1007.51855
1549564922594,1007.51855
1549564922630,1007.51855
1549564922671,1007.541
1549564922710,1007.541
1549564922747,1007.541
1549564922785,1007.541
1549564922823,1007.5365
1549564922865,1007.5365
1549564922901,1007.5365
1549564922940,1007.5365
1549564922977,1007.5531
1549564923015,1007.5531
1549564923053,1007.5531
1549564923096,1007.5531
1549564923132,1007.5797
1549564923170,1007.55396
1549564923211,1007.55396
1549564923246,1007.55396
1549564923285,1007.55396
1549564923323,1007.5747
1549564923363,1007.5747
1549564923400,1007.5747
1549564923438,1007.5747
1549564923476,1007.58185
1549564923516,1007.58185
1549564923554,1007.58185
1549564923592,1007.58185
1549564923633,1007.59015
1549564923672,1007.59015
1549564923712,1007.59015
1549564923747,1007.59015
1549564923786,1007.58795
1549564923825,1007.58795
1549564923864,1007.58795
1549564923901,1007.58795
1549564923940,1007.56885
1549564923981,1007.56885
1549564924016,1007.56885
1549564924056,1007.56885
1549564924100,1007.5976
1549564924132,1007.5976
1549564924172,1007.5976
1549564924210,1007.5976
1549564924246,1007.6233
1549564924286,1007.6233
1549564924327,1007.6233
1549564924372,1007.6233
1549564924403,1007.6155
1549564924439,1007.6155
1549564924488,1007.6155
1549564924516,1007.6155
1549564924555,1007.60144
1549564924596,1007.60144
1549564924632,1007.60144
1549564924670,1007.60144
1549564924709,1007.63214
1549564924747,1007.63214
1549564924785,1007.63214
1549564924825,1007.63214
1549564924864,1007.6587
1549564924901,1007.6587
1549564924951,1007.6587
1549564924977,1007.6587
1549564925015,1007.66046
1549564925056,1007.66046
1549564925105,1007.66046
1549564925133,1007.66046
1549564925169,1007.6397
1549564925210,1007.6397
1549564925253,1007.6397
1549564925285,1007.6397
1549564925324,1007.62805
1549564925364,1007.62805
1549564925405,1007.62805
1549564925441,1007.62805
1549564925480,1007.6355
1549564925517,1007.6355
1549564925554,1007.6355
1549564925600,1007.6355
1549564925632,1007.65045
1549564925669,1007.65045
1549564925710,1007.65045
1549564925747,1007.65045
1549564925786,1007.6546
1549564925824,1007.6546
1549564925890,1007.6546
1549564925906,1007.6546
1549564925939,1007.64343
1549564925979,1007.64343
1549564926018,1007.64343
1549564926054,1007.64343
1549564926094,1007.6119
1549564926133,1007.6119
1549564926171,1007.6119
1549564926210,1007.6119
1549564926247,1007.6177
1549564926288,1007.6177
1549564926323,1007.6177
1549564926364,1007.6177
1549564926406,1007.6301
1549564926438,1007.6301
1549564926479,1007.6301
1549564926519,1007.6301
1549564926555,1007.60657
1549564926593,1007.60657
1549564926637,1007.60657
1549564926670,1007.60657
1549564926709,1007.59375
1549564926747,1007.59375
1549564926784,1007.59375
1549564926822,1007.59375
1549564926864,1007.58215
1549564926902,1007.58215
1549564926939,1007.58215
1549564926978,1007.58215
1549564927021,1007.59454
1549564927057,1007.59454
1549564927096,1007.59454
1549564927132,1007.59454
1549564927170,1007.6161
1549564927209,1007.6161
1549564927248,1007.6161
1549564927285,1007.6161
1549564927330,1007.6136
1549564927372,1007.6136
1549564927402,1007.6136
1549564927440,1007.6136
1549564927479,1007.61523
1549564927530,1007.61523
1549564927560,1007.61523
1549564927591,1007.61523
1549564927633,1007.6083
1549564927670,1007.6083
1549564927716,1007.6083
1549564927747,1007.6083
1549564927787,1007.619
1549564927825,1007.619
1549564927862,1007.619
1549564927902,1007.619
1549564927942,1007.62726
1549564927976,1007.62726
1549564928014,1007.62726
1549564928059,1007.62726
1549564928093,1007.6211
1549564928143,1007.6211
1549564928169,1007.6211
1549564928209,1007.6211
1549564928247,1007.61365
1549564928298,1007.61365
1549564928324,1007.61365
1549564928363,1007.61365
1549564928400,1007.6418
1549564928441,1007.6418
1549564928484,1007.6418
1549564928515,1007.6418
1549564928555,1007.64343
1549564928595,1007.64343
1549564928629,1007.64343
1549564928670,1007.64343
1549564928708,1007.6475
1549564928745,1007.6475
1549564928784,1007.6475
1549564928823,1007.6475
1549564928863,1007.64746
1549564928900,1007.64746
1549564928940,1007.64746
1549564928982,1007.64746
1549564929015,1007.64575
1549564929054,1007.64575
1549564929094,1007.64575
1549564929132,1007.64575
1549564929169,1007.6466
1549564929208,1007.6466
1549564929245,1007.6466
1549564929283,1007.6466
1549564929326,1007.6432
1549564929361,1007.6432
1549564929402,1007.6432
1549564929442,1007.6432
1549564929477,1007.6498
1549564929515,1007.6498
1549564929553,1007.6498
1549564929592,1007.6498
1549564929646,1007.6473
1549564929669,1007.6473
1549564929707,1007.6473
1549564929745,1007.6473
1549564929786,1007.6439
1549564929824,1007.6439
1549564929861,1007.6439
1549564929900,1007.6439
1549564929938,1007.6364
1549564929977,1007.6364
1549564930017,1007.6364
1549564930055,1007.6364
1549564930093,1007.6314
1549564930135,1007.6314
1549564930170,1007.6314
1549564930208,1007.6314
1549564930247,1007.64343
1549564930288,1007.64343
1549564930322,1007.64343
1549564930364,1007.64343
1549564930406,1007.6326
1549564930439,1007.6326
1549564930477,1007.6326
1549564930515,1007.6326
1549564930556,1007.626
1549564930591,1007.626
1549564930634,1007.626
1549564930669,1007.626
1549564930707,1007.6268
1549564930745,1007.6268
1549564930785,1007.6268
1549564930823,1007.6268
1549564930860,1007.63995
1549564930898,1007.63995
1549564930937,1007.63995
1549564930977,1007.63995
1549564931015,1007.63995
1549564931054,1007.6305
1549564931094,1007.6305
1549564931133,1007.6305
1549564931172,1007.6305
1549564931206,1007.6196
1549564931247,1007.6196
1549564931285,1007.6196
1549564931323,1007.6196
1549564931361,1007.60516
1549564931404,1007.60516
1549564931437,1007.60516
1549564931477,1007.60516
1549564931518,1007.5968
1549564931557,1007.5968
1549564931592,1007.5968
1549564931633,1007.5968
1549564931670,1007.6006
1549564931706,1007.6006
1549564931745,1007.6006
1549564931786,1007.6006
1549564931823,1007.61414
1549564931862,1007.61414
1549564931901,1007.61414
1549564931939,1007.61414
1549564931975,1007.6224
1549564932017,1007.6224
1549564932061,1007.6224
1549564932092,1007.6224
1549564932130,1007.5996
1549564932170,1007.5996
1549564932211,1007.5996
1549564932246,1007.5996
1549564932285,1007.6073
1549564932322,1007.6073
1549564932361,1007.6073
1549564932428,1007.6073
1549564932439,1007.6172
1549564932477,1007.6172
1549564932514,1007.6172
1549564932553,1007.6172
1549564932592,1007.6205
1549564932630,1007.6205
1549564932668,1007.6205
1549564932706,1007.6205
1549564932745,1007.6157
1549564932782,1007.6157
1549564932821,1007.6157
1549564932861,1007.6157
1549564932899,1007.5958
1549564932938,1007.5958
1549564932980,1007.5958
1549564933014,1007.5958
1549564933053,1007.5813
1549564933092,1007.5813
1549564933132,1007.5813
1549564933168,1007.5813
1549564933211,1007.58374
1549564933251,1007.58374
1549564933282,1007.58374
1549564933325,1007.58374
1549564933361,1007.5837
1549564933398,1007.5837
1549564933439,1007.5837
1549564933477,1007.5837
1549564933516,1007.5745
1549564933555,1007.5745
1549564933593,1007.5745
1549564933630,1007.5745
1549564933667,1007.56616
1549564933708,1007.56616
1549564933747,1007.56616
1549564933785,1007.56616
1549564933822,1007.5744
1549564933861,1007.5744
1549564933897,1007.5744
1549564933937,1007.5744
1549564933975,1007.58844
1549564934013,1007.58844
1549564934053,1007.58844
1549564934092,1007.58844
1549564934147,1007.5884
1549564934167,1007.5884
1549564934207,1007.5884
1549564934245,1007.5884
1549564934282,1007.5888
1549564934323,1007.5888
1549564934361,1007.5888
1549564934401,1007.5888
1549564934438,1007.60895
1549564934480,1007.60895
1549564934522,1007.60895
1549564934553,1007.60895
1549564934592,1007.60724
1549564934668,1007.60724
1549564934678,1007.60724
1549564934711,1007.60724
1549564934743,1007.61847
1549564934784,1007.61847
1549564934824,1007.61847
1549564934862,1007.61847
1549564934897,1007.6184
1549564934935,1007.6184
1549564934974,1007.6184
1549564935016,1007.6184
1549564935058,1007.5951
1549564935091,1007.5951
1549564935129,1007.5951
1549564935166,1007.5951
1549564935204,1007.59094
1549564935245,1007.59094
1549564935291,1007.59094
1549564935321,1007.59094
1549564935363,1007.5842
1549564935403,1007.5842
1549564935443,1007.5842
1549564935474,1007.5842
1549564935516,1007.59906
1549564935553,1007.59906
1549564935592,1007.59906
1549564935629,1007.59906
1549564935669,1007.599
1549564935707,1007.599
1549564935745,1007.599
1549564935799,1007.599
1549564935823,1007.58234
1549564935859,1007.58234
1549564935898,1007.58234
1549564935941,1007.58234
1549564935974,1007.6008
1549564936027,1007.6008
1549564936050,1007.6008
1549564936089,1007.6008
1549564936131,1007.6024
1549564936171,1007.6024
1549564936209,1007.6024
1549564936246,1007.6024
1549564936285,1007.60974
1549564936322,1007.60974
1549564936360,1007.60974
1549564936399,1007.60974
1549564936438,1007.6017
1549564936477,1007.6017
1549564936515,1007.6017
1549564936551,1007.6017
1549564936593,1007.6
1549564936628,1007.6
1549564936670,1007.6
1549564936710,1007.6
1549564936744,1007.59045
1549564936792,1007.59045
1549564936823,1007.59045
1549564936861,1007.59045
1549564936898,1007.58905
1549564936943,1007.58905
1549564936974,1007.58905
1549564937013,1007.58905
1549564937051,1007.5973
1549564937089,1007.5973
1549564937136,1007.5973
1549564937168,1007.5973
1549564937206,1007.57947
1549564937244,1007.57947
1549564937284,1007.57947
1549564937323,1007.57947
1549564937360,1007.5681
1549564937400,1007.5681
1549564937437,1007.5681
1549564937476,1007.5681
1549564937516,1007.56854
1549564937552,1007.56854
1549564937591,1007.56854
1549564937631,1007.56854
1549564937666,1007.5668
1549564937711,1007.5668
1549564937742,1007.5668
1549564937784,1007.5668
1549564937821,1007.5679
1549564937859,1007.5679
1549564937900,1007.5679
1549564937937,1007.5679
1549564937979,1007.55865
1549564938040,1007.55865
1549564938059,1007.55865
1549564938095,1007.55865
1549564938127,1007.5511
1549564938166,1007.5511
1549564938206,1007.5511
1549564938243,1007.5511
1549564938284,1007.551
1549564938321,1007.551
1549564938360,1007.551
1549564938397,1007.551
1549564938436,1007.5498
1549564938477,1007.5498
1549564938513,1007.5498
1549564938551,1007.5498
1549564938590,1007.5373
1549564938630,1007.5373
1549564938666,1007.5373
1549564938705,1007.5373
1549564938743,1007.5373
1549564938784,1007.5388
1549564938821,1007.5388
1549564938863,1007.5388
1549564938899,1007.5388
1549564938934,1007.5293
1549564938974,1007.5293
1549564939011,1007.5293
1549564939049,1007.5293
1549564939088,1007.53455
1549564939126,1007.53455
1549564939165,1007.53455
1549564939205,1007.53455
1549564939243,1007.5369
1549564939280,1007.5369
1549564939320,1007.5369
1549564939358,1007.5369
1549564939398,1007.5396
1549564939435,1007.5396
1549564939474,1007.5396
1549564939511,1007.5396
1549564939549,1007.53784
1549564939589,1007.53784
1549564939631,1007.53784
1549564939665,1007.53784
1549564939705,1007.54443
1549564939745,1007.54443
1549564939783,1007.54443
1549564939820,1007.54443
1549564939860,1007.548
1549564939898,1007.548
1549564939937,1007.548
1549564939974,1007.548
1549564940019,1007.53625
1549564940052,1007.53625
1549564940089,1007.53625
1549564940128,1007.53625
1549564940165,1007.52954
1549564940206,1007.52954
1549564940243,1007.52954
1549564940282,1007.52954
1549564940319,1007.5311
1549564940364,1007.5311
1549564940402,1007.5311
1549564940437,1007.5311
1549564940472,1007.53546
1549564940512,1007.53546
1549564940550,1007.53546
1549564940591,1007.53546
1549564940628,1007.5188
1549564940664,1007.5188
1549564940704,1007.5188
1549564940742,1007.5188
1549564940787,1007.50714
1549564940822,1007.50714
1549564940858,1007.50714
1549564940897,1007.50714
1549564940935,1007.4971
1549564940973,1007.4971
1549564941017,1007.4971
1549564941053,1007.4971
1549564941091,1007.49615
1549564941130,1007.49615
1549564941176,1007.49615
1549564941203,1007.49615
1549564941243,1007.5052
1549564941282,1007.5052
1549564941319,1007.5052
1549564941362,1007.5052
1549564941398,1007.49567
1549564941439,1007.49567
1549564941475,1007.49567
1549564941514,1007.49567
1549564941549,1007.48395
1549564941588,1007.48395
1549564941626,1007.48395
1549564941666,1007.48395
1549564941705,1007.46436
1549564941741,1007.46436
1549564941784,1007.46436
1549564941820,1007.46436
1549564941856,1007.4592
1549564941894,1007.4592
1549564941937,1007.4592
1549564941972,1007.4592
1549564942011,1007.4492
1549564942049,1007.4492
1549564942090,1007.4492
1549564942128,1007.4492
1549564942166,1007.4342
1549564942204,1007.4342
1549564942244,1007.4342
1549564942286,1007.4342
1549564942319,1007.42865
1549564942358,1007.42865
1549564942398,1007.42865
1549564942437,1007.42865
1549564942475,1007.41693
1549564942514,1007.41693
1549564942551,1007.41693
1549564942588,1007.41693
1549564942633,1007.41516
1549564942676,1007.41516
1549564942706,1007.41516
1549564942743,1007.41516
1549564942788,1007.4159
1549564942818,1007.4159
1549564942857,1007.4159
1549564942904,1007.4159
1549564942933,1007.4014
1549564942972,1007.4014
1549564943010,1007.4014
1549564943051,1007.4014
1549564943089,1007.39746
1549564943126,1007.39746
1549564943164,1007.39746
1549564943204,1007.39746
1549564943242,1007.39404
1549564943280,1007.39404
1549564943319,1007.39404
1549564943360,1007.39404
1549564943397,1007.4006
1549564943433,1007.4006
1549564943471,1007.4006
1549564943512,1007.4006
1549564943549,1007.4008
1549564943587,1007.4008
1549564943626,1007.4008
1549564943669,1007.4008
1549564943702,1007.38745
1549564943742,1007.38745
1549564943781,1007.38745
1549564943825,1007.38745
1549564943858,1007.3849
1549564943898,1007.3849
1549564943942,1007.3849
1549564943978,1007.3849
1549564944010,1007.3818
1549564944052,1007.3818
1549564944091,1007.3818
1549564944127,1007.3818
1549564944166,1007.37915
1549564944204,1007.37915
1549564944243,1007.37915
1549564944281,1007.37915
1549564944321,1007.3824
1549564944369,1007.3824
1549564944396,1007.3824
1549564944433,1007.3824
1549564944474,1007.3694
1549564944512,1007.3694
1549564944550,1007.3694
1549564944597,1007.3694
1549564944633,1007.3593
1549564944665,1007.3593
1549564944703,1007.3593
1549564944749,1007.3593
1549564944781,1007.3587
1549564944820,1007.3587
1549564944865,1007.3587
1549564944896,1007.3587
1549564944938,1007.3635
1549564944978,1007.3635
1549564945010,1007.3635
1549564945049,1007.3635
1549564945091,1007.3692
1549564945130,1007.3692
1549564945166,1007.3692
1549564945203,1007.3692
1549564945242,1007.3628
1549564945281,1007.3628
1549564945317,1007.3628
1549564945357,1007.3628
1549564945396,1007.3677
1549564945438,1007.3677
1549564945472,1007.3677
1549564945515,1007.3677
1549564945550,1007.35547
1549564945590,1007.35547
1549564945629,1007.35547
1549564945665,1007.35547
1549564945705,1007.3624
1549564945742,1007.3624
1549564945782,1007.3624
1549564945820,1007.3624
1549564945862,1007.385
1549564945898,1007.385
1549564945938,1007.385
1549564945972,1007.385
1549564946011,1007.3766
1549564946055,1007.3766
1549564946088,1007.3766
1549564946131,1007.3766
1549564946164,1007.3876
1549564946204,1007.3876
1549564946245,1007.3876
1549564946282,1007.3876
1549564946319,1007.38696
1549564946358,1007.38696
1549564946401,1007.38696
1549564946435,1007.38696
1549564946472,1007.38696
1549564946511,1007.3857
1549564946548,1007.3857
1549564946588,1007.3857
1549564946629,1007.3857
1549564946669,1007.37726
1549564946703,1007.37726
1549564946742,1007.37726
1549564946785,1007.37726
1549564946818,1007.37256
1549564946860,1007.37256
1549564946895,1007.37256
1549564946934,1007.37256
1549564946973,1007.3741
1549564947014,1007.3741
1549564947053,1007.3741
1549564947087,1007.3741
1549564947129,1007.3764
1549564947175,1007.3764
1549564947206,1007.3764
1549564947242,1007.3764
1549564947280,1007.37335
1549564947322,1007.37335
1549564947360,1007.37335
1549564947398,1007.37335
1549564947437,1007.3691
1549564947474,1007.3691
1549564947514,1007.3691
1549564947567,1007.3691
1549564947587,1007.3701
1549564947626,1007.3701
1549564947667,1007.3701
1549564947703,1007.3701
1549564947741,1007.36005
1549564947782,1007.36005
1549564947821,1007.36005
1549564947858,1007.36005
1549564947899,1007.3599
1549564947935,1007.3599
1549564947973,1007.3599
1549564948012,1007.3599
1549564948048,1007.36426
1549564948088,1007.36426
1549564948126,1007.36426
1549564948177,1007.36426
1549564948205,1007.36194
1549564948241,1007.36194
1549564948296,1007.36194
1549564948320,1007.36194
1549564948355,1007.3536
1549564948395,1007.3536
1549564948434,1007.3536
1549564948476,1007.3536
1549564948512,1007.3352
1549564948550,1007.3352
1549564948588,1007.3352
1549564948629,1007.3352
1549564948668,1007.32635
1549564948705,1007.32635
1549564948741,1007.32635
1549564948782,1007.32635
1549564948820,1007.3423
1549564948859,1007.3423
1549564948900,1007.3423
1549564948934,1007.3423
1549564948971,1007.34045
1549564949011,1007.34045
1549564949051,1007.34045
1549564949087,1007.34045
1549564949125,1007.3415
1549564949165,1007.3415
1549564949203,1007.3415
1549564949241,1007.3415
1549564949281,1007.3273
1549564949321,1007.3273
1549564949363,1007.3273
1549564949398,1007.3273
1549564949435,1007.3341
1549564949487,1007.3341
1549564949509,1007.3341
1549564949552,1007.3341
1549564949587,1007.3506
1549564949625,1007.3506
1549564949665,1007.3506
1549564949703,1007.3506
1549564949744,1007.3443
1549564949779,1007.3443
1549564949818,1007.3443
1549564949859,1007.3443
1549564949894,1007.321
1549564949935,1007.321
1549564949971,1007.321
1549564950011,1007.321
1549564950049,1007.322
1549564950088,1007.322
1549564950126,1007.322
1549564950167,1007.322
1549564950203,1007.30817
1549564950242,1007.30817
1549564950281,1007.30817
1549564950323,1007.30817
1549564950355,1007.30804
1549564950396,1007.30804
1549564950433,1007.30804
1549564950473,1007.30804
1549564950513,1007.3206
1549564950551,1007.3206
1549564950587,1007.3206
1549564950625,1007.3206
1549564950663,1007.30396
1549564950703,1007.30396
1549564950747,1007.30396
1549564950783,1007.30396
1549564950819,1007.2967
1549564950858,1007.2967
1549564950896,1007.2967
1549564950934,1007.2967
1549564950973,1007.2883
1549564951015,1007.2883
1549564951048,1007.2883
1549564951090,1007.2883
1549564951126,1007.28485
1549564951168,1007.28485
1549564951203,1007.28485
1549564951245,1007.28485
1549564951278,1007.3178
1549564951317,1007.3178
1549564951365,1007.3178
1549564951400,1007.3178
1549564951433,1007.321
1549564951473,1007.321
1549564951509,1007.321
1549564951553,1007.321
1549564951587,1007.3121
1549564951627,1007.3121
1549564951675,1007.3121
1549564951700,1007.3121
1549564951741,1007.3098
1549564951787,1007.3098
1549564951818,1007.3098
1549564951856,1007.3098
1549564951894,1007.3014
1549564951932,1007.3014
1549564951971,1007.3014
1549564952014,1007.3014
1549564952049,1007.32227
1549564952086,1007.32227
1549564952128,1007.32227
1549564952167,1007.32227
1549564952201,1007.3386
1549564952241,1007.3386
1549564952279,1007.3386
1549564952318,1007.3386
1549564952355,1007.33966
1549564952407,1007.33966
1549564952443,1007.33966
1549564952474,1007.33966
1549564952510,1007.33154
1549564952558,1007.33154
1549564952594,1007.33154
1549564952627,1007.33154
1549564952664,1007.32434
1549564952701,1007.32434
1549564952741,1007.32434
1549564952778,1007.32434
1549564952818,1007.33325
1549564952860,1007.33325
1549564952896,1007.33325
1549564952935,1007.33325
1549564952971,1007.35
1549564953013,1007.35
1549564953049,1007.35
1549564953087,1007.35
1549564953125,1007.3449
1549564953164,1007.3449
1549564953202,1007.3449
1549564953240,1007.3449
1549564953280,1007.33154
1549564953318,1007.33154
1549564953356,1007.33154
1549564953397,1007.33154
1549564953432,1007.3314
1549564953470,1007.3314
1549564953518,1007.3314
1549564953549,1007.3314
1549564953586,1007.3506
1549564953624,1007.3506
1549564953669,1007.3506
1549564953702,1007.3506
1549564953740,1007.38135
1549564953791,1007.38135
1549564953824,1007.38135
1549564953859,1007.38135
1549564953905,1007.40027
1549564953940,1007.40027
1549564953975,1007.40027
1549564954007,1007.40027
1549564954047,1007.38684
1549564954085,1007.38684
1549564954125,1007.38684
1549564954162,1007.38684
1549564954201,1007.38684
1549564954254,1007.39087
1549564954289,1007.39087
1549564954314,1007.39087
1549564954355,1007.39087
1549564954393,1007.4089
1549564954689,1007.4089
1549564954690,1007.4089
1549564954690,1007.4089
1549564954690,1007.4248
1549564954691,1007.4248
1549564954691,1007.4248
1549564954691,1007.4248
1549564954748,1007.4131
1549564954752,1007.4131
1549564954786,1007.4131
1549564954816,1007.4131
1549564954857,1007.3959
1549564954893,1007.3959
1549564954935,1007.3959
1549564954969,1007.3959
1549564955007,1007.344
1549564955046,1007.344
1549564955084,1007.344
1549564955125,1007.344
1549564955163,1007.36365
1549564955246,1007.36365
1549564955252,1007.36365
1549564955294,1007.36365
1549564955319,1007.3878
1549564955374,1007.3878
1549564955407,1007.3878
1549564955440,1007.3878
1549564955472,1007.3645
1549564955526,1007.3645
1549564955546,1007.3645
1549564955590,1007.3645
1549564955636,1007.34784
1549564955667,1007.34784
1549564955704,1007.34784
1549564955765,1007.34784
1549564955783,1007.3642
1549564955814,1007.3642
1549564955856,1007.3642
1549564955892,1007.3642
1549564956002,1007.3933
1549564956003,1007.3933
1549564956014,1007.3933
1549564956056,1007.3933
1549564956131,1007.4196
1549564956132,1007.4196
1549564956314,1007.4256
1549564956315,1007.4256
1549564956363,1007.4256
1549564956392,1007.4464
1549564956430,1007.4464
1549564956468,1007.4464
1549564956507,1007.4464
1549564956548,1007.48346
1549564956584,1007.48346
1549564956623,1007.48346
1549564956664,1007.48346
1549564956701,1007.4878
1549564956738,1007.4878
1549564956778,1007.4878
1549564956815,1007.4878
1549564956853,1007.4603
1549564956892,1007.4603
1549564956931,1007.4603
1549564956968,1007.4603
1549564957010,1007.4511
1549564957045,1007.4511
1549564957083,1007.4511
1549564957123,1007.4511
1549564957165,1007.505
1549564957200,1007.505
1549564957237,1007.505
1549564957276,1007.505
1549564957317,1007.5197
1549564957353,1007.5197
1549564957394,1007.5197
1549564957431,1007.5197
1549564957468,1007.51953
1549564957507,1007.51953
1549564957548,1007.51953
1549564957584,1007.51953
1549564957622,1007.4933
1549564957661,1007.4933
1549564957700,1007.4933
1549564957738,1007.4933
1549564957777,1007.4724
1549564957815,1007.4724
1549564957854,1007.4724
1549564957891,1007.4724
1549564957931,1007.4991
1549564957969,1007.4991
1549564958008,1007.4991
1549564958055,1007.4991
1549564958085,1007.51294
1549564958123,1007.51294
1549564958161,1007.51294
1549564958199,1007.51294
1549564958237,1007.504
1549564958276,1007.504
1549564958315,1007.504
1549564958356,1007.504
1549564958392,1007.5287
1549564958430,1007.5287
1549564958468,1007.5287
1549564958507,1007.5287
1549564958549,1007.5875
1549564958586,1007.5875
1549564958625,1007.5875
1549564958661,1007.5875
1549564958699,1007.6089
1549564958740,1007.6089
1549564958775,1007.6089
1549564958817,1007.6089
1549564958856,1007.61694
1549564958891,1007.61694
1549564958929,1007.61694
1549564958980,1007.61694
1549564959070,1007.59766
1549564959070,1007.59766
1549564959086,1007.59766
1549564959122,1007.59766
1549564959161,1007.5908
1549564959199,1007.5908
1549564959239,1007.5908
1549564959276,1007.5908
1549564959322,1007.6146
1549564959353,1007.6146
1549564959391,1007.6146
1549564959429,1007.6146
1549564959468,1007.62885
1549564959507,1007.62885
1549564959547,1007.62885
1549564959584,1007.62885
1549564959622,1007.60834
1549564959661,1007.60834
1549564959698,1007.60834
1549564959737,1007.60834
1549564959777,1007.607
1549564959814,1007.607
1549564959854,1007.607
1549564959892,1007.607
1549564959930,1007.6055
1549564959968,1007.6055
1549564960009,1007.6055
1549564960047,1007.6055
1549564960085,1007.59875
1549564960122,1007.59875
1549564960161,1007.59875
1549564960199,1007.59875
1549564960242,1007.62335
1549564960278,1007.62335
1549564960315,1007.62335
1549564960352,1007.62335
1549564960391,1007.59955
1549564960430,1007.59955
1549564960469,1007.59955
1549564960507,1007.59955
1549564960546,1007.62335
1549564960585,1007.62335
1549564960624,1007.62335
1549564960668,1007.62335
1549564960698,1007.64
1549564960737,1007.64
1549564960777,1007.64
1549564960814,1007.64
1549564960853,1007.63904
1549564960893,1007.63904
1549564960930,1007.63904
1549564960969,1007.63904
1549564961007,1007.6491
1549564961045,1007.6491
1549564961084,1007.6491
1549564961123,1007.6491
1549564961164,1007.6431
1549564961202,1007.6431
1549564961238,1007.6431
1549564961276,1007.6431
1549564961322,1007.64246
1549564961355,1007.64246
1549564961391,1007.64246
1549564961431,1007.64246
1549564961474,1007.6324
1549564961507,1007.6324
1549564961547,1007.6324
1549564961585,1007.6324
1549564961624,1007.64
1549564961663,1007.64
1549564961700,1007.64
1549564961738,1007.64
1549564961776,1007.63104
1549564961816,1007.63104
1549564961855,1007.63104
1549564961891,1007.63104
1549564961931,1007.63745
1549564961969,1007.63745
1549564962006,1007.63745
1549564962047,1007.63745
1549564962085,1007.63745
1549564962124,1007.63763
1549564962166,1007.63763
1549564962202,1007.63763
1549564962238,1007.63763
1549564962277,1007.6386
1549564962315,1007.6386
1549564962358,1007.6386
1549564962392,1007.6386
1549564962431,1007.6384
1549564962469,1007.6384
1549564962510,1007.6384
1549564962547,1007.6384
1549564962584,1007.63293
1549564962623,1007.63293
1549564962663,1007.63293
1549564962701,1007.63293
1549564962738,1007.6422
1549564962778,1007.6422
1549564962817,1007.6422
1549564962853,1007.6422
1549564962893,1007.67456
1549564962931,1007.67456
1549564962971,1007.67456
1549564963022,1007.67456
1549564963045,1007.66943
1549564963085,1007.66943
1549564963124,1007.66943
1549564963160,1007.66943
1549564963200,1007.65765
1549564963238,1007.65765
1549564963276,1007.65765
1549564963315,1007.65765
1549564963353,1007.6625
1549564963392,1007.6625
1549564963430,1007.6625
1549564963468,1007.6625
1549564963509,1007.6601
1549564963545,1007.6601
1549564963583,1007.6601
1549564963645,1007.6601
1549564963668,1007.67267
1549564963700,1007.67267
1549564963740,1007.67267
1549564963778,1007.67267
1549564963815,1007.67413
1549564963853,1007.67413
1549564963894,1007.67413
1549564963932,1007.67413
1549564963969,1007.66846
1549564964007,1007.66846
1549564964046,1007.66846
1549564964083,1007.66846
1549564964122,1007.6782
1549564964159,1007.6782
1549564964205,1007.6782
1549564964238,1007.6782
1549564964280,1007.6802
1549564964315,1007.6802
1549564964355,1007.6802
1549564964393,1007.6802
1549564964430,1007.68164
1549564964470,1007.68164
1549564964521,1007.68164
1549564964549,1007.68164
1549564964583,1007.69666
1549564964623,1007.69666
1549564964660,1007.69666
1549564964700,1007.69666
1549564964738,1007.689
1549564964776,1007.689
1549564964815,1007.689
1549564964853,1007.689
1549564964892,1007.70404
1549564964932,1007.70404
1549564964969,1007.70404
1549564965007,1007.70404
1549564965044,1007.7394
1549564965083,1007.7394
1549564965123,1007.7394
1549564965176,1007.7394
1549564965202,1007.7375
1549564965239,1007.7375
1549564965277,1007.7375
1549564965314,1007.7375
1549564965357,1007.71204
1549564965393,1007.71204
1549564965429,1007.71204
1549564965467,1007.71204
1549564965507,1007.71466
1549564965547,1007.71466
1549564965583,1007.71466
1549564965624,1007.71466
1549564965659,1007.76355
1549564965698,1007.76355
1549564965737,1007.76355
1549564965774,1007.76355
1549564965813,1007.77655
1549564965852,1007.77655
1549564965894,1007.77655
1549564965929,1007.77655
1549564965969,1007.7908
1549564966007,1007.7908
1549564966045,1007.7908
1549564966083,1007.7908
1549564966136,1007.7575
1549564966161,1007.7575
1549564966201,1007.7575
1549564966238,1007.7575
1549564966276,1007.7615
1549564966316,1007.7615
1549564966354,1007.7615
1549564966392,1007.7615
1549564966429,1007.8202
1549564966468,1007.8202
1549564966506,1007.8202
1549564966547,1007.8202
1549564966583,1007.81836
1549564966624,1007.81836
1549564966660,1007.81836
1549564966698,1007.81836
1549564966738,1007.8201
1549564966776,1007.8201
1549564966814,1007.8201
1549564966853,1007.8201
1549564966894,1007.78937
1549564966930,1007.78937
1549564966969,1007.78937
1549564967006,1007.78937
1549564967044,1007.77515
1549564967083,1007.77515
1549564967124,1007.77515
1549564967163,1007.77515
1549564967200,1007.7865
1549564967240,1007.7865
1549564967276,1007.7865
1549564967340,1007.7865
1549564967352,1007.7921
1549564967391,1007.7921
1549564967429,1007.7921
1549564967467,1007.7921
1549564967506,1007.76215
1549564967545,1007.76215
1549564967583,1007.76215
1549564967623,1007.76215
1549564967660,1007.77966
1549564967701,1007.77966
1549564967741,1007.77966
1549564967774,1007.77966
1549564967814,1007.8141
1549564967853,1007.8141
1549564967891,1007.8141
1549564967938,1007.8141
1549564967969,1007.8205
1549564968005,1007.8205
1549564968046,1007.8205
1549564968083,1007.8205
1549564968143,1007.84955
1549564968162,1007.84955
1549564968198,1007.84955
1549564968237,1007.84955
1549564968275,1007.82666
1549564968314,1007.82666
1549564968353,1007.82666
1549564968391,1007.82666
1549564968431,1007.7979
1549564968469,1007.7979
1549564968507,1007.7979
1549564968544,1007.7979
1549564968595,1007.82166
1549564968623,1007.82166
1549564968659,1007.82166
1549564968698,1007.82166
1549564968738,1007.8355
1549564968776,1007.8355
1549564968813,1007.8355
1549564968851,1007.8355
1549564968891,1007.85345
1549564968929,1007.85345
1549564968966,1007.85345
1549564969004,1007.85345
1549564969043,1007.8458
1549564969083,1007.8458
1549564969120,1007.8458
1549564969159,1007.8458
1549564969202,1007.8616
1549564969239,1007.8616
1549564969274,1007.8616
1549564969314,1007.8616
1549564969353,1007.8729
1549564969391,1007.8729
1549564969428,1007.8729
1549564969467,1007.8729
1549564969507,1007.8805
1549564969562,1007.8805
1549564969582,1007.8805
1549564969622,1007.8805
1549564969661,1007.8646
1549564969698,1007.8646
1549564969744,1007.8646
1549564969774,1007.8646
1549564969813,1007.8646
1549564969851,1007.873
1549564969890,1007.873
1549564969928,1007.873
1549564969967,1007.873
1549564970011,1007.8728
1549564970045,1007.8728
1549564970086,1007.8728
1549564970122,1007.8728
1549564970161,1007.88165
1549564970198,1007.88165
1549564970236,1007.88165
1549564970276,1007.88165
1549564970313,1007.881
1549564970358,1007.881
1549564970395,1007.881
1549564970428,1007.881
1549564970468,1007.85767
1549564970515,1007.85767
1549564970544,1007.85767
1549564970586,1007.85767
1549564970621,1007.8594
1549564970659,1007.8594
1549564970700,1007.8594
1549564970736,1007.8594
1549564970773,1007.8773
1549564970813,1007.8773
1549564970850,1007.8773
1549564970892,1007.8773
1549564970931,1007.8895
1549564970967,1007.8895
1549564971007,1007.8895
1549564971045,1007.8895
1549564971082,1007.87854
1549564971126,1007.87854
1549564971158,1007.87854
1549564971199,1007.87854
1549564971235,1007.8618
1549564971273,1007.8618
1549564971314,1007.8618
1549564971351,1007.8618
1549564971397,1007.8595
1549564971430,1007.8595
1549564971465,1007.8595
1549564971504,1007.8595
1549564971546,1007.8873
1549564971592,1007.8873
1549564971620,1007.8873
1549564971659,1007.8873
1549564971697,1007.8607
1549564971742,1007.8607
1549564971775,1007.8607
1549564971814,1007.8607
1549564971852,1007.85583
1549564971893,1007.85583
1549564971928,1007.85583
1549564971965,1007.85583
1549564972009,1007.8358
1549564972043,1007.8358
1549564972081,1007.8358
1549564972123,1007.8358
1549564972158,1007.8323
1549564972198,1007.8323
1549564972234,1007.8323
1549564972278,1007.8323
1549564972312,1007.8378
1549564972351,1007.8378
1549564972388,1007.8378
1549564972427,1007.8378
1549564972466,1007.8137
1549564972505,1007.8137
1549564972559,1007.8137
1549564972582,1007.8137
1549564972620,1007.7904
1549564972677,1007.7904
1549564972696,1007.7904
1549564972735,1007.7904
1549564972773,1007.79047
1549564972812,1007.79047
1549564972852,1007.79047
1549564972893,1007.79047
1549564972928,1007.7985
1549564972967,1007.7985
1549564973006,1007.7985
1549564973042,1007.7985
1549564973084,1007.78674
1549564973120,1007.78674
1549564973160,1007.78674
1549564973203,1007.78674
1549564973235,1007.78107
1549564973280,1007.78107
1549564973313,1007.78107
1549564973356,1007.78107
1549564973391,1007.7549
1549564973427,1007.7549
1549564973468,1007.7549
1549564973511,1007.7549
1549564973543,1007.76245
1549564973583,1007.76245
1549564973625,1007.76245
1549564973659,1007.76245
1549564973698,1007.787
1549564973735,1007.787
1549564973773,1007.787
1549564973823,1007.787
1549564973850,1007.7632
1549564973890,1007.7632
1549564973928,1007.7632
1549564973972,1007.7632
1549564974008,1007.76294
1549564974043,1007.76294
1549564974084,1007.76294
1549564974119,1007.76294
1549564974157,1007.7495
1549564974203,1007.7495
1549564974235,1007.7495
1549564974273,1007.7495
1549564974312,1007.75916
1549564974351,1007.75916
1549564974388,1007.75916
1549564974428,1007.75916
1549564974466,1007.7618
1549564974507,1007.7618
1549564974558,1007.7618
1549564974588,1007.7618
1549564974621,1007.7434
1549564974657,1007.7434
1549564974704,1007.7434
1549564974739,1007.7434
1549564974778,1007.73065
1549564974816,1007.73065
1549564974850,1007.73065
1549564974888,1007.73065
1549564974927,1007.7172
1549564974966,1007.7172
1549564975003,1007.7172
1549564975042,1007.7172
1549564975092,1007.7302
1549564975119,1007.7302
1549564975158,1007.7302
1549564975195,1007.7302
1549564975233,1007.72125
1549564975273,1007.72125
1549564975319,1007.72125
1549564975351,1007.72125
1549564975388,1007.71606
1549564975426,1007.71606
1549564975465,1007.71606
1549564975505,1007.71606
1549564975541,1007.6977
1549564975579,1007.6977
1549564975618,1007.6977
1549564975658,1007.6977
1549564975694,1007.69086
1549564975742,1007.69086
1549564975772,1007.69086
1549564975810,1007.69086
1549564975848,1007.7104
1549564975887,1007.7104
1549564975929,1007.7104
1549564975966,1007.7104
1549564976003,1007.6924
1549564976041,1007.6924
1549564976081,1007.6924
1549564976119,1007.6924
1549564976157,1007.68225
1549564976197,1007.68225
1549564976234,1007.68225
1549564976272,1007.68225
1549564976310,1007.6655
1549564976348,1007.6655
1549564976387,1007.6655
1549564976426,1007.6655
1549564976464,1007.6796
1549564976503,1007.6796
1549564976542,1007.6796
1549564976581,1007.6796
1549564976620,1007.70825
1549564976658,1007.70825
1549564976696,1007.70825
1549564976735,1007.70825
1549564976772,1007.6775
1549564976814,1007.6775
1549564976851,1007.6775
1549564976888,1007.6775
1549564976931,1007.6723
1549564976966,1007.6723
1549564977004,1007.6723
1549564977042,1007.6723
1549564977083,1007.65393
1549564977119,1007.65393
1549564977159,1007.65393
1549564977201,1007.65393
1549564977234,1007.6586
1549564977273,1007.6586
1549564977312,1007.6586
1549564977348,1007.6586
1549564977390,1007.6724
1549564977428,1007.6724
1549564977465,1007.6724
1549564977504,1007.6724
1549564977543,1007.65686
1549564977583,1007.65686
1549564977620,1007.65686
1549564977659,1007.65686
1549564977699,1007.65686
1549564977734,1007.62854
1549564977773,1007.62854
1549564977815,1007.62854
1549564977850,1007.62854
1549564977888,1007.625
1549564977936,1007.625
1549564977965,1007.625
1549564978004,1007.625
1549564978044,1007.6367
1549564978080,1007.6367
1549564978119,1007.6367
1549564978162,1007.6367
1549564978196,1007.63434
1549564978233,1007.63434
1549564978274,1007.63434
1549564978319,1007.63434
1549564978349,1007.62256
1549564978387,1007.62256
1549564978427,1007.62256
1549564978464,1007.62256
1549564978503,1007.59094
1549564978557,1007.59094
1549564978581,1007.59094
1549564978619,1007.59094
1549564978658,1007.59436
1549564978696,1007.59436
1549564978733,1007.59436
1549564978773,1007.59436
1549564978812,1007.6197
1549564978852,1007.6197
1549564978891,1007.6197
1549564978938,1007.6197
1549564978968,1007.5967
1549564979003,1007.5967
1549564979045,1007.5967
1549564979081,1007.5967
1549564979118,1007.6063
1549564979158,1007.6063
1549564979196,1007.6063
1549564979233,1007.6063
1549564979271,1007.60114
1549564979313,1007.60114
1549564979351,1007.60114
1549564979389,1007.60114
1549564979426,1007.59216
1549564979464,1007.59216
1549564979506,1007.59216
1549564979543,1007.59216
1549564979580,1007.5886
1549564979635,1007.5886
1549564979658,1007.5886
1549564979696,1007.5886
1549564979737,1007.5732
1549564979772,1007.5732
1549564979812,1007.5732
1549564979850,1007.5732
1549564979888,1007.5708
1549564979926,1007.5708
1549564979967,1007.5708
1549564980004,1007.5708
1549564980041,1007.56647
1549564980079,1007.56647
1549564980120,1007.56647
1549564980157,1007.56647
1549564980197,1007.55664
1549564980235,1007.55664
1549564980273,1007.55664
1549564980312,1007.55664
1549564980350,1007.563
1549564980389,1007.563
1549564980427,1007.563
1549564980467,1007.563
1549564980503,1007.5636
1549564980541,1007.5636
1549564980580,1007.5636
1549564980616,1007.5636
1549564980656,1007.5406
1549564980694,1007.5406
1549564980733,1007.5406
1549564980772,1007.5406
1549564980810,1007.5486
1549564980850,1007.5486
1549564980886,1007.5486
1549564980929,1007.5486
1549564980963,1007.54504
1549564981001,1007.54504
1549564981041,1007.54504
1549564981080,1007.54504
1549564981119,1007.54645
1549564981156,1007.54645
1549564981195,1007.54645
1549564981243,1007.54645
1549564981276,1007.5462
1549564981309,1007.5462
1549564981348,1007.5462
1549564981386,1007.5462
1549564981424,1007.5311
1549564981464,1007.5311
1549564981503,1007.5311
1549564981545,1007.5311
1549564981578,1007.5584
1549564981617,1007.5584
1549564981657,1007.5584
1549564981695,1007.5584
1549564981734,1007.5791
1549564981772,1007.5791
1549564981815,1007.5791
1549564981855,1007.5791
1549564981888,1007.5673
1549564981927,1007.5673
1549564981975,1007.5673
1549564982003,1007.5673
1549564982041,1007.5819
1549564982080,1007.5819
1549564982117,1007.5819
1549564982159,1007.5819
1549564982195,1007.57623
1549564982233,1007.57623
1549564982273,1007.57623
1549564982311,1007.57623
1549564982349,1007.55457
1549564982388,1007.55457
1549564982427,1007.55457
1549564982463,1007.55457
1549564982504,1007.5851
1549564982547,1007.5851
1549564982581,1007.5851
1549564982618,1007.5851
1549564982657,1007.59644
1549564982694,1007.59644
1549564982733,1007.59644
1549564982772,1007.59644
1549564982810,1007.6188
1549564982862,1007.6188
1549564982886,1007.6188
1549564982924,1007.6188
1549564982968,1007.61633
1549564983003,1007.61633
1549564983040,1007.61633
1549564983078,1007.61633
1549564983118,1007.61035
1549564983156,1007.61035
1549564983196,1007.61035
1549564983233,1007.61035
1549564983272,1007.62
1549564983312,1007.62
1549564983348,1007.62
1549564983387,1007.62
1549564983426,1007.6209
1549564983468,1007.6209
1549564983503,1007.6209
1549564983542,1007.6209
1549564983584,1007.6136
1549564983622,1007.6136
1549564983661,1007.6136
1549564983702,1007.6136
1549564983732,1007.6244
1549564983771,1007.6244
1549564983810,1007.6244
1549564983849,1007.6244
1549564983888,1007.60974
1549564983926,1007.60974
1549564983964,1007.60974
1549564984004,1007.60974
1549564984042,1007.5996
1549564984079,1007.5996
1549564984118,1007.5996
1549564984155,1007.5996
1549564984195,1007.6022
1549564984234,1007.6022
1549564984274,1007.6022
1549564984310,1007.6022
1549564984361,1007.58984
1549564984387,1007.58984
1549564984427,1007.58984
1549564984466,1007.58984
1549564984502,1007.60114
1549564984540,1007.60114
1549564984580,1007.60114
1549564984622,1007.60114
1549564984660,1007.59924
1549564984694,1007.59924
1549564984735,1007.59924
1549564984790,1007.59924
1549564984812,1007.5891
1549564984848,1007.5891
1549564984885,1007.5891
1549564984924,1007.5891
1549564984963,1007.60156
1549564985001,1007.60156
1549564985044,1007.60156
1549564985077,1007.60156
1549564985115,1007.5942
1549564985154,1007.5942
1549564985198,1007.5942
1549564985231,1007.5942
1549564985269,1007.59064
1549564985310,1007.59064
1549564985356,1007.59064
1549564985386,1007.59064
1549564985425,1007.59863
1549564985462,1007.59863
1549564985502,1007.59863
1549564985541,1007.59863
1549564985578,1007.58844
1549564985617,1007.58844
1549564985657,1007.58844
1549564985696,1007.58844
1549564985733,1007.58844
1549564985775,1007.60583
1549564985813,1007.60583
1549564985849,1007.60583
1549564985892,1007.60583
1549564985923,1007.5907
1549564985963,1007.5907
1549564986002,1007.5907
1549564986041,1007.5907
1549564986079,1007.5818
1549564986117,1007.5818
1549564986156,1007.5818
1549564986195,1007.5818
1549564986234,1007.5815
1549564986271,1007.5815
1549564986310,1007.5815
1549564986350,1007.5815
1549564986387,1007.57416
1549564986455,1007.57416
1549564986466,1007.57416
1549564986501,1007.57416
1549564986539,1007.58044
1549564986580,1007.58044
1549564986618,1007.58044
1549564986655,1007.58044
1549564986695,1007.57196
1549564986741,1007.57196
1549564986772,1007.57196
1549564986808,1007.57196
1549564986848,1007.56134
1549564986888,1007.56134
1549564986923,1007.56134
1549564986963,1007.56134
1549564987003,1007.56226
1549564987040,1007.56226
1549564987079,1007.56226
1549564987117,1007.56226
1549564987156,1007.57434
1549564987194,1007.57434
1549564987233,1007.57434
1549564987271,1007.57434
1549564987309,1007.56616
1549564987349,1007.56616
1549564987395,1007.56616
1549564987425,1007.56616
1549564987464,1007.57495
1549564987503,1007.57495
1549564987540,1007.57495
1549564987577,1007.57495
1549564987618,1007.57587
1549564987655,1007.57587
1549564987694,1007.57587
1549564987735,1007.57587
1549564987771,1007.5768
1549564987810,1007.5768
1549564987848,1007.5768
1549564987886,1007.5768
1549564987924,1007.5678
1549564987963,1007.5678
1549564988001,1007.5678
1549564988039,1007.5678
1549564988078,1007.5609
1549564988128,1007.5609
1549564988157,1007.5609
1549564988193,1007.5609
1549564988230,1007.5742
1549564988271,1007.5742
1549564988309,1007.5742
1549564988350,1007.5742
1549564988387,1007.58167
1549564988424,1007.58167
1549564988465,1007.58167
1549564988511,1007.58167
1549564988542,1007.5727
1549564988578,1007.5727
1549564988616,1007.5727
1549564988655,1007.5727
1549564988696,1007.5873
1549564988735,1007.5873
1549564988771,1007.5873
1549564988808,1007.5873
1549564988847,1007.5734
1549564988885,1007.5734
1549564988925,1007.5734
1549564988962,1007.5734
1549564989006,1007.56445
1549564989040,1007.56445
1549564989078,1007.56445
1549564989116,1007.56445
1549564989155,1007.5691
1549564989192,1007.5691
1549564989231,1007.5691
1549564989272,1007.5691
1549564989310,1007.5631
1549564989347,1007.5631
1549564989385,1007.5631
1549564989425,1007.5631
1549564989463,1007.57385
1549564989500,1007.57385
1549564989541,1007.57385
1549564989578,1007.57385
1549564989617,1007.57196
1549564989656,1007.57196
1549564989693,1007.57196
1549564989738,1007.57196
1549564989769,1007.5625
1549564989809,1007.5625
1549564989847,1007.5625
1549564989902,1007.5625
1549564989924,1007.56384
1549564989964,1007.56384
1549564990002,1007.56384
1549564990040,1007.56384
1549564990083,1007.5619
1549564990115,1007.5619
1549564990154,1007.5619
1549564990194,1007.5619
1549564990232,1007.5501
1549564990271,1007.5501
1549564990309,1007.5501
1549564990347,1007.5501
1549564990386,1007.54486
1549564990423,1007.54486
1549564990462,1007.54486
1549564990501,1007.54486
1549564990538,1007.53094
1549564990577,1007.53094
1549564990617,1007.53094
1549564990655,1007.53094
1549564990697,1007.5323
1549564990733,1007.5323
1549564990769,1007.5323
1549564990808,1007.5323
1549564990847,1007.5365
1549564990884,1007.5365
1549564990955,1007.5365
1549564990965,1007.5365
1549564991004,1007.5325
1549564991039,1007.5325
1549564991077,1007.5325
1549564991116,1007.5325
1549564991159,1007.54944
1549564991192,1007.54944
1549564991237,1007.54944
1549564991270,1007.54944
1549564991307,1007.552
1549564991346,1007.552
1549564991384,1007.552
1549564991426,1007.552
1549564991463,1007.5381
1549564991504,1007.5381
1549564991539,1007.5381
1549564991577,1007.5381
1549564991616,1007.54065
1549564991654,1007.54065
1549564991694,1007.54065
1549564991731,1007.54065
1549564991770,1007.5313
1549564991808,1007.5313
1549564991849,1007.5313
1549564991884,1007.5313
1549564991923,1007.53546
1549564991962,1007.53546
1549564992004,1007.53546
1549564992038,1007.53546
1549564992080,1007.5397
1549564992117,1007.5397
1549564992154,1007.5397
1549564992193,1007.5397
1549564992232,1007.54224
1549564992270,1007.54224
1549564992309,1007.54224
1549564992348,1007.54224
1549564992385,1007.54767
1549564992423,1007.54767
1549564992478,1007.54767
1549564992498,1007.54767
1549564992544,1007.5395
1549564992576,1007.5395
1549564992617,1007.5395
1549564992653,1007.5395
1549564992695,1007.5417
1549564992733,1007.5417
1549564992770,1007.5417
1549564992824,1007.5417
1549564992848,1007.552
1549564992886,1007.552
1549564992930,1007.552
1549564992963,1007.552
1549564992999,1007.54016
1549564993038,1007.54016
1549564993077,1007.54016
1549564993117,1007.54016
1549564993154,1007.5547
1549564993194,1007.5547
1549564993232,1007.5547
1549564993271,1007.5547
1549564993307,1007.549
1549564993346,1007.549
1549564993385,1007.549
1549564993426,1007.549
1549564993461,1007.5446
1549564993498,1007.5446
1549564993539,1007.5446
1549564993578,1007.5446
1549564993616,1007.5446
1549564993655,1007.55615
1549564993693,1007.55615
1549564993732,1007.55615
1549564993772,1007.55615
1549564993808,1007.5502
1549564993845,1007.5502
1549564993885,1007.5502
1549564993923,1007.5502
1549564993962,1007.5527
1549564994001,1007.5527
1549564994038,1007.5527
1549564994078,1007.5527
1549564994115,1007.5491
1549564994153,1007.5491
1549564994192,1007.5491
1549564994231,1007.5491
1549564994269,1007.559
1549564994308,1007.559
1549564994352,1007.559
1549564994383,1007.559
1549564994427,1007.55334
1549564994461,1007.55334
1549564994502,1007.55334
1549564994543,1007.55334
1549564994577,1007.54974
1549564994614,1007.54974
1549564994657,1007.54974
1549564994695,1007.54974
1549564994743,1007.55554
1549564994770,1007.55554
1549564994807,1007.55554
1549564994845,1007.55554
1549564994885,1007.5495
1549564994922,1007.5495
1549564994962,1007.5495
1549564994999,1007.5495
1549564995041,1007.5426
1549564995075,1007.5426
1549564995115,1007.5426
1549564995154,1007.5426
1549564995201,1007.54016
1549564995231,1007.54016
1549564995270,1007.54016
1549564995308,1007.54016
1549564995347,1007.5375
1549564995385,1007.5375
1549564995424,1007.5375
1549564995462,1007.5375
1549564995500,1007.53174
1549564995536,1007.53174
1549564995579,1007.53174
1549564995614,1007.53174
1549564995653,1007.53424
1549564995696,1007.53424
1549564995730,1007.53424
1549564995769,1007.53424
1549564995810,1007.5335
1549564995849,1007.5335
1549564995885,1007.5335
1549564995923,1007.5335
1549564995962,1007.53076
1549564996042,1007.53076
1549564996043,1007.53076
1549564996078,1007.53076
1549564996113,1007.5173
1549564996154,1007.5173
1549564996192,1007.5173
1549564996233,1007.5173
1549564996269,1007.52594
1549564996308,1007.52594
1549564996345,1007.52594
1549564996386,1007.52594
1549564996427,1007.53467
1549564996462,1007.53467
1549564996500,1007.53467
1549564996537,1007.53467
1549564996577,1007.5298
1549564996615,1007.5298
1549564996654,1007.5298
1549564996692,1007.5298
1549564996731,1007.53033
1549564996768,1007.53033
1549564996807,1007.53033
1549564996846,1007.53033
1549564996888,1007.51807
1549564996925,1007.51807
1549564996960,1007.51807
1549564997002,1007.51807
1549564997039,1007.514
1549564997077,1007.514
1549564997146,1007.514
1549564997168,1007.514
1549564997193,1007.528
1549564997230,1007.528
1549564997269,1007.528
1549564997309,1007.528
1549564997346,1007.5211
1549564997384,1007.5211
1549564997423,1007.5211
1549564997462,1007.5211
1549564997502,1007.50964
1549564997537,1007.50964
1549564997576,1007.50964
1549564997613,1007.50964
1549564997652,1007.5122
1549564997691,1007.5122
1549564997731,1007.5122
1549564997769,1007.5122
1549564997808,1007.5065
1549564997845,1007.5065
1549564997884,1007.5065
1549564997923,1007.5065
1549564997961,1007.5136
1549564998001,1007.5136
1549564998046,1007.5136
1549564998079,1007.5136
1549564998114,1007.53424
1549564998157,1007.53424
1549564998191,1007.53424
1549564998230,1007.53424
1549564998270,1007.52026
1549564998306,1007.52026
1549564998361,1007.52026
1549564998386,1007.52026
1549564998422,1007.53186
1549564998460,1007.53186
1549564998499,1007.53186
1549564998538,1007.53186
1549564998575,1007.52
1549564998614,1007.52
1549564998652,1007.52
1549564998694,1007.52
1549564998735,1007.52094
1549564998770,1007.52094
1549564998807,1007.52094
1549564998844,1007.52094
1549564998885,1007.5415
1549564998922,1007.5415
1549564998961,1007.5415
1549564999000,1007.5415
1549564999038,1007.53186
1549564999074,1007.53186
1549564999114,1007.53186
1549564999155,1007.53186
1549564999192,1007.5327
1549564999230,1007.5327
1549564999271,1007.5327
1549564999304,1007.5327
1549564999344,1007.5344
1549564999383,1007.5344
1549564999421,1007.5344
1549564999463,1007.5344
1549564999497,1007.5238
1549564999537,1007.5238
1549564999578,1007.5238
1549564999613,1007.5238
1549564999653,1007.5333
1549564999692,1007.5333
1549564999739,1007.5333
1549564999766,1007.5333
1549564999805,1007.5392
1549564999843,1007.5392
1549564999883,1007.5392
1549564999922,1007.5392
1549564999961,1007.53345
1549564999998,1007.53345
1549565000037,1007.53345
1549565000088,1007.53345
1549565000114,1007.52985
1549565000153,1007.52985
1549565000194,1007.52985
1549565000231,1007.52985
1549565000268,1007.511
1549565000308,1007.511
1549565000343,1007.511
1549565000383,1007.511
1549565000422,1007.5106
1549565000460,1007.5106
1549565000500,1007.5106
1549565000537,1007.5106
1549565000576,1007.5058
1549565000615,1007.5058
1549565000653,1007.5058
1549565000692,1007.5058
1549565000732,1007.4984
1549565000774,1007.4984
1549565000805,1007.4984
1549565000844,1007.4984
1549565000895,1007.5067
1549565000923,1007.5067
1549565000958,1007.5067
1549565000999,1007.5067
1549565001037,1007.501
1549565001075,1007.501
1549565001115,1007.501
1549565001150,1007.501
1549565001194,1007.50354
1549565001233,1007.50354
1549565001266,1007.50354
1549565001307,1007.50354
1549565001344,1007.49414
1549565001382,1007.49414
1549565001420,1007.49414
1549565001460,1007.49414
1549565001502,1007.49414
1549565001538,1007.4962
1549565001576,1007.4962
1549565001613,1007.4962
1549565001653,1007.4962
1549565001690,1007.50494
1549565001729,1007.50494
1549565001767,1007.50494
1549565001804,1007.50494
1549565001844,1007.51733
1549565001883,1007.51733
1549565001920,1007.51733
1549565001959,1007.51733
1549565001999,1007.51
1549565002036,1007.51
1549565002074,1007.51
1549565002112,1007.51
1549565002151,1007.4993
1549565002194,1007.4993
1549565002229,1007.4993
1549565002270,1007.4993
1549565002305,1007.4966
1549565002343,1007.4966
1549565002383,1007.4966
1549565002422,1007.4966
1549565002462,1007.504
1549565002498,1007.504
1549565002536,1007.504
1549565002575,1007.504
1549565002614,1007.5337
1549565002654,1007.5337
1549565002689,1007.5337
1549565002729,1007.5337
1549565002775,1007.5123
1549565002805,1007.5123
1549565002846,1007.5123
1549565002883,1007.5123
1549565002922,1007.526
1549565002964,1007.526
1549565002997,1007.526
1549565003035,1007.526
1549565003076,1007.52075
1549565003113,1007.52075
1549565003152,1007.52075
1549565003192,1007.52075
1549565003230,1007.51666
1549565003268,1007.51666
1549565003305,1007.51666
1549565003344,1007.51666
1549565003384,1007.53394
1549565003422,1007.53394
1549565003461,1007.53394
1549565003498,1007.53394
1549565003535,1007.5134
1549565003575,1007.5134
1549565003614,1007.5134
1549565003650,1007.5134
1549565003698,1007.50653
1549565003729,1007.50653
1549565003766,1007.50653
1549565003805,1007.50653
1549565003846,1007.49255
1549565003884,1007.49255
1549565003922,1007.49255
1549565003960,1007.49255
1549565003998,1007.49146
1549565004035,1007.49146
1549565004073,1007.49146
1549565004112,1007.49146
1549565004153,1007.50995
1549565004189,1007.50995
1549565004228,1007.50995
1549565004265,1007.50995
1549565004306,1007.49854
1549565004344,1007.49854
1549565004382,1007.49854
1549565004421,1007.49854
1549565004460,1007.47516
1549565004498,1007.47516
1549565004536,1007.47516
1549565004575,1007.47516
1549565004613,1007.4703
1549565004654,1007.4703
1549565004703,1007.4703
1549565004727,1007.4703
1549565004765,1007.44977
1549565004808,1007.44977
1549565004846,1007.44977
1549565004895,1007.44977
1549565004921,1007.4572
1549565004958,1007.4572
1549565004996,1007.4572
1549565005036,1007.4572
1549565005082,1007.4531
1549565005114,1007.4531
1549565005150,1007.4531
1549565005188,1007.4531
1549565005229,1007.4487
1549565005266,1007.4487
1549565005304,1007.4487
1549565005364,1007.4487
1549565005383,1007.4496
1549565005426,1007.4496
1549565005459,1007.4496
1549565005496,1007.4496
1549565005536,1007.44385
1549565005573,1007.44385
1549565005616,1007.44385
1549565005664,1007.44385
1549565005691,1007.448
1549565005730,1007.448
1549565005767,1007.448
1549565005804,1007.448
1549565005843,1007.4353
1549565005882,1007.4353
1549565005921,1007.4353
1549565005959,1007.4353
1549565005997,1007.4296
1549565006035,1007.4296
1549565006082,1007.4296
1549565006113,1007.4296
1549565006156,1007.4338
1549565006187,1007.4338
1549565006227,1007.4338
1549565006266,1007.4338
1549565006308,1007.4252
1549565006345,1007.4252
1549565006382,1007.4252
1549565006421,1007.4252
1549565006461,1007.4302
1549565006499,1007.4302
1549565006536,1007.4302
1549565006573,1007.4302
1549565006613,1007.42615
1549565006651,1007.42615
1549565006694,1007.42615
1549565006727,1007.42615
1549565006765,1007.41797
1549565006805,1007.41797
1549565006846,1007.41797
1549565006883,1007.41797
1549565006919,1007.411
1549565006960,1007.411
1549565006996,1007.411
1549565007035,1007.411
1549565007073,1007.43494
1549565007112,1007.43494
1549565007150,1007.43494
1549565007190,1007.43494
1549565007228,1007.4308
1549565007264,1007.4308
1549565007306,1007.4308
1549565007343,1007.4308
1549565007381,1007.43335
1549565007421,1007.43335
1549565007459,1007.43335
1549565007497,1007.43335
1549565007536,1007.4322
1549565007573,1007.4322
1549565007616,1007.4322
1549565007652,1007.4322
1549565007690,1007.4276
1549565007751,1007.4276
1549565007768,1007.4276
1549565007806,1007.4276
1549565007843,1007.4495
1549565007883,1007.4495
1549565007920,1007.4495
1549565007960,1007.4495
1549565007997,1007.4504
1549565008036,1007.4504
1549565008074,1007.4504
1549565008116,1007.4504
1549565008151,1007.46436
1549565008196,1007.46436
1549565008227,1007.46436
1549565008266,1007.46436
1549565008303,1007.4586
1549565008342,1007.4586
1549565008381,1007.4586
1549565008421,1007.4586
1549565008459,1007.45703
1549565008495,1007.45703
1549565008536,1007.45703
1549565008583,1007.45703
1549565008613,1007.4661
1549565008650,1007.4661
1549565008688,1007.4661
1549565008728,1007.4661
1549565008767,1007.45593
1549565008803,1007.45593
1549565008842,1007.45593
1549565008882,1007.45593
1549565008939,1007.4502
1549565008968,1007.4502
1549565008996,1007.4502
1549565009034,1007.4502
1549565009073,1007.43756
1549565009111,1007.43756
1549565009150,1007.43756
1549565009191,1007.43756
1549565009230,1007.4429
1549565009267,1007.4429
1549565009304,1007.4429
1549565009362,1007.4429
1549565009379,1007.4429
1549565009418,1007.4577
1549565009457,1007.4577
1549565009499,1007.4577
1549565009536,1007.4577
1549565009572,1007.4442
1549565009613,1007.4442
1549565009651,1007.4442
1549565009689,1007.4442
1549565009728,1007.45166
1549565009765,1007.45166
1549565009805,1007.45166
1549565009842,1007.45166
1549565009882,1007.44885
1549565009920,1007.44885
1549565009958,1007.44885
1549565009996,1007.44885
1549565010035,1007.4209
1549565010075,1007.4209
1549565010111,1007.4209
1549565010150,1007.4209
1549565010195,1007.42926
1549565010226,1007.42926
1549565010271,1007.42926
1549565010305,1007.42926
1549565010342,1007.42804
1549565010381,1007.42804
1549565010419,1007.42804
1549565010456,1007.42804
1549565010498,1007.44006
1549565010535,1007.44006
1549565010573,1007.44006
1549565010610,1007.44006
1549565010651,1007.4236
1549565010690,1007.4236
1549565010736,1007.4236
1549565010766,1007.4236
1549565010805,1007.4257
1549565010842,1007.4257
1549565010886,1007.4257
1549565010918,1007.4257
1549565010958,1007.43646
1549565010995,1007.43646
1549565011033,1007.43646
1549565011072,1007.43646
1549565011112,1007.4324
1549565011152,1007.4324
1549565011188,1007.4324
1549565011228,1007.4324
1549565011265,1007.43567
1549565011304,1007.43567
1549565011342,1007.43567
1549565011380,1007.43567
1549565011419,1007.42993
1549565011459,1007.42993
1549565011494,1007.42993
1549565011533,1007.42993
1549565011578,1007.4366
1549565011611,1007.4366
1549565011649,1007.4366
1549565011688,1007.4366
1549565011726,1007.45386
1549565011765,1007.45386
1549565011804,1007.45386
1549565011842,1007.45386
1549565011880,1007.45386
1549565011921,1007.45386
1549565011959,1007.45386
1549565011997,1007.45386
1549565012033,1007.4531
1549565012074,1007.4531
1549565012112,1007.4531
1549565012150,1007.4531
1549565012193,1007.4474
1549565012229,1007.4474
1549565012266,1007.4474
1549565012303,1007.4474
1549565012341,1007.4474
1549565012382,1007.4474
1549565012421,1007.4474
1549565012459,1007.4474
1549565012495,1007.45483
1549565012533,1007.45483
1549565012571,1007.45483
1549565012609,1007.45483
1549565012651,1007.4586
1549565012688,1007.4586
1549565012726,1007.4586
1549565012766,1007.4586
1549565012803,1007.47046
1549565012842,1007.47046
1549565012881,1007.47046
1549565012921,1007.47046
1549565012957,1007.46606
1549565012997,1007.46606
1549565013034,1007.46606
1549565013072,1007.46606
1549565013110,1007.4521
1549565013151,1007.4521
1549565013187,1007.4521
1549565013228,1007.4521
1549565013265,1007.45624
1549565013304,1007.45624
1549565013344,1007.45624
1549565013380,1007.45624
1549565013419,1007.462
1549565013456,1007.462
1549565013495,1007.462
1549565013534,1007.462
1549565013573,1007.4773
1549565013633,1007.4773
1549565013648,1007.4773
1549565013686,1007.4773
1549565013726,1007.47314
1549565013772,1007.47314
1549565013807,1007.47314
1549565013840,1007.47314
1549565013883,1007.4855
1549565013922,1007.4855
1549565013955,1007.4855
1549565013995,1007.4855
1549565014034,1007.4617
1549565014073,1007.4617
1549565014125,1007.4617
1549565014148,1007.4617
1549565014190,1007.44324
1549565014226,1007.44324
1549565014265,1007.44324
1549565014303,1007.44324
1549565014342,1007.43555
1549565014380,1007.43555
1549565014421,1007.43555
1549565014457,1007.43555
1549565014496,1007.4174
1549565014535,1007.4174
1549565014571,1007.4174
1549565014610,1007.4174
1549565014649,1007.4114
1549565014688,1007.4114
1549565014728,1007.4114
1549565014764,1007.4114
1549565014803,1007.4105
1549565014841,1007.4105
1549565014881,1007.4105
1549565014918,1007.4105
1549565014955,1007.3954
1549565014995,1007.3954
1549565015032,1007.3954
1549565015072,1007.3954
1549565015112,1007.3892
1549565015213,1007.3892
1549565015213,1007.3892
1549565015227,1007.3892
1549565015267,1007.3897
1549565015386,1007.3897
1549565015386,1007.3897
1549565015386,1007.3897
1549565015517,1007.3856
1549565015517,1007.3856
1549565015519,1007.3856
1549565015536,1007.3856
1549565015654,1007.3864
1549565015655,1007.3864
1549565015657,1007.3864
1549565015818,1007.3864
1549565015818,1007.3889
1549565015819,1007.3889
1549565015819,1007.3889
1549565015876,1007.3889
1549565015914,1007.38116
1549565015917,1007.38116
1549565015956,1007.38116
1549565016018,1007.38116
1549565016032,1007.3754
1549565016070,1007.3754
1549565016113,1007.3754
1549565016169,1007.3754
1549565016331,1007.37134
1549565016332,1007.37134
1549565016332,1007.37134
1549565016332,1007.37134
1549565016352,1007.3768
1549565016378,1007.3768
1549565016416,1007.3768
1549565016481,1007.3768
1549565016492,1007.3755
1549565016562,1007.3755
1549565016577,1007.3755
1549565016613,1007.3755
1549565016647,1007.376
1549565016684,1007.376
1549565016723,1007.376
1549565016763,1007.376
1549565016823,1007.3751
1549565016838,1007.3751
1549565016877,1007.3751
1549565016915,1007.3751
1549565016954,1007.3706
1549565016993,1007.3706
1549565017030,1007.3706
1549565017070,1007.3706
1549565017110,1007.38544
1549565017146,1007.38544
1549565017188,1007.38544
1549565017226,1007.38544
1549565017262,1007.40356
1549565017302,1007.40356
1549565017340,1007.40356
1549565017377,1007.40356
1549565017416,1007.3921
1549565017464,1007.3921
1549565017494,1007.3921
1549565017540,1007.3921
1549565017572,1007.3921
1549565017629,1007.41095
1549565017648,1007.41095
1549565017690,1007.41095
1549565017726,1007.41095
1549565017763,1007.3954
1549565017802,1007.3954
1549565017842,1007.3954
1549565017902,1007.3954
1549565017917,1007.3638
1549565017953,1007.3638
1549565017996,1007.3638
1549565018033,1007.3638
1549565018069,1007.365
1549565018108,1007.365
1549565018147,1007.365
1549565018191,1007.365
1549565018224,1007.3688
1549565018264,1007.3688
1549565018299,1007.3688
1549565018421,1007.3688
1549565018421,1007.36304
1549565018421,1007.36304
1549565018498,1007.36304
1549565018541,1007.36304
1549565018541,1007.3593
1549565018660,1007.3593
1549565018660,1007.3593
1549565018660,1007.3593
1549565018686,1007.36053
1549565018740,1007.36053
1549565018762,1007.36053
1549565018800,1007.36053
1549565018838,1007.35565
1549565018876,1007.35565
1549565018916,1007.35565
1549565018954,1007.35565
1549565018991,1007.3569
1549565019029,1007.3569
1549565019071,1007.3569
1549565019107,1007.3569
1549565019145,1007.35077
1549565019185,1007.35077
1549565019222,1007.35077
1549565019261,1007.35077
1549565019307,1007.33185
1549565019342,1007.33185
1549565019376,1007.33185
