1549564215701,1007.0867
1549564215708,1007.0867
1549564215709,1007.0867
1549564215773,1007.0972
1549564215822,1007.0972
1549564215823,1007.0972
1549564215883,1007.0972
1549564215922,1007.10144
1549564215937,1007.10144
1549564215967,1007.10144
1549564216018,1007.10144
1549564216045,1007.107
1549564216083,1007.107
1549564216123,1007.107
1549564216161,1007.107
1549564216197,1007.1129
1549564216237,1007.1129
1549564216281,1007.1129
1549564216318,1007.1129
1549564216352,1007.11237
1549564216396,1007.11237
1549564216430,1007.11237
1549564216469,1007.11237
1549564216508,1007.1133
1549564216547,1007.1133
1549564216583,1007.1133
1549564216623,1007.1133
1549564216661,1007.1155
1549564216700,1007.1155
1549564216738,1007.1155
1549564216776,1007.1155
1549564216815,1007.11804
1549564216855,1007.11804
1549564216891,1007.11804
1549564216940,1007.11804
1549564216973,1007.1195
1549564217007,1007.1195
1549564217049,1007.1195
1549564217083,1007.1195
1549564217122,1007.12006
1549564217161,1007.12006
1549564217200,1007.12006
1549564217246,1007.12006
1549564217277,1007.12726
1549564217316,1007.12726
1549564217353,1007.12726
1549564217391,1007.12726
1549564217430,1007.12537
1549564217470,1007.12537
1549564217540,1007.12537
1549564217568,1007.12537
1549564217613,1007.12683
1549564217628,1007.12683
1549564217659,1007.12683
1549564217702,1007.12683
1549564217738,1007.1294
1549564217775,1007.1294
1549564217813,1007.1294
1549564217852,1007.1294
1549564217891,1007.12756
1549564217929,1007.12756
1549564217972,1007.12756
1549564218011,1007.12756
1549564218045,1007.13306
1549564218087,1007.13306
1549564218125,1007.13306
1549564218160,1007.13306
1549564218198,1007.1312
1549564218239,1007.1312
1549564218280,1007.1312
1549564218316,1007.1312
1549564218354,1007.12933
1549564218394,1007.12933
1549564218429,1007.12933
1549564218469,1007.12933
1549564218510,1007.1349
1549564218547,1007.1349
1549564218587,1007.1349
1549564218621,1007.1349
1549564218659,1007.12964
1549564218700,1007.12964
1549564218739,1007.12964
1549564218779,1007.12964
1549564218816,1007.12964
1549564218853,1007.12445
1549564218896,1007.12445
1549564218928,1007.12445
1549564218967,1007.12445
1549564219006,1007.1293
1549564219062,1007.1293
1549564219084,1007.1293
1549564219126,1007.1293
1549564219159,1007.1223
1549564219198,1007.1223
1549564219236,1007.1223
1549564219275,1007.1223
1549564219315,1007.1201
1549564219354,1007.1201
1549564219391,1007.1201
1549564219429,1007.1201
1549564219470,1007.1199
1549564219509,1007.1199
1549564219589,1007.1199
1549564219590,1007.1199
1549564219672,1007.12805
1549564219673,1007.12805
1549564219733,1007.12805
1549564219748,1007.12805
1549564219773,1007.1295
1549564219817,1007.1295
1549564219853,1007.1295
1549564219894,1007.1295
1549564219928,1007.12836
1549564219970,1007.12836
1549564220005,1007.12836
1549564220052,1007.12836
1549564220085,1007.1315
1549564220121,1007.1315
1549564220160,1007.1315
1549564220208,1007.1315
1549564220235,1007.14075
1549564220273,1007.14075
1549564220315,1007.14075
1549564220352,1007.14075
1549564220391,1007.1344
1549564220428,1007.1344
1549564220466,1007.1344
1549564220506,1007.1344
1549564220548,1007.13586
1549564220600,1007.13586
1549564220620,1007.13586
1549564220661,1007.13586
1549564220701,1007.1481
1549564220737,1007.1481
1549564220775,1007.1481
1549564220814,1007.1481
1549564220854,1007.1462
1549564220893,1007.1462
1549564220928,1007.1462
1549564220969,1007.1462
1549564221008,1007.141
1549564221046,1007.141
1549564221084,1007.141
1549564221121,1007.141
1549564221161,1007.1391
1549564221201,1007.1391
1549564221237,1007.1391
1549564221275,1007.1391
1549564221315,1007.1422
1549564221354,1007.1422
1549564221390,1007.1422
1549564221434,1007.1422
1549564221470,1007.1537
1549564221506,1007.1537
1549564221545,1007.1537
1549564221593,1007.1537
1549564221632,1007.15344
1549564221664,1007.15344
1549564221697,1007.15344
1549564221736,1007.15344
1549564221776,1007.15454
1549564221815,1007.15454
1549564221852,1007.15454
1549564221890,1007.15454
1549564221930,1007.1519
1549564221968,1007.1519
1549564222005,1007.1519
1549564222044,1007.1519
1549564222083,1007.1575
1549564222122,1007.1575
1549564222159,1007.1575
1549564222202,1007.1575
1549564222237,1007.15393
1549564222277,1007.15393
1549564222313,1007.15393
1549564222351,1007.15393
1549564222391,1007.1587
1549564222428,1007.1587
1549564222466,1007.1587
1549564222506,1007.1587
1549564222543,1007.1626
1549564222583,1007.1626
1549564222620,1007.1626
1549564222659,1007.1626
1549564222705,1007.1549
1549564222737,1007.1549
1549564222774,1007.1549
1549564222814,1007.1549
1549564222851,1007.15967
1549564222892,1007.15967
1549564222930,1007.15967
1549564222971,1007.15967
1549564223011,1007.1642
1549564223046,1007.1642
1549564223083,1007.1642
1549564223122,1007.1642
1549564223160,1007.1561
1549564223199,1007.1561
1549564223235,1007.1561
1549564223274,1007.1561
1549564223317,1007.1576
1549564223353,1007.1576
1549564223391,1007.1576
1549564223428,1007.1576
1549564223465,1007.16205
1549564223506,1007.16205
1549564223544,1007.16205
1549564223630,1007.16205
1549564223630,1007.17126
1549564223663,1007.17126
1549564223698,1007.17126
1549564223733,1007.17126
1549564223777,1007.166
1549564223813,1007.166
1549564223850,1007.166
1549564223891,1007.166
1549564223929,1007.1608
1549564223966,1007.1608
1549564224005,1007.1608
1549564224047,1007.1608
1549564224081,1007.1553
1549564224120,1007.1553
1549564224162,1007.1553
1549564224196,1007.1553
1549564224235,1007.1534
1549564224274,1007.1534
1549564224313,1007.1534
1549564224354,1007.1534
1549564224392,1007.15485
1549564224432,1007.15485
1549564224467,1007.15485
1549564224506,1007.15485
1549564224547,1007.15295
1549564224582,1007.15295
1549564224621,1007.15295
1549564224661,1007.15295
1549564224696,1007.1527
1549564224737,1007.1527
1549564224774,1007.1527
1549564224813,1007.1527
1549564224852,1007.15826
1549564224897,1007.15826
1549564224928,1007.15826
1549564224965,1007.15826
1549564225006,1007.1564
1549564225043,1007.1564
1549564225086,1007.1564
1549564225122,1007.1564
1549564225160,1007.15955
1549564225206,1007.15955
1549564225240,1007.15955
1549564225274,1007.15955
1549564225313,1007.15485
1549564225351,1007.15485
1549564225390,1007.15485
1549564225447,1007.15485
1549564225467,1007.15405
1549564225504,1007.15405
1549564225543,1007.15405
1549564225582,1007.15405
1549564225621,1007.1539
1549564225660,1007.1539
1549564225697,1007.1539
1549564225737,1007.1539
1549564225775,1007.147
1549564225815,1007.147
1549564225851,1007.147
1549564225891,1007.147
1549564225928,1007.1475
1549564225970,1007.1475
1549564226006,1007.1475
1549564226046,1007.1475
1549564226085,1007.1525
1549564226119,1007.1395
1549564226158,1007.1395
1549564226198,1007.1395
1549564226236,1007.1395
1549564226273,1007.1471
1549564226313,1007.1471
1549564226351,1007.1471
1549564226389,1007.1471
1549564226430,1007.14685
1549564226468,1007.14685
1549564226506,1007.14685
1549564226543,1007.14685
1549564226582,1007.1372
1549564226620,1007.1372
1549564226664,1007.1372
1549564226698,1007.1372
1549564226747,1007.14276
1549564226772,1007.14276
1549564226812,1007.14276
1549564226850,1007.14276
1549564226889,1007.13916
1549564226929,1007.13916
1549564226972,1007.13916
1549564227005,1007.13916
1549564227044,1007.1451
1549564227082,1007.1451
1549564227126,1007.1451
1549564227159,1007.1451
1549564227198,1007.1449
1549564227236,1007.1449
1549564227273,1007.1449
1549564227312,1007.1449
1549564227351,1007.13684
1549564227391,1007.13684
1549564227428,1007.13684
1549564227468,1007.13684
1549564227508,1007.1366
1549564227543,1007.1366
1549564227584,1007.1366
1549564227630,1007.1366
1549564227660,1007.1322
1549564227694,1007.1322
1549564227735,1007.1322
1549564227773,1007.1322
1549564227813,1007.13367
1549564227850,1007.13367
1549564227892,1007.13367
1549564227930,1007.13367
1549564227969,1007.12897
1549564228004,1007.12897
1549564228042,1007.12897
1549564228080,1007.12897
1549564228119,1007.13153
1549564228160,1007.13153
1549564228197,1007.13153
1549564228236,1007.13153
1549564228273,1007.12964
1549564228314,1007.12964
1549564228351,1007.12964
1549564228391,1007.12964
1549564228427,1007.1291
1549564228468,1007.1291
1549564228504,1007.1291
1549564228546,1007.1291
1549564228581,1007.1233
1549564228625,1007.1233
1549564228666,1007.1233
1549564228699,1007.1233
1549564228736,1007.12384
1549564228771,1007.12384
1549564228812,1007.12384
1549564228850,1007.12384
1549564228889,1007.12976
1549564228926,1007.12976
1549564228967,1007.12976
1549564229005,1007.12976
1549564229049,1007.1312
1549564229081,1007.1312
1549564229120,1007.1312
1549564229160,1007.1312
1549564229197,1007.1323
1549564229235,1007.1323
1549564229272,1007.1323
1549564229311,1007.1323
1549564229350,1007.1332
1549564229391,1007.1332
1549564229432,1007.1332
1549564229465,1007.1332
1549564229505,1007.1371
1549564229542,1007.1371
1549564229582,1007.1371
1549564229618,1007.1371
1549564229672,1007.1413
1549564229702,1007.1413
1549564229737,1007.1413
1549564229772,1007.1413
1549564229815,1007.14185
1549564229849,1007.14185
1549564229889,1007.14185
1549564229927,1007.14185
1549564229966,1007.13995
1549564230004,1007.13995
1549564230043,1007.13995
1549564230079,1007.13995
1549564230120,1007.1459
1549564230158,1007.1459
1549564230201,1007.1459
1549564230235,1007.1459
1549564230275,1007.14197
1549564230310,1007.14197
1549564230349,1007.14197
1549564230389,1007.14197
1549564230428,1007.1428
1549564230465,1007.1428
1549564230505,1007.1428
1549564230542,1007.1428
1549564230583,1007.14264
1549564230621,1007.14264
1549564230659,1007.14264
1549564230696,1007.14264
1549564230738,1007.14075
1549564230772,1007.14075
1549564230810,1007.14075
1549564230850,1007.14075
1549564230890,1007.14575
1549564230925,1007.14575
1549564230969,1007.14575
1549564231006,1007.14575
1549564231041,1007.14185
1549564231082,1007.14185
1549564231119,1007.14185
1549564231158,1007.14185
1549564231201,1007.1494
1549564231242,1007.1494
1549564231272,1007.1494
1549564231310,1007.1494
1549564231350,1007.1516
1549564231390,1007.1516
1549564231427,1007.1516
1549564231465,1007.1516
1549564231504,1007.1492
1549564231545,1007.1492
1549564231581,1007.1492
1549564231626,1007.1492
1549564231657,1007.15137
1549564231695,1007.15137
1549564231743,1007.15137
1549564231772,1007.15137
1549564231812,1007.1478
1549564231850,1007.1478
1549564231888,1007.1478
1549564231926,1007.1478
1549564231965,1007.14343
1549564232005,1007.14343
1549564232042,1007.14343
1549564232081,1007.14343
1549564232121,1007.1534
1549564232157,1007.1534
1549564232199,1007.1534
1549564232238,1007.1534
1549564232273,1007.1526
1549564232312,1007.1526
1549564232351,1007.1526
1549564232387,1007.1526
1549564232425,1007.1565
1549564232463,1007.1565
1549564232504,1007.1565
1549564232542,1007.1565
1549564232580,1007.1615
1549564232621,1007.1615
1549564232662,1007.1615
1549564232695,1007.1615
1549564232738,1007.16077
1549564232773,1007.16077
1549564232814,1007.16077
1549564232850,1007.16077
1549564232891,1007.16907
1549564232926,1007.16907
1549564232966,1007.16907
1549564233002,1007.16907
1549564233042,1007.1696
1549564233079,1007.1696
1549564233121,1007.1696
1549564233157,1007.1696
1549564233196,1007.1605
1549564233241,1007.1605
1549564233271,1007.1605
1549564233312,1007.1605
1549564233349,1007.1594
1549564233388,1007.1594
1549564233425,1007.1594
1549564233466,1007.1594
1549564233503,1007.157
1549564233540,1007.157
1549564233582,1007.157
1549564233620,1007.157
1549564233658,1007.157
1549564233695,1007.157
1549564233741,1007.157
1549564233778,1007.157
1549564233811,1007.157
1549564233850,1007.1525
1549564233886,1007.1525
1549564233925,1007.1525
1549564233968,1007.1525
1549564234008,1007.1542
1549564234042,1007.1542
1549564234081,1007.1542
1549564234118,1007.1542
1549564234157,1007.1542
1549564234197,1007.1542
1549564234234,1007.1542
1549564234273,1007.1542
1549564234311,1007.1525
1549564234353,1007.1525
1549564234387,1007.1525
1549564234440,1007.1525
1549564234464,1007.1447
1549564234505,1007.1447
1549564234543,1007.1447
1549564234583,1007.1447
1549564234619,1007.14636
1549564234656,1007.14636
1549564234698,1007.14636
1549564234733,1007.14636
1549564234771,1007.1531
1549564234816,1007.1531
1549564234848,1007.1531
1549564234887,1007.1531
1549564234926,1007.15564
1549564234965,1007.15564
1549564235002,1007.15564
1549564235041,1007.15564
1549564235083,1007.15564
1549564235118,1007.15564
1549564235159,1007.15564
1549564235196,1007.15564
1549564235234,1007.1545
1549564235270,1007.1545
1549564235311,1007.1545
1549564235350,1007.1545
1549564235395,1007.15283
1549564235427,1007.15283
1549564235470,1007.15283
1549564235503,1007.15283
1549564235540,1007.15204
1549564235581,1007.15204
1549564235619,1007.15204
1549564235657,1007.15204
1549564235697,1007.1476
1549564235734,1007.1476
1549564235769,1007.1476
1549564235809,1007.1476
1549564235849,1007.14185
1549564235889,1007.14185
1549564235927,1007.14185
1549564235970,1007.14185
1549564236002,1007.14075
1549564236041,1007.14075
1549564236080,1007.14075
1549564236117,1007.14075
1549564236157,1007.14404
1549564236195,1007.14404
1549564236232,1007.14404
1549564236274,1007.14404
1549564236309,1007.1446
1549564236350,1007.1446
1549564236388,1007.1446
1549564236426,1007.1446
1549564236466,1007.14795
1549564236503,1007.14795
1549564236541,1007.14795
1549564236581,1007.14795
1549564236620,1007.1496
1549564236656,1007.1496
1549564236698,1007.1496
1549564236739,1007.1496
1549564236771,1007.15295
1549564236809,1007.15295
1549564236847,1007.15295
1549564236887,1007.15295
1549564236926,1007.1455
1549564236968,1007.1455
1549564237005,1007.1455
1549564237040,1007.1455
1549564237088,1007.14197
1549564237121,1007.14197
1549564237156,1007.14197
1549564237194,1007.14197
1549564237247,1007.13416
1549564237271,1007.13416
1549564237308,1007.13416
1549564237348,1007.13416
1549564237386,1007.1367
1549564237426,1007.1367
1549564237466,1007.1367
1549564237509,1007.1367
1549564237540,1007.1351
1549564237578,1007.1351
1549564237627,1007.1351
1549564237659,1007.1351
1549564237697,1007.13226
1549564237736,1007.13226
1549564237773,1007.13226
1549564237809,1007.13226
1549564237853,1007.13226
1549564237890,1007.13226
1549564237925,1007.13226
1549564237967,1007.13226
1549564238003,1007.1245
1549564238041,1007.1245
1549564238084,1007.1245
1549564238120,1007.1245
1549564238156,1007.1228
1549564238195,1007.1228
1549564238243,1007.1228
1549564238270,1007.1228
1549564238308,1007.12036
1549564238346,1007.12036
1549564238389,1007.12036
1549564238426,1007.12036
1549564238463,1007.1176
1549564238501,1007.1176
1549564238558,1007.1176
1549564238581,1007.1176
1549564238618,1007.1209
1549564238655,1007.1209
1549564238692,1007.1209
1549564238732,1007.1209
1549564238772,1007.1218
1549564238808,1007.1218
1549564238847,1007.1218
1549564238886,1007.1218
1549564238926,1007.12573
1549564238964,1007.12573
1549564239002,1007.12573
1549564239040,1007.12573
1549564239079,1007.13074
1549564239118,1007.13074
1549564239156,1007.13074
1549564239194,1007.13074
1549564239233,1007.1316
1549564239279,1007.1316
1549564239311,1007.1316
1549564239350,1007.1316
1549564239385,1007.13324
1549564239425,1007.13324
1549564239464,1007.13324
1549564239504,1007.13324
1549564239541,1007.1366
1549564239578,1007.1366
1549564239617,1007.1366
1549564239656,1007.1366
1549564239705,1007.1288
1549564239730,1007.1288
1549564239774,1007.1288
1549564239809,1007.1288
1549564239848,1007.12604
1549564239884,1007.12604
1549564239927,1007.12604
1549564239963,1007.12604
1549564240000,1007.12195
1549564240050,1007.12195
1549564240079,1007.12195
1549564240117,1007.12195
1549564240158,1007.1236
1549564240203,1007.1236
1549564240235,1007.1236
1549564240275,1007.1236
1549564240308,1007.1236
1549564240345,1007.1236
1549564240386,1007.1236
1549564240427,1007.1236
1549564240463,1007.1175
1549564240501,1007.1175
1549564240540,1007.1175
1549564240582,1007.1175
1549564240619,1007.1134
1549564240654,1007.1134
1549564240695,1007.1134
1549564240735,1007.1134
1549564240772,1007.11505
1549564240807,1007.11505
1549564240847,1007.11505
1549564240885,1007.11505
1549564240923,1007.1134
1549564240965,1007.1134
1549564241002,1007.1134
1549564241039,1007.1134
1549564241078,1007.1089
1549564241117,1007.1089
1549564241156,1007.1089
1549564241193,1007.1089
1549564241237,1007.1015
1549564241273,1007.1015
1549564241307,1007.1015
1549564241348,1007.1015
1549564241385,1007.10315
1549564241424,1007.10315
1549564241464,1007.10315
1549564241505,1007.10315
1549564241541,1007.10315
1549564241578,1007.0987
1549564241618,1007.0987
1549564241656,1007.0987
1549564241697,1007.0987
1549564241736,1007.10205
1549564241771,1007.10205
1549564241807,1007.10205
1549564241847,1007.10205
1549564241886,1007.0996
1549564241925,1007.0996
1549564241963,1007.0996
1549564242001,1007.0996
1549564242041,1007.1051
1549564242082,1007.1051
1549564242119,1007.1051
1549564242156,1007.1051
1549564242193,1007.10846
1549564242233,1007.10846
1549564242273,1007.10846
1549564242307,1007.10846
1549564242346,1007.10736
1549564242392,1007.10736
1549564242423,1007.10736
1549564242462,1007.10736
1549564242502,1007.1107
1549564242538,1007.1107
1549564242579,1007.1107
1549564242622,1007.1107
1549564242653,1007.1083
1549564242693,1007.1083
1549564242731,1007.1083
1549564242781,1007.1083
1549564242809,1007.1071
1549564242849,1007.1071
1549564242884,1007.1071
1549564242924,1007.1071
1549564242962,1007.10803
1549564243000,1007.10803
1549564243039,1007.10803
1549564243078,1007.10803
1549564243115,1007.11633
1549564243153,1007.11633
1549564243198,1007.11633
1549564243232,1007.11633
1549564243273,1007.1136
1549564243307,1007.1136
1549564243347,1007.1136
1549564243386,1007.1136
1549564243423,1007.1078
1549564243462,1007.1078
1549564243519,1007.1078
1549564243540,1007.1078
1549564243593,1007.1095
1549564243614,1007.1095
1549564243653,1007.1095
1549564243692,1007.1095
1549564243732,1007.1067
1549564243771,1007.1067
1549564243808,1007.1067
1549564243853,1007.1067
1549564243888,1007.1117
1549564243924,1007.1117
1549564243962,1007.1117
1549564244003,1007.1117
1549564244041,1007.1089
1549564244075,1007.1089
1549564244116,1007.1089
1549564244156,1007.1089
1549564244194,1007.1139
1549564244233,1007.1139
1549564244269,1007.1139
1549564244311,1007.1139
1549564244347,1007.11554
1549564244384,1007.11554
1549564244423,1007.11554
1549564244461,1007.11554
1549564244500,1007.1148
1549564244539,1007.1148
1549564244581,1007.1148
1549564244616,1007.1148
1549564244657,1007.11536
1549564244694,1007.11536
1549564244732,1007.11536
1549564244769,1007.11536
1549564244807,1007.12036
1549564244844,1007.12036
1549564244886,1007.12036
1549564244924,1007.12036
1549564244961,1007.1212
1549564245002,1007.1212
1549564245039,1007.1212
1549564245080,1007.1212
1549564245116,1007.1296
1549564245153,1007.1296
1549564245192,1007.1296
1549564245232,1007.1296
1549564245273,1007.1234
1549564245309,1007.1234
1549564245346,1007.1234
1549564245384,1007.1234
1549564245423,1007.1234
1549564245463,1007.1234
1549564245500,1007.1234
1549564245539,1007.1234
1549564245578,1007.1251
1549564245617,1007.1251
1549564245653,1007.1251
1549564245700,1007.1251
1549564245730,1007.1251
1549564245767,1007.1251
1549564245809,1007.1251
1549564245849,1007.1251
1549564245886,1007.1268
1549564245923,1007.1268
1549564245964,1007.1268
1549564246000,1007.1268
1549564246039,1007.1234
1549564246077,1007.1234
1549564246116,1007.1234
1549564246153,1007.1234
1549564246192,1007.12177
1549564246231,1007.12177
1549564246270,1007.12177
1549564246308,1007.12177
1549564246346,1007.11676
1549564246383,1007.11676
1549564246425,1007.11676
1549564246464,1007.11676
1549564246501,1007.1151
1549564246540,1007.1151
1549564246576,1007.1151
1549564246618,1007.1151
1549564246655,1007.1129
1549564246694,1007.1129
1549564246741,1007.1129
1549564246772,1007.1129
1549564246809,1007.1062
1549564246844,1007.1062
1549564246885,1007.1062
1549564246924,1007.1062
1549564246965,1007.1129
1549564247007,1007.1129
1549564247038,1007.1129
1549564247076,1007.1129
1549564247120,1007.1079
1549564247161,1007.1079
1549564247195,1007.1079
1549564247231,1007.1079
1549564247269,1007.11035
1549564247309,1007.11035
1549564247345,1007.11035
1549564247386,1007.11035
1549564247422,1007.10864
1549564247464,1007.10864
1549564247501,1007.10864
1549564247539,1007.10864
1549564247577,1007.107
1549564247616,1007.107
1549564247655,1007.107
1549564247697,1007.107
1549564247732,1007.102
1549564247770,1007.102
1549564247809,1007.102
1549564247845,1007.102
1549564247885,1007.0979
1549564247922,1007.0979
1549564247960,1007.0979
1549564248000,1007.0979
1549564248038,1007.10455
1549564248078,1007.10455
1549564248116,1007.10455
1549564248158,1007.10455
1549564248191,1007.107
1549564248230,1007.107
1549564248270,1007.107
1549564248305,1007.107
1549564248350,1007.107
1549564248384,1007.107
1549564248423,1007.107
1549564248462,1007.107
1549564248502,1007.1062
1549564248540,1007.1062
1549564248575,1007.1062
1549564248621,1007.1062
1549564248652,1007.1079
1549564248694,1007.1079
1549564248731,1007.1079
1549564248773,1007.1079
1549564248810,1007.1062
1549564248844,1007.1062
1549564248886,1007.1062
1549564248921,1007.1062
1549564248959,1007.1118
1549564248998,1007.1118
1549564249043,1007.1118
1549564249080,1007.1118
1549564249114,1007.11346
1549564249153,1007.11346
1549564249196,1007.11346
1549564249231,1007.11346
1549564249269,1007.11346
1549564249307,1007.11346
1549564249348,1007.11346
1549564249384,1007.11346
1549564249423,1007.11346
1549564249461,1007.111
1549564249500,1007.111
1549564249540,1007.111
1549564249577,1007.111
1549564249614,1007.10767
1549564249654,1007.10767
1549564249710,1007.10767
1549564249730,1007.10767
1549564249768,1007.106
1549564249808,1007.106
1549564249843,1007.106
1549564249882,1007.106
1549564249925,1007.10486
1549564249964,1007.10486
1549564249999,1007.10486
1549564250038,1007.10486
1549564250079,1007.1071
1549564250113,1007.1071
1549564250153,1007.1071
1549564250207,1007.1071
1549564250232,1007.1105
1549564250266,1007.1105
1549564250306,1007.1105
1549564250342,1007.1105
1549564250383,1007.1063
1549564250420,1007.1063
1549564250468,1007.1063
1549564250498,1007.1063
1549564250536,1007.1102
1549564250575,1007.1102
1549564250617,1007.1102
1549564250650,1007.1102
1549564250691,1007.1135
1549564250727,1007.1135
1549564250766,1007.1135
1549564250806,1007.1135
1549564250847,1007.10944
1549564250884,1007.10944
1549564250923,1007.10944
1549564250958,1007.10944
1549564250999,1007.1111
1549564251037,1007.1111
1549564251074,1007.1111
1549564251112,1007.1111
1549564251153,1007.11523
1549564251190,1007.11523
1549564251230,1007.11523
1549564251266,1007.11523
1549564251306,1007.11523
1549564251355,1007.11523
1549564251382,1007.11523
1549564251422,1007.11523
1549564251459,1007.10944
1549564251498,1007.10944
1549564251536,1007.10944
1549564251577,1007.10944
1549564251615,1007.10834
1549564251651,1007.10834
1549564251692,1007.10834
1549564251728,1007.10834
1549564251766,1007.1109
1549564251804,1007.1109
1549564251843,1007.1109
1549564251882,1007.1109
1549564251919,1007.1092
1549564251958,1007.1092
1549564252000,1007.1092
1549564252037,1007.1092
1549564252074,1007.0998
1549564252113,1007.0998
1549564252151,1007.0998
1549564252189,1007.0998
1549564252229,1007.0931
1549564252266,1007.0931
1549564252306,1007.0931
1549564252343,1007.0931
1549564252384,1007.09143
1549564252423,1007.09143
1549564252459,1007.09143
1549564252499,1007.09143
1549564252535,1007.09644
1549564252574,1007.09644
1549564252614,1007.09644
1549564252657,1007.09644
1549564252692,1007.0981
1549564252729,1007.0981
1549564252768,1007.0981
1549564252808,1007.0981
1549564252844,1007.09143
1549564252883,1007.09143
1549564252921,1007.09143
1549564252960,1007.09143
1549564253000,1007.08813
1549564253039,1007.08813
1549564253078,1007.08813
1549564253116,1007.08813
1549564253150,1007.08923
1549564253190,1007.08923
1549564253229,1007.08923
1549564253268,1007.08923
1549564253305,1007.0867
1549564253346,1007.0867
1549564253384,1007.0867
1549564253422,1007.0867
1549564253459,1007.0902
1549564253497,1007.0902
1549564253540,1007.0902
1549564253576,1007.0902
1549564253615,1007.088
1549564253653,1007.088
1549564253689,1007.088
1549564253730,1007.088
1549564253768,1007.0949
1549564253810,1007.0949
1549564253844,1007.0949
1549564253899,1007.0949
1549564253921,1007.09845
1549564253959,1007.09845
1549564253997,1007.09845
1549564254036,1007.09845
1549564254078,1007.10034
1549564254115,1007.10034
1549564254152,1007.10034
1549564254191,1007.10034
1549564254230,1007.1006
1549564254267,1007.1006
1549564254311,1007.1006
1549564254343,1007.1006
1549564254382,1007.1019
1549564254423,1007.1019
1549564254460,1007.1019
1549564254513,1007.1019
1549564254535,1007.1021
1549564254575,1007.1021
1549564254615,1007.1021
1549564254652,1007.1021
1549564254691,1007.1096
1549564254732,1007.1096
1549564254766,1007.1096
1549564254806,1007.1096
1549564254844,1007.1015
1549564254882,1007.1015
1549564254922,1007.1015
1549564254961,1007.1015
1549564255000,1007.0991
1549564255038,1007.0991
1549564255077,1007.0991
1549564255112,1007.0991
1549564255154,1007.101
1549564255194,1007.101
1549564255235,1007.101
1549564255268,1007.101
1549564255304,1007.10736
1549564255343,1007.10736
1549564255381,1007.10736
1549564255420,1007.10736
1549564255468,1007.10706
1549564255496,1007.10706
1549564255537,1007.10706
1549564255574,1007.10706
1549564255611,1007.10504
1549564255653,1007.10504
1549564255690,1007.10504
1549564255739,1007.10504
1549564255767,1007.1111
1549564255805,1007.1111
1549564255843,1007.1111
1549564255881,1007.1111
1549564255920,1007.1174
1549564255959,1007.1174
1549564256001,1007.1174
1549564256038,1007.1174
1549564256076,1007.12036
1549564256114,1007.12036
1549564256152,1007.12036
1549564256197,1007.12036
1549564256229,1007.1106
1549564256266,1007.1106
1549564256307,1007.1106
1549564256342,1007.1106
1549564256383,1007.11365
1549564256418,1007.11365
1549564256458,1007.11365
1549564256498,1007.11365
1549564256535,1007.1089
1549564256575,1007.1089
1549564256615,1007.1089
1549564256649,1007.1089
1549564256690,1007.11487
1549564256734,1007.11487
1549564256764,1007.11487
1549564256803,1007.11487
1549564256846,1007.11005
1549564256881,1007.11005
1549564256919,1007.11005
1549564256957,1007.11005
1549564256999,1007.11005
1549564257034,1007.1073
1549564257073,1007.1073
1549564257111,1007.1073
1549564257149,1007.1073
1549564257188,1007.10583
1549564257226,1007.10583
1549564257265,1007.10583
1549564257307,1007.10583
1549564257342,1007.09827
1549564257383,1007.09827
1549564257418,1007.09827
1549564257458,1007.09827
1549564257499,1007.1018
1549564257536,1007.1018
1549564257573,1007.1018
1549564257614,1007.1018
1549564257673,1007.0996
1549564257706,1007.0996
1549564257729,1007.0996
1549564257765,1007.0996
1549564257806,1007.1074
1549564257841,1007.1074
1549564257882,1007.1074
1549564257919,1007.1074
1549564257957,1007.1126
1549564257999,1007.1126
1549564258040,1007.1126
1549564258072,1007.1126
1549564258114,1007.11865
1549564258163,1007.11865
1549564258188,1007.11865
1549564258229,1007.11865
1549564258269,1007.11475
1549564258303,1007.11475
1549564258342,1007.11475
1549564258384,1007.11475
1549564258430,1007.1142
1549564258457,1007.1142
1549564258496,1007.1142
1549564258536,1007.1142
1549564258572,1007.115
1549564258613,1007.115
1549564258653,1007.115
1549564258698,1007.115
1549564258731,1007.1211
1549564258768,1007.1211
1549564258804,1007.1211
1549564258842,1007.1211
1549564258881,1007.12683
1549564258921,1007.12683
1549564258958,1007.12683
1549564258998,1007.12683
1549564259039,1007.1271
1549564259073,1007.1271
1549564259111,1007.1271
1549564259154,1007.1271
1549564259193,1007.1282
1549564259227,1007.1282
1549564259266,1007.1282
1549564259305,1007.1282
1549564259341,1007.1267
1549564259381,1007.1267
1549564259421,1007.1267
1549564259459,1007.1267
1549564259496,1007.12286
1549564259534,1007.12286
1549564259574,1007.12286
1549564259614,1007.12286
1549564259650,1007.12195
1549564259694,1007.12195
1549564259729,1007.12195
1549564259766,1007.12195
1549564259809,1007.1222
1549564259842,1007.1222
1549564259881,1007.1222
1549564259920,1007.1222
1549564259957,1007.1183
1549564259995,1007.1183
1549564260040,1007.1183
1549564260086,1007.1183
1549564260111,1007.12244
1549564260148,1007.12244
1549564260188,1007.12244
1549564260227,1007.12244
1549564260265,1007.1313
1549564260303,1007.1313
1549564260345,1007.1313
1549564260381,1007.1313
1549564260422,1007.1321
1549564260459,1007.1321
1549564260494,1007.1321
1549564260536,1007.1321
1549564260573,1007.1265
1549564260612,1007.1265
1549564260649,1007.1265
1549564260691,1007.1265
1549564260729,1007.1317
1549564260767,1007.1317
1549564260804,1007.1317
1549564260843,1007.1317
1549564260879,1007.1275
1549564260921,1007.1275
1549564260958,1007.1275
1549564260996,1007.1275
1549564261037,1007.12195
1549564261074,1007.12195
1549564261116,1007.12195
1549564261152,1007.12195
1549564261191,1007.1255
1549564261229,1007.1255
1549564261267,1007.1255
1549564261306,1007.1255
1549564261342,1007.12
1549564261380,1007.12
1549564261419,1007.12
1549564261481,1007.12
1549564261497,1007.115
1549564261534,1007.115
1549564261574,1007.115
1549564261612,1007.115
1549564261649,1007.1141
1549564261688,1007.1141
1549564261732,1007.1141
1549564261764,1007.1141
1549564261807,1007.11017
1549564261844,1007.11017
1549564261884,1007.11017
1549564261922,1007.11017
1549564261964,1007.11597
1549564261994,1007.11597
1549564262033,1007.11597
1549564262074,1007.11597
1549564262113,1007.1188
1549564262149,1007.1188
1549564262188,1007.1188
1549564262237,1007.1188
1549564262266,1007.11816
1549564262307,1007.11816
1549564262341,1007.11816
1549564262379,1007.11816
1549564262418,1007.10315
1549564262460,1007.10315
1549564262507,1007.10315
1549564262537,1007.10315
1549564262577,1007.09814
1549564262610,1007.09814
1549564262653,1007.09814
1549564262687,1007.09814
1549564262726,1007.09894
1549564262771,1007.09894
1549564262803,1007.09894
1549564262841,1007.09894
1549564262879,1007.09064
1549564262920,1007.09064
1549564262962,1007.09064
1549564262995,1007.09064
1549564263038,1007.0923
1549564263073,1007.0923
1549564263114,1007.0923
1549564263148,1007.0923
1549564263188,1007.0951
1549564263227,1007.0951
1549564263264,1007.0951
1549564263302,1007.0951
1549564263344,1007.10583
1549564263379,1007.10583
1549564263426,1007.10583
1549564263457,1007.10583
1549564263494,1007.1042
1549564263538,1007.1042
1549564263571,1007.1042
1549564263610,1007.1042
1549564263648,1007.10364
1549564263692,1007.10364
1549564263738,1007.10364
1549564263765,1007.10364
1549564263803,1007.1003
1549564263845,1007.1003
1549564263879,1007.1003
1549564263919,1007.1003
1549564263957,1007.09607
1549564263995,1007.09607
1549564264036,1007.09607
1549564264071,1007.09607
1549564264110,1007.0977
1549564264150,1007.0977
1549564264196,1007.0977
1549564264227,1007.0977
1549564264266,1007.09607
1549564264307,1007.09607
1549564264355,1007.09607
1549564264379,1007.09607
1549564264420,1007.0939
1549564264456,1007.0939
1549564264498,1007.0939
1549564264534,1007.0939
1549564264573,1007.0996
1549564264611,1007.0996
1549564264649,1007.0996
1549564264689,1007.0996
1549564264726,1007.0996
1549564264774,1007.1024
1549564264807,1007.1024
1549564264843,1007.1024
1549564264878,1007.1024
1549564264919,1007.1074
1549564264960,1007.1074
1549564264996,1007.1074
1549564265034,1007.1074
1549564265073,1007.1091
1549564265109,1007.1091
1549564265149,1007.1091
1549564265192,1007.1091
1549564265226,1007.1135
1549564265264,1007.1135
1549564265305,1007.1135
1549564265347,1007.1135
1549564265378,1007.1085
1549564265418,1007.1085
1549564265458,1007.1085
1549564265496,1007.1085
1549564265534,1007.1057
1549564265571,1007.1057
1549564265610,1007.1057
1549564265652,1007.1057
1549564265688,1007.1107
1549564265736,1007.1107
1549564265763,1007.1107
1549564265805,1007.1107
1549564265843,1007.1107
1549564265888,1007.1107
1549564265917,1007.1107
1549564265955,1007.1107
1549564265997,1007.1141
1549564266034,1007.1141
1549564266074,1007.1141
1549564266111,1007.1141
1549564266148,1007.108
1549564266188,1007.108
1549564266226,1007.108
1549564266264,1007.108
1549564266302,1007.1096
1549564266344,1007.1096
1549564266378,1007.1096
1549564266418,1007.1096
1549564266459,1007.1005
1549564266500,1007.1005
1549564266534,1007.1005
1549564266572,1007.1005
1549564266611,1007.0939
1549564266647,1007.0939
1549564266691,1007.0939
1549564266733,1007.0939
1549564266764,1007.0905
1549564266803,1007.0905
1549564266848,1007.0905
1549564266880,1007.0905
1549564266920,1007.08606
1549564266959,1007.08606
1549564266994,1007.08606
1549564267033,1007.08606
1549564267072,1007.0853
1549564267111,1007.0853
1549564267149,1007.0853
1549564267187,1007.0853
1549564267230,1007.0886
1549564267264,1007.0886
1549564267302,1007.0886
1549564267342,1007.0886
1549564267381,1007.0858
1549564267416,1007.0858
1549564267455,1007.0858
1549564267496,1007.0858
1549564267535,1007.0884
1549564267571,1007.0884
1549564267613,1007.0884
1549564267651,1007.0884
1549564267687,1007.0889
1549564267729,1007.0889
1549564267762,1007.0889
1549564267801,1007.0889
1549564267840,1007.084
1549564267879,1007.084
1549564267918,1007.084
1549564267966,1007.084
1549564267999,1007.08655
1549564268033,1007.08655
1549564268072,1007.08655
1549564268112,1007.08655
1549564268149,1007.0904
1549564268188,1007.0904
1549564268226,1007.0904
1549564268263,1007.0904
1549564268300,1007.08264
1549564268342,1007.08264
1549564268379,1007.08264
1549564268418,1007.08264
1549564268454,1007.07684
1549564268494,1007.07684
1549564268533,1007.07684
1549564268572,1007.07684
1549564268612,1007.0724
1549564268650,1007.0724
1549564268686,1007.0724
1549564268729,1007.0724
1549564268766,1007.06995
1549564268802,1007.06995
1549564268841,1007.06995
1549564268879,1007.06995
1549564268919,1007.0672
1549564268957,1007.0672
1549564268994,1007.0672
1549564269034,1007.0672
1549564269073,1007.0714
1549564269109,1007.0714
1549564269148,1007.0714
1549564269192,1007.0714
1549564269227,1007.0686
1549564269265,1007.0686
1549564269301,1007.0686
1549564269340,1007.0686
1549564269379,1007.0634
1549564269418,1007.0634
1549564269463,1007.0634
1549564269496,1007.0634
1549564269533,1007.0615
1549564269572,1007.0615
1549564269608,1007.0615
1549564269649,1007.0615
1549564269689,1007.0604
1549564269731,1007.0604
1549564269765,1007.0604
1549564269802,1007.0604
1549564269841,1007.0663
1549564269878,1007.0663
1549564269918,1007.0663
1549564269980,1007.0663
1549564269993,1007.0607
1549564270032,1007.0607
1549564270084,1007.0607
1549564270114,1007.0607
1549564270148,1007.06665
1549564270185,1007.06665
1549564270226,1007.06665
1549564270263,1007.06665
1549564270302,1007.06384
1549564270339,1007.06384
1549564270377,1007.06384
1549564270423,1007.06384
1549564270454,1007.0564
1549564270492,1007.0564
1549564270532,1007.0564
1549564270571,1007.0564
1549564270608,1007.05615
1549564270648,1007.05615
1549564270688,1007.05615
1549564270741,1007.05615
1549564270762,1007.05676
1549564270803,1007.05676
1549564270851,1007.05676
1549564270878,1007.05676
1549564270916,1007.0606
1549564270964,1007.0606
1549564270993,1007.0606
1549564271034,1007.0606
1549564271071,1007.0682
1549564271108,1007.0682
1549564271149,1007.0682
1549564271189,1007.0682
1549564271223,1007.063
1549564271265,1007.063
1549564271302,1007.063
1549564271343,1007.063
1549564271378,1007.05444
1549564271418,1007.05444
1549564271457,1007.05444
1549564271497,1007.05444
1549564271532,1007.05994
1549564271575,1007.05994
1549564271609,1007.05994
1549564271647,1007.05994
1549564271686,1007.06085
1549564271728,1007.06085
1549564271761,1007.06085
1549564271801,1007.06085
1549564271841,1007.05115
1549564271876,1007.05115
1549564271916,1007.05115
1549564271958,1007.05115
1549564271996,1007.05505
1549564272031,1007.05505
1549564272072,1007.05505
1549564272111,1007.05505
1549564272153,1007.05096
1549564272186,1007.05096
1549564272229,1007.05096
1549564272263,1007.05096
1549564272303,1007.0565
1549564272339,1007.0565
1549564272377,1007.0565
1549564272416,1007.0565
1549564272456,1007.0565
1549564272493,1007.0557
1549564272533,1007.0557
1549564272570,1007.0557
1549564272609,1007.0557
1549564272651,1007.0535
1549564272685,1007.0535
1549564272726,1007.0535
1549564272763,1007.0535
1549564272801,1007.0511
1549564272840,1007.0511
1549564272877,1007.0511
1549564272917,1007.0511
1549564272958,1007.0499
1549564272992,1007.0499
1549564273033,1007.0499
1549564273071,1007.0499
1549564273108,1007.0492
1549564273150,1007.0492
1549564273184,1007.0492
1549564273222,1007.0492
1549564273261,1007.05475
1549564273304,1007.05475
1549564273339,1007.05475
1549564273376,1007.05475
1549564273415,1007.05896
1549564273456,1007.05896
1549564273493,1007.05896
1549564273531,1007.05896
1549564273571,1007.0595
1549564273611,1007.0595
1549564273648,1007.0595
1549564273693,1007.0595
1549564273726,1007.06177
1549564273765,1007.06177
1549564273801,1007.06177
1549564273840,1007.06177
1549564273882,1007.061
1549564273917,1007.061
1549564273953,1007.061
1549564273994,1007.061
1549564274031,1007.0615
1549564274073,1007.0615
1549564274109,1007.0615
1549564274148,1007.0615
1549564274190,1007.0591
1549564274224,1007.0591
1549564274263,1007.0591
1549564274303,1007.0591
1549564274345,1007.0624
1549564274382,1007.0624
1549564274416,1007.0624
1549564274453,1007.0624
1549564274490,1007.0572
1549564274530,1007.0572
1549564274570,1007.0572
1549564274611,1007.0572
1549564274648,1007.0494
1549564274686,1007.0494
1549564274723,1007.0494
1549564274762,1007.0494
1549564274805,1007.04083
1549564274849,1007.04083
1549564274886,1007.04083
1549564274916,1007.04083
1549564274956,1007.03973
1549564274993,1007.03973
1549564275032,1007.03973
1549564275070,1007.03973
1549564275108,1007.03564
1549564275146,1007.03564
1549564275185,1007.03564
1549564275223,1007.03564
1549564275261,1007.0423
1549564275301,1007.0423
1549564275340,1007.0423
1549564275378,1007.0423
1549564275414,1007.03705
1549564275460,1007.03705
1549564275493,1007.03705
1549564275532,1007.03705
1549564275570,1007.0343
1549564275610,1007.0343
1549564275646,1007.0343
1549564275686,1007.0343
1549564275728,1007.0426
1549564275761,1007.0426
1549564275812,1007.0426
1549564275850,1007.0426
1549564275880,1007.04016
1549564275915,1007.04016
1549564275955,1007.04016
1549564275999,1007.04016
1549564276032,1007.0346
1549564276070,1007.0346
1549564276109,1007.0346
1549564276147,1007.0346
1549564276188,1007.0405
1549564276224,1007.0405
1549564276262,1007.0405
1549564276302,1007.0405
1549564276342,1007.041
1549564276400,1007.041
1549564276415,1007.041
1549564276454,1007.041
1549564276496,1007.04694
1549564276530,1007.04694
1549564276569,1007.04694
1549564276609,1007.04694
1549564276645,1007.04584
1549564276686,1007.04584
1549564276724,1007.04584
1549564276769,1007.04584
1549564276801,1007.04175
1549564276842,1007.04175
1549564276878,1007.04175
1549564276914,1007.04175
1549564276956,1007.0406
1549564276995,1007.0406
1549564277031,1007.0406
1549564277067,1007.0406
1549564277108,1007.04285
1549564277150,1007.04285
1549564277187,1007.04285
1549564277223,1007.04285
1549564277261,1007.03595
1549564277300,1007.03595
1549564277340,1007.03595
1549564277383,1007.03595
1549564277415,1007.03015
1549564277454,1007.03015
1549564277492,1007.03015
1549564277530,1007.03015
1549564277568,1007.03186
1549564277608,1007.03186
1549564277645,1007.03186
1549564277684,1007.03186
1549564277725,1007.03406
1549564277762,1007.03406
1549564277801,1007.03406
1549564277839,1007.03406
1549564277893,1007.0255
1549564277914,1007.0255
1549564277955,1007.0255
1549564277996,1007.0255
1549564278031,1007.02606
1549564278068,1007.02606
1549564278110,1007.02606
1549564278147,1007.02606
1549564278186,1007.02936
1549564278223,1007.02936
1549564278261,1007.02936
1549564278304,1007.02936
1549564278338,1007.0377
1549564278381,1007.0377
1549564278415,1007.0377
1549564278454,1007.0377
1549564278491,1007.0369
1549564278530,1007.0369
1549564278567,1007.0369
1549564278608,1007.0369
1549564278646,1007.0258
1549564278683,1007.0258
1549564278723,1007.0258
1549564278763,1007.0258
1549564278800,1007.02
1549564278839,1007.02
1549564278881,1007.02
1549564278915,1007.02
1549564278954,1007.0182
1549564278993,1007.0182
1549564279031,1007.0182
1549564279072,1007.0182
1549564279107,1007.0204
1549564279147,1007.0204
1549564279185,1007.0204
1549564279223,1007.0204
1549564279260,1007.0246
1549564279299,1007.0246
1549564279337,1007.0246
1549564279378,1007.0246
1549564279419,1007.02515
1549564279451,1007.02515
1549564279489,1007.02515
1549564279533,1007.02515
1549564279570,1007.0257
1549564279608,1007.0257
1549564279647,1007.0257
1549564279696,1007.0257
1549564279723,1007.0307
1549564279760,1007.0307
1549564279798,1007.0307
1549564279840,1007.0307
1549564279885,1007.0416
1549564279919,1007.0416
1549564279953,1007.0416
1549564279990,1007.0416
1549564280031,1007.0371
1549564280067,1007.0371
1549564280107,1007.0371
1549564280144,1007.0371
1549564280182,1007.0371
1549564280224,1007.0338
1549564280261,1007.0338
1549564280301,1007.0338
1549564280338,1007.0338
1549564280376,1007.0364
1549564280415,1007.0364
1549564280453,1007.0364
1549564280490,1007.0364
1549564280530,1007.0303
1549564280569,1007.0303
1549564280615,1007.0303
1549564280644,1007.0303
1549564280687,1007.0319
1549564280724,1007.0319
1549564280769,1007.0319
1549564280798,1007.0319
1549564280836,1007.03284
1549564280875,1007.03284
1549564280917,1007.03284
1549564280953,1007.03284
1549564280994,1007.0317
1549564281035,1007.0317
1549564281068,1007.0317
1549564281109,1007.0317
1549564281145,1007.0322
1549564281184,1007.0322
1549564281221,1007.0322
1549564281260,1007.0322
1549564281300,1007.0298
1549564281337,1007.0298
1549564281388,1007.0298
1549564281417,1007.0298
1549564281452,1007.02704
1549564281493,1007.02704
1549564281529,1007.02704
1549564281572,1007.02704
1549564281608,1007.02625
1549564281644,1007.02625
1549564281686,1007.02625
1549564281722,1007.02625
1549564281767,1007.0218
1549564281800,1007.0218
1549564281839,1007.0218
1549564281876,1007.0218
1549564281916,1007.02844
1549564281953,1007.02844
1549564281990,1007.02844
1549564282028,1007.02844
1549564282067,1007.0199
1549564282105,1007.0199
1549564282146,1007.0199
1549564282182,1007.0199
1549564282219,1007.0188
1549564282260,1007.0188
1549564282298,1007.0188
1549564282336,1007.0188
1549564282376,1007.02545
1549564282412,1007.02545
1549564282452,1007.02545
1549564282494,1007.02545
1549564282529,1007.02637
1549564282567,1007.02637
1549564282606,1007.02637
1549564282647,1007.02637
1549564282683,1007.033
1549564282722,1007.033
1549564282763,1007.033
1549564282799,1007.033
1549564282838,1007.0252
1549564282874,1007.0252
1549564282920,1007.0252
1549564282952,1007.0252
1549564282990,1007.0211
1549564283033,1007.0211
1549564283083,1007.0211
1549564283106,1007.0211
1549564283145,1007.0183
1549564283183,1007.0183
1549564283220,1007.0183
1549564283259,1007.0183
1549564283303,1007.0226
1549564283337,1007.0226
1549564283374,1007.0226
1549564283412,1007.0226
1549564283452,1007.0215
1549564283490,1007.0215
1549564283531,1007.0215
1549564283571,1007.0215
1549564283605,1007.0237
1549564283647,1007.0237
1549564283689,1007.0237
1549564283723,1007.0237
1549564283763,1007.027
1549564283799,1007.027
1549564283837,1007.027
1549564283876,1007.027
1549564283913,1007.02954
1549564283951,1007.02954
1549564283999,1007.02954
1549564284037,1007.02954
1549564284068,1007.0329
1549564284104,1007.0329
1549564284142,1007.0329
1549564284228,1007.0329
1549564284229,1007.0301
1549564284262,1007.0301
1549564284296,1007.0301
1549564284335,1007.0301
1549564284376,1007.0243
1549564284414,1007.0243
1549564284450,1007.0243
1549564284489,1007.0243
1549564284527,1007.0282
1549564284567,1007.0282
1549564284607,1007.0282
1549564284643,1007.0282
1549564284681,1007.0241
1549564284801,1007.0241
1549564284801,1007.0241
1549564284801,1007.0241
1549564284931,1007.0291
1549564284931,1007.0291
1549564284932,1007.0291
1549564284950,1007.0291
1549564284990,1007.02795
1549564285027,1007.02795
1549564285067,1007.02795
1549564285103,1007.02795
1549564285147,1007.0255
1549564285181,1007.0255
1549564285250,1007.0255
1549564285266,1007.0255
1549564285302,1007.02277
1549564285384,1007.02277
1549564285385,1007.02277
1549564285421,1007.02277
1549564285460,1007.01587
1549564285493,1007.01587
1549564285531,1007.01587
1549564285567,1007.01587
1549564285634,1007.01306
1549564285650,1007.01306
1549564285684,1007.01306
1549564285721,1007.01306
1549564285757,1007.0062
1549564285802,1007.0062
1549564285834,1007.0062
1549564285874,1007.0062
1549564285912,1007.0004
1549564285953,1007.0004
1549564286008,1007.0004
1549564286039,1007.0004
1549564286066,1007.0021
1549564286106,1007.0021
1549564286143,1007.0021
1549564286181,1007.0021
1549564286219,1006.9993
1549564286259,1006.9993
1549564286298,1006.9993
1549564286334,1006.9993
1549564286385,1006.99817
1549564286430,1006.99817
1549564286458,1006.99817
1549564286490,1006.99817
1549564286603,1007.00073
1549564286603,1007.00073
1549564286642,1007.00073
1549564286680,1007.003
1549564286719,1007.003
1549564286757,1007.003
1549564286796,1007.003
1549564286834,1007.00885
1549564286878,1007.00885
1549564286913,1007.00885
1549564286950,1007.00885
1549564286988,1007.00775
1549564287027,1007.00775
1549564287068,1007.00775
1549564287104,1007.00775
1549564287142,1007.0103
1549564287181,1007.0103
1549564287219,1007.0103
1549564287258,1007.0103
1549564287297,1007.01086
1549564287335,1007.01086
1549564287374,1007.01086
1549564287412,1007.01086
1549564287451,1007.01086
1549564287490,1007.01086
1549564287527,1007.01086
1549564287566,1007.01086
1549564287605,1007.01416
1549564287643,1007.01416
1549564287681,1007.01416
1549564287721,1007.01416
1549564287762,1007.022
1549564287797,1007.022
1549564287834,1007.022
1549564287874,1007.022
1549564287911,1007.022
1549564287951,1007.0277
1549564287988,1007.0277
1549564288029,1007.0277
1549564288066,1007.0277
1549564288105,1007.02527
1549564288142,1007.02527
1549564288182,1007.02527
1549564288220,1007.02527
1549564288257,1007.0286
1549564288297,1007.0286
1549564288335,1007.0286
1549564288376,1007.0286
1549564288413,1007.0303
1549564288455,1007.0303
1549564288489,1007.0303
1549564288529,1007.0303
1549564288568,1007.032
1549564288605,1007.032
1549564288645,1007.032
1549564288685,1007.032
1549564288726,1007.0377
1549564288761,1007.0377
1549564288798,1007.0377
1549564288838,1007.0377
1549564288875,1007.0377
1549564288913,1007.0377
1549564288954,1007.0377
1549564289022,1007.0377
1549564289042,1007.0411
1549564289067,1007.0411
1549564289104,1007.0411
1549564289146,1007.0411
1549564289181,1007.053
1549564289223,1007.053
1549564289258,1007.053
1549564289361,1007.053
1549564289361,1007.04626
1549564289396,1007.04626
1549564289412,1007.04626
1549564289451,1007.04626
1549564289494,1007.0507
1549564289526,1007.0507
1549564289565,1007.0507
1549564289603,1007.0507
1549564289652,1007.0515
1549564289688,1007.0515
1549564289721,1007.0515
1549564289761,1007.0515
1549564289811,1007.0576
1549564289858,1007.0576
1549564289892,1007.0576
1549564289930,1007.0576
1549564289955,1007.0637
1549564289987,1007.0637
1549564290029,1007.0637
1549564290067,1007.0637
1549564290113,1007.0645
1549564290146,1007.0645
1549564290182,1007.0645
1549564290218,1007.0645
1549564290259,1007.0673
1549564290311,1007.0673
1549564290345,1007.0673
1549564290416,1007.0673
1549564290416,1007.0673
1549564290449,1007.0673
1549564290493,1007.0673
1549564290525,1007.0673
1549564290579,1007.0673
1549564290652,1007.0673
1549564290652,1007.0673
1549564290690,1007.0673
1549564290717,1007.0714
1549564290782,1007.0714
1549564290830,1007.0714
1549564290842,1007.0714
1549564290873,1007.0725
1549564290926,1007.0725
1549564290952,1007.0725
1549564290988,1007.0725
1549564291072,1007.0733
1549564291072,1007.0733
1549564291102,1007.0733
1549564291174,1007.0733
1549564291180,1007.0772
1549564291239,1007.0772
1549564291256,1007.0772
1549564291302,1007.0772
1549564291333,1007.083
1549564291381,1007.083
1549564291411,1007.083
1549564291457,1007.083
1549564291487,1007.0882
1549564291525,1007.0882
1549564291563,1007.0882
1549564291601,1007.0882
1549564291642,1007.08844
1549564291685,1007.08844
1549564291720,1007.08844
1549564291762,1007.08844
1549564291862,1007.08954
1549564291862,1007.08954
1549564291874,1007.08954
1549564291914,1007.08954
1549564291952,1007.0898
1549564291986,1007.0898
1549564292026,1007.0898
1549564292067,1007.0898
1549564292102,1007.0792
1549564292142,1007.0792
1549564292179,1007.0792
1549564292219,1007.0792
1549564292256,1007.07166
1549564292294,1007.07166
1549564292335,1007.07166
1549564292371,1007.07166
1549564292410,1007.078
1549564292448,1007.078
1549564292488,1007.078
1549564292527,1007.078
1549564292572,1007.0749
1549564292603,1007.0749
1549564292641,1007.0749
1549564292679,1007.0749
1549564292717,1007.07513
1549564292757,1007.07513
1549564292795,1007.07513
1549564292834,1007.07513
1549564292870,1007.0746
1549564292913,1007.0746
1549564292951,1007.0746
1549564292989,1007.0746
1549564293026,1007.0773
1549564293063,1007.0773
1549564293102,1007.0773
1549564293141,1007.0773
1549564293181,1007.075
1549564293218,1007.075
1549564293260,1007.075
1549564293295,1007.075
1549564293334,1007.0728
1549564293376,1007.0728
1549564293410,1007.0728
1549564293450,1007.0728
1549564293491,1007.07635
1549564293529,1007.07635
1549564293566,1007.07635
1549564293642,1007.07635
1549564293643,1007.06714
1549564293682,1007.06714
1549564293718,1007.06714
1549564293759,1007.06714
1549564293797,1007.06903
1549564293833,1007.06903
1549564293871,1007.06903
1549564293910,1007.06903
1549564293949,1007.0651
1549564293986,1007.0651
1549564294026,1007.0651
1549564294064,1007.0651
1549564294102,1007.0687
1549564294141,1007.0687
1549564294180,1007.0687
1549564294218,1007.0687
1549564294256,1007.06146
1549564294298,1007.06146
1549564294338,1007.06146
1549564294372,1007.06146
1549564294444,1007.06335
1549564294458,1007.06335
1549564294488,1007.06335
1549564294528,1007.06335
1549564294564,1007.0675
1549564294603,1007.0675
1549564294645,1007.0675
1549564294679,1007.0675
1549564294721,1007.07025
1549564294756,1007.07025
1549564294795,1007.07025
1549564294834,1007.07025
1549564294871,1007.06934
1549564294909,1007.06934
1549564294952,1007.06934
1549564294988,1007.06934
1549564295025,1007.0705
1549564295063,1007.0705
1549564295103,1007.0705
1549564295141,1007.0705
1549564295179,1007.0716
1549564295225,1007.0716
1549564295257,1007.0716
1549564295294,1007.0716
1549564295333,1007.0724
1549564295372,1007.0724
1549564295410,1007.0724
1549564295449,1007.0724
1549564295543,1007.0707
1549564295543,1007.0707
1549564295563,1007.0707
1549564295603,1007.0707
1549564295650,1007.0707
1549564295709,1007.0752
1549564295717,1007.0752
1549564295756,1007.0752
1549564295793,1007.0752
1549564295833,1007.0793
1549564295872,1007.0793
1549564295911,1007.0793
1549564295948,1007.0793
1549564295993,1007.0804
1549564296026,1007.0804
1549564296072,1007.0804
1549564296102,1007.0804
1549564296141,1007.0839
1549564296180,1007.0839
1549564296220,1007.0839
1549564296257,1007.0839
1549564296294,1007.0875
1549564296333,1007.0875
1549564296372,1007.0875
1549564296410,1007.0875
1549564296448,1007.0819
1549564296487,1007.0819
1549564296525,1007.0819
1549564296564,1007.0819
1549564296602,1007.0855
1549564296641,1007.0855
1549564296678,1007.0855
1549564296717,1007.0855
1549564296756,1007.08295
1549564296794,1007.08295
1549564296833,1007.08295
1549564296871,1007.08295
1549564296911,1007.0807
1549564296950,1007.0807
1549564296987,1007.0807
1549564297026,1007.0807
1549564297067,1007.08264
1549564297102,1007.08264
1549564297141,1007.08264
1549564297179,1007.08264
1549564297218,1007.0737
1549564297256,1007.0737
1549564297297,1007.0737
1549564297334,1007.0737
1549564297374,1007.0762
1549564297411,1007.0762
1549564297450,1007.0762
1549564297489,1007.0762
1549564297525,1007.07806
1549564297562,1007.07806
1549564297604,1007.07806
1549564297642,1007.07806
1549564297679,1007.0775
1549564297719,1007.0775
1549564297756,1007.0775
1549564297795,1007.0775
1549564297831,1007.0836
1549564297870,1007.0836
1549564297911,1007.0836
1549564297949,1007.0836
1549564297986,1007.08105
1549564298025,1007.08105
1549564298066,1007.08105
1549564298102,1007.08105
1549564298140,1007.0805
1549564298178,1007.0805
1549564298218,1007.0805
1549564298256,1007.0805
1549564298294,1007.0796
1549564298332,1007.0796
1549564298371,1007.0796
1549564298413,1007.0796
1549564298448,1007.0841
1549564298488,1007.0841
1549564298524,1007.0841
1549564298564,1007.0841
1549564298606,1007.0832
1549564298640,1007.0832
1549564298680,1007.0832
1549564298718,1007.0832
1549564298757,1007.0782
1549564298796,1007.0782
1549564298833,1007.0782
1549564298873,1007.0782
1549564298910,1007.08264
1549564298947,1007.08264
1549564298986,1007.08264
1549564299024,1007.08264
1549564299069,1007.0732
1549564299102,1007.0732
1549564299142,1007.0732
1549564299181,1007.0732
1549564299219,1007.0782
1549564299255,1007.0782
1549564299297,1007.0782
1549564299335,1007.0782
1549564299370,1007.0793
1549564299409,1007.0793
1549564299449,1007.0793
1549564299488,1007.0793
1549564299528,1007.0834
1549564299563,1007.0834
1549564299606,1007.0834
1549564299640,1007.0834
1549564299680,1007.0801
1549564299717,1007.0801
1549564299754,1007.0801
1549564299793,1007.0801
1549564299833,1007.08673
1549564299874,1007.08673
1549564299909,1007.08673
1549564299948,1007.08673
1549564299986,1007.08673
1549564300024,1007.08673
1549564300066,1007.08673
1549564300102,1007.08673
1549564300140,1007.0862
1549564300178,1007.0862
1549564300227,1007.0862
1549564300254,1007.0862
1549564300298,1007.0751
1549564300334,1007.0751
1549564300370,1007.0751
1549564300412,1007.0751
1549564300448,1007.0767
1549564300491,1007.0767
1549564300524,1007.0767
1549564300570,1007.0767
1549564300603,1007.07263
1549564300639,1007.07263
1549564300677,1007.07263
1549564300717,1007.07263
1549564300768,1007.07263
1549564300795,1007.07263
1549564300832,1007.07263
1549564300870,1007.07263
1549564300910,1007.0665
1549564300949,1007.0665
1549564300986,1007.0665
1549564301025,1007.0665
1549564301063,1007.0698
1549564301101,1007.0698
1549564301141,1007.0698
1549564301179,1007.0698
1549564301217,1007.0682
1549564301256,1007.0682
1549564301293,1007.0682
1549564301332,1007.0682
1549564301372,1007.0641
1549564301410,1007.0641
1549564301447,1007.0641
1549564301486,1007.0641
1549564301526,1007.0691
1549564301568,1007.0691
1549564301602,1007.0691
1549564301640,1007.0691
1549564301679,1007.06964
1549564301717,1007.06964
1549564301756,1007.06964
1549564301794,1007.06964
1549564301833,1007.0672
1549564301871,1007.0672
1549564301908,1007.0672
1549564301947,1007.0672
1549564301986,1007.06604
1549564302024,1007.06604
1549564302062,1007.06604
1549564302101,1007.06604
1549564302140,1007.0694
1549564302180,1007.0694
1549564302216,1007.0694
1549564302258,1007.0694
1549564302293,1007.0736
1549564302333,1007.0736
1549564302370,1007.0736
1549564302409,1007.0736
1549564302447,1007.0786
1549564302485,1007.0786
1549564302525,1007.0786
1549564302564,1007.0786
1549564302600,1007.07416
1549564302640,1007.07416
1549564302678,1007.07416
1549564302717,1007.07416
1549564302759,1007.07806
1549564302792,1007.07806
1549564302832,1007.07806
1549564302870,1007.07806
1549564302910,1007.0823
1549564302946,1007.0823
1549564302985,1007.0823
1549564303024,1007.0823
1549564303062,1007.0762
1549564303100,1007.0762
1549564303139,1007.0762
1549564303177,1007.0762
1549564303215,1007.0754
1549564303256,1007.0754
1549564303293,1007.0754
1549564303330,1007.0754
1549564303371,1007.0754
1549564303408,1007.08203
1549564303448,1007.08203
1549564303486,1007.08203
1549564303524,1007.08203
1549564303567,1007.07764
1549564303603,1007.07764
1549564303638,1007.07764
1549564303677,1007.07764
1549564303716,1007.08093
1549564303754,1007.08093
1549564303793,1007.08093
1549564303832,1007.08093
1549564303871,1007.0741
1549564303908,1007.0741
1549564303948,1007.0741
1549564303989,1007.0741
1549564304024,1007.07214
1549564304062,1007.07214
1549564304101,1007.07214
1549564304139,1007.07214
1549564304180,1007.07605
1549564304216,1007.07605
1549564304254,1007.07605
1549564304293,1007.07605
1549564304333,1007.06915
1549564304385,1007.06915
1549564304408,1007.06915
1549564304448,1007.06915
1549564304486,1007.07007
1549564304523,1007.07007
1549564304562,1007.07007
1549564304600,1007.07007
1549564304638,1007.06726
1549564304677,1007.06726
1549564304716,1007.06726
1549564304756,1007.06726
1549564304793,1007.069
1549564304831,1007.069
1549564304869,1007.069
1549564304908,1007.069
1549564304947,1007.0756
1549564304985,1007.0756
1549564305026,1007.0756
1549564305062,1007.0756
1549564305103,1007.07446
1549564305137,1007.07446
1549564305177,1007.07446
1549564305216,1007.07446
1549564305255,1007.0754
1549564305292,1007.0754
1549564305330,1007.0754
1549564305370,1007.0754
1549564305410,1007.07874
1549564305448,1007.07874
1549564305484,1007.07874
1549564305522,1007.07874
1549564305562,1007.0759
1549564305601,1007.0759
1549564305637,1007.0759
1549564305679,1007.0759
1549564305719,1007.0752
1549564305754,1007.0752
1549564305794,1007.0752
1549564305831,1007.0752
1549564305870,1007.0752
1549564305910,1007.0752
1549564305948,1007.0752
1549564305983,1007.0752
1549564306024,1007.0785
1549564306061,1007.0785
1549564306101,1007.0785
1549564306139,1007.0785
1549564306178,1007.0835
1549564306216,1007.0835
1549564306254,1007.0835
1549564306292,1007.0835
1549564306331,1007.0824
1549564306370,1007.0824
1549564306408,1007.0824
1549564306447,1007.0824
1549564306484,1007.0857
1549564306522,1007.0857
1549564306561,1007.0857
1549564306600,1007.0857
1549564306641,1007.0866
1549564306677,1007.0866
1549564306715,1007.0866
1549564306754,1007.0866
1549564306791,1007.07825
1549564306830,1007.07825
1549564306870,1007.07825
1549564306908,1007.07825
1549564306948,1007.0766
1549564306984,1007.0766
1549564307042,1007.0766
1549564307062,1007.0766
1549564307151,1007.07996
1549564307151,1007.07996
1549564307299,1007.07996
1549564307300,1007.07996
1549564307300,1007.08496
1549564307300,1007.08496
1549564307331,1007.08496
1549564307368,1007.08496
1549564307414,1007.08325
1549564307450,1007.08325
1549564307483,1007.08325
1549564307835,1007.08325
1549564307835,1007.0907
1549564307836,1007.0907
1549564307836,1007.0907
1549564307836,1007.0907
1549564307837,1007.0874
1549564307837,1007.0874
1549564307846,1007.0874
1549564307847,1007.0874
1549564308093,1007.0907
1549564308093,1007.0907
1549564308094,1007.0907
1549564308094,1007.0907
1549564308095,1007.09406
1549564308095,1007.09406
1549564308122,1007.09406
1549564308144,1007.09406
1549564308175,1007.08905
1549564308222,1007.08905
1549564308257,1007.08905
1549564308301,1007.08905
1549564308328,1007.0816
1549564308375,1007.0816
1549564308406,1007.0816
1549564308444,1007.0816
1549564308486,1007.10736
1549564308522,1007.10736
1549564308560,1007.10736
1549564308598,1007.10736
1549564308639,1007.09735
1549564308676,1007.09735
1549564308715,1007.09735
1549564308754,1007.09735
1549564308800,1007.0924
1549564308831,1007.0924
1549564308872,1007.0924
1549564308908,1007.0924
1549564308948,1007.0957
1549564308985,1007.0957
1549564309023,1007.0957
1549564309059,1007.0957
1549564309100,1007.0957
1549564309138,1007.0957
1549564309176,1007.0957
1549564309213,1007.0957
1549564309252,1007.1035
1549564309291,1007.1035
1549564309330,1007.1035
1549564309367,1007.1035
1549564309406,1007.09735
1549564309448,1007.09735
1549564309482,1007.09735
1549564309522,1007.09735
1549564309563,1007.104
1549564309598,1007.104
1549564309636,1007.104
1549564309679,1007.104
1549564309714,1007.109
1549564309754,1007.109
1549564309790,1007.109
1549564309834,1007.109
1549564309872,1007.104
1549564309905,1007.104
1549564309955,1007.104
1549564309986,1007.104
1549564310021,1007.0866
1549564310059,1007.0866
1549564310099,1007.0866
1549564310141,1007.0866
1549564310174,1007.0866
1549564310214,1007.0866
1549564310251,1007.0866
1549564310291,1007.0866
1549564310333,1007.0807
1549564310373,1007.0807
1549564310409,1007.0807
1549564310448,1007.0807
1549564310488,1007.0685
1549564310524,1007.0685
1549564310567,1007.0685
1549564310601,1007.0685
1549564310640,1007.0693
1549564310674,1007.0693
1549564310714,1007.0693
1549564310754,1007.0693
1549564310790,1007.0687
1549564310828,1007.0687
1549564310868,1007.0687
1549564310910,1007.0687
1549564310943,1007.08374
1549564310982,1007.0923
1549564311027,1007.0923
1549564311059,1007.0923
1549564311099,1007.0923
1549564311144,1007.1025
1549564311179,1007.1025
1549564311213,1007.1025
1549564311253,1007.1025
1549564311292,1007.0927
1549564311328,1007.0927
1549564311367,1007.0927
1549564311416,1007.0927
1549564311451,1007.08795
1549564311482,1007.08795
1549564311522,1007.08795
1549564311559,1007.08795
1549564311598,1007.0885
1549564311635,1007.0885
1549564311677,1007.0885
1549564311714,1007.0885
1549564311751,1007.0945
1549564311801,1007.0945
1549564311833,1007.0945
1549564311867,1007.0945
1549564311908,1007.0758
1549564311946,1007.0758
1549564311984,1007.0758
1549564312022,1007.0758
1549564312070,1007.0705
1549564312097,1007.0705
1549564312145,1007.0705
1549564312200,1007.0705
1549564312213,1007.0682
1549564312251,1007.0682
1549564312289,1007.0682
1549564312330,1007.0682
1549564312381,1007.0762
1549564312411,1007.0762
1549564312613,1007.0762
1549564312613,1007.0762
1549564312614,1007.0809
1549564312614,1007.0809
1549564312614,1007.0809
1549564312756,1007.0809
1549564312757,1007.0813
1549564312757,1007.0813
1549564312845,1007.0813
1549564312845,1007.0813
1549564312845,1007.0751
1549564312985,1007.0751
1549564312985,1007.0751
1549564312986,1007.0751
1549564312986,1007.0792
1549564313020,1007.0792
1549564313059,1007.0792
1549564313109,1007.0792
1549564313137,1007.08295
1549564313175,1007.08295
1549564313215,1007.08295
1549564313252,1007.08295
1549564313292,1007.0834
1549564313327,1007.0834
1549564313370,1007.0834
1549564313407,1007.0834
1549564313443,1007.08386
1549564313482,1007.08386
1549564313520,1007.08386
1549564313558,1007.08386
1549564313598,1007.0813
1549564313635,1007.0813
1549564313676,1007.0813
1549564313714,1007.0813
1549564313751,1007.0892
1549564313790,1007.0892
1549564313832,1007.0892
1549564313867,1007.0892
1549564313906,1007.0907
1549564313943,1007.0907
1549564313982,1007.0907
1549564314020,1007.0907
1549564314062,1007.09064
1549564314097,1007.09064
1549564314140,1007.09064
1549564314178,1007.09064
1549564314212,1007.0939
1549564314252,1007.0939
1549564314290,1007.0939
1549564314327,1007.0939
1549564314366,1007.09595
1549564314405,1007.09595
1549564314443,1007.09595
1549564314483,1007.09595
1549564314523,1007.1077
1549564314558,1007.1077
1549564314597,1007.1077
1549564314634,1007.1077
1549564314674,1007.1026
1549564314712,1007.1026
1549564314754,1007.1026
1549564314789,1007.1026
1549564314827,1007.0958
1549564314866,1007.0958
1549564314905,1007.0958
1549564314943,1007.0958
1549564314981,1007.09314
1549564315021,1007.09314
1549564315059,1007.09314
1549564315101,1007.09314
1549564315138,1007.0819
1549564315175,1007.0819
1549564315213,1007.0819
1549564315250,1007.0819
1549564315288,1007.0735
1549564315328,1007.0735
1549564315365,1007.0735
1549564315404,1007.0735
1549564315443,1007.07666
1549564315483,1007.07666
1549564315520,1007.07666
1549564315558,1007.07666
1549564315597,1007.0758
1549564315637,1007.0758
1549564315674,1007.0758
1549564315711,1007.0758
1549564315750,1007.074
1549564315789,1007.074
1549564315827,1007.074
1549564315865,1007.074
1549564315904,1007.06976
1549564315943,1007.06976
1549564315983,1007.06976
1549564316021,1007.06976
1549564316058,1007.071
1549564316096,1007.071
1549564316138,1007.071
1549564316174,1007.071
1549564316212,1007.0668
1549564316251,1007.0668
1549564316289,1007.0668
1549564316328,1007.0668
1549564316366,1007.0586
1549564316412,1007.0586
1549564316442,1007.0586
1549564316481,1007.0586
1549564316520,1007.0574
1549564316560,1007.0574
1549564316597,1007.0574
1549564316635,1007.0574
1549564316674,1007.0587
1549564316712,1007.0587
1549564316750,1007.0587
1549564316791,1007.0587
1549564316828,1007.0497
1549564316866,1007.0497
1549564316905,1007.0497
1549564316943,1007.0497
1549564316982,1007.046
1549564317038,1007.046
1549564317076,1007.046
1549564317064,1007.046
1549564317100,1007.0481
1549564317139,1007.0481
1549564317179,1007.0481
1549564317216,1007.0481
1549564317254,1007.0478
1549564317295,1007.0478
1549564317345,1007.0478
1549564317376,1007.0478
1549564317408,1007.0474
1549564317448,1007.0474
1549564317484,1007.0474
1549564317523,1007.0474
1549564317567,1007.04675
1549564317601,1007.04675
1549564317642,1007.04675
1549564317677,1007.04675
1549564317718,1007.0412
1549564317757,1007.0412
1549564317792,1007.0412
1549564317832,1007.0412
1549564317875,1007.0392
1549564317910,1007.0392
1549564317947,1007.0392
1549564317986,1007.0392
1549564318023,1007.0333
1549564318062,1007.0333
1549564318102,1007.0333
1549564318139,1007.0333
1549564318179,1007.04016
1549564318217,1007.04016
1549564318254,1007.04016
1549564318293,1007.04016
1549564318332,1007.0357
1549564318372,1007.0357
1549564318408,1007.0357
1549564318459,1007.0357
1549564318498,1007.0393
1549564318527,1007.0393
1549564318562,1007.0393
1549564318602,1007.0393
1549564318644,1007.0393
1549564318695,1007.0395
1549564318732,1007.0395
1549564318796,1007.0395
1549564318823,1007.0395
1549564318846,1007.0386
1549564318870,1007.0386
1549564318909,1007.0386
1549564318947,1007.0386
1549564318986,1007.04083
1549564319022,1007.04083
1549564319061,1007.04083
1549564319102,1007.04083
1549564319142,1007.0449
1549564319178,1007.0449
1549564319218,1007.0449
1549564319254,1007.0449
1549564319319,1007.046
1549564319331,1007.046
1549564319370,1007.046
1549564319412,1007.046
1549564319450,1007.04846
1549564319485,1007.04846
1549564319523,1007.04846
1549564319561,1007.04846
1549564319603,1007.0513
1549564319643,1007.0513
1549564319677,1007.0513
1549564319716,1007.0513
1549564319754,1007.04956
1549564319792,1007.04956
1549564319833,1007.04956
1549564319869,1007.04956
1549564319908,1007.052
1549564319946,1007.052
1549564319985,1007.052
1549564320024,1007.052
1549564320062,1007.052
1549564320099,1007.052
1549564320139,1007.052
1549564320177,1007.052
1549564320216,1007.05035
1549564320254,1007.05035
1549564320293,1007.05035
1549564320332,1007.05035
1549564320369,1007.0639
1549564320408,1007.0639
1549564320446,1007.0639
1549564320485,1007.0639
1549564320523,1007.0589
1549564320561,1007.0589
1549564320602,1007.0589
1549564320639,1007.0589
1549564320677,1007.05554
1549564320716,1007.05554
1549564320754,1007.05554
1549564320793,1007.05554
1549564320830,1007.0567
1549564320872,1007.0567
1549564320908,1007.0567
1549564320945,1007.0567
1549564320984,1007.05164
1549564321023,1007.05164
1549564321063,1007.05164
1549564321100,1007.05164
1549564321142,1007.06116
1549564321178,1007.06116
1549564321215,1007.06116
1549564321257,1007.06116
1549564321293,1007.06616
1549564321332,1007.06616
1549564321371,1007.06616
1549564321413,1007.06616
1549564321445,1007.06946
1549564321484,1007.06946
1549564321522,1007.06946
1549564321561,1007.06946
1549564321599,1007.07355
1549564321640,1007.07355
1549564321679,1007.07355
1549564321714,1007.07355
1549564321754,1007.07117
1549564321792,1007.07117
1549564321838,1007.07117
1549564321870,1007.07117
1549564321911,1007.06445
1549564321946,1007.06445
1549564321985,1007.06445
1549564322024,1007.06445
1549564322062,1007.06616
1549564322101,1007.06616
1549564322138,1007.06616
1549564322179,1007.06616
1549564322217,1007.0669
1549564322254,1007.0669
1549564322292,1007.0669
1549564322330,1007.0669
1549564322369,1007.06525
1549564322409,1007.06525
1549564322450,1007.06525
1549564322485,1007.06525
1549564322522,1007.0578
1549564322561,1007.0578
1549564322599,1007.0578
1549564322642,1007.0578
1549564322677,1007.05115
1549564322721,1007.05115
1549564322755,1007.05115
1549564322792,1007.05115
1549564322830,1007.053
1549564322870,1007.053
1549564322909,1007.053
1549564322946,1007.053
1549564322985,1007.05133
1549564322031,1007.05133
1549564322073,1007.05133
1549564322113,1007.05133
1549564322157,1007.0549
1549564323027,1007.0549
1549564323063,1007.0549
1549564323100,1007.0549
1549564323145,1007.0523
1549564323179,1007.0523
1549564323216,1007.0523
1549564323253,1007.0523
1549564323300,1007.05865
1549564323336,1007.05865
1549564323369,1007.05865
1549564323408,1007.05865
1549564323447,1007.05554
1549564323485,1007.05554
1549564323524,1007.05554
1549564323561,1007.05554
1549564323602,1007.0541
1549564323638,1007.0541
1549564323682,1007.0541
1549564323717,1007.0541
1549564323754,1007.053
1549564323798,1007.053
1549564323830,1007.053
1549564323869,1007.053
1549564323911,1007.05206
1549564323947,1007.05206
1549564323988,1007.05206
1549564324028,1007.05206
1549564324062,1007.0517
1549564324099,1007.0517
1549564324139,1007.0517
1549564324179,1007.0517
1549564324216,1007.05194
1549564324254,1007.05194
1549564324292,1007.05194
1549564324331,1007.05194
1549564324369,1007.05493
1549564324407,1007.05493
1549564324447,1007.05493
1549564324484,1007.05493
1549564324525,1007.05347
1549564324562,1007.05347
1549564324599,1007.05347
1549564324639,1007.05347
1549564324677,1007.0561
1549564324716,1007.0561
1549564324754,1007.0561
1549564324793,1007.0561
1549564324831,1007.05743
1549564324869,1007.05743
1549564324908,1007.05743
1549564324946,1007.05743
1549564324987,1007.0493
1549564325027,1007.0493
1549564325062,1007.0493
1549564325100,1007.0493
1549564325137,1007.04895
1549564325177,1007.04895
1549564325215,1007.04895
1549564325254,1007.04895
1549564325291,1007.0425
1549564325331,1007.0425
1549564325368,1007.0425
1549564325407,1007.0425
1549564325447,1007.04626
1549564325484,1007.04626
1549564325522,1007.04626
1549564325562,1007.04626
1549564325599,1007.04535
1549564325638,1007.04535
1549564325678,1007.04535
1549564325716,1007.04535
1549564325754,1007.0363
1549564325792,1007.0363
1549564325831,1007.0363
1549564325870,1007.0363
1549564325907,1007.0363
1549564325945,1007.03595
1549564325984,1007.03595
1549564326022,1007.03595
1549564326063,1007.03595
1549564326101,1007.03973
1549564326140,1007.03973
1549564326180,1007.03973
1549564326216,1007.03973
1549564326253,1007.03436
1549564326291,1007.03436
1549564326331,1007.03436
1549564326371,1007.03436
1549564326412,1007.03735
1549564326448,1007.03735
1549564326483,1007.03735
1549564326523,1007.03735
1549564326561,1007.0333
1549564326600,1007.0333
1549564326640,1007.0333
1549564326676,1007.0333
1549564326715,1007.0325
1549564326754,1007.0325
1549564326791,1007.0325
1549564326832,1007.0325
1549564326868,1007.03174
1549564326911,1007.03174
1549564326946,1007.03174
1549564326984,1007.03174
1549564327024,1007.02893
1549564327061,1007.02893
1549564327100,1007.02893
1549564327138,1007.02893
1549564327185,1007.0299
1549564327228,1007.0299
1549564327258,1007.0299
1549564327294,1007.0299
1549564327330,1007.03015
1549564327369,1007.03015
1549564327408,1007.03015
1549564327447,1007.03015
1549564327483,1007.02734
1549564327523,1007.02734
1549564327562,1007.02734
1549564327599,1007.02734
1549564327638,1007.03424
1549564327676,1007.03424
1549564327716,1007.03424
1549564327752,1007.03424
1549564327793,1007.0344
1549564327830,1007.0344
1549564327869,1007.0344
1549564327906,1007.0344
1549564327946,1007.02795
1549564327983,1007.02795
1549564328024,1007.02795
1549564328062,1007.02795
1549564328103,1007.0199
1549564328136,1007.0199
1549564328178,1007.0199
1549564328217,1007.0199
1549564328253,1007.0076
1549564328293,1007.0076
1549564328333,1007.0076
1549564328373,1007.0076
1549564328407,1006.9967
1549564328447,1006.9967
1549564328486,1006.9967
1549564328525,1006.9967
1549564328578,1006.9852
1549564328603,1006.9852
1549564328638,1006.9852
