1549564745717,1006.82965
1549564745718,1006.8361
1549564745755,1006.8361
1549564745797,1006.8361
1549564745837,1006.8361
1549564745871,1006.8331
1549564745912,1006.8331
1549564745952,1006.8331
1549564745989,1006.8331
1549564746026,1006.84125
1549564746066,1006.84125
1549564746101,1006.84125
1549564746152,1006.84125
1549564746186,1006.8527
1549564746218,1006.8527
1549564746255,1006.8527
1549564746297,1006.8527
1549564746334,1006.8675
1549564746371,1006.8675
1549564746410,1006.8675
1549564746448,1006.8675
1549564746489,1006.8745
1549564746525,1006.8745
1549564746563,1006.8745
1549564746608,1006.8745
1549564746642,1006.88763
1549564746678,1006.88763
1549564746716,1006.88763
1549564746755,1006.88763
1549564746799,1006.89746
1549564746832,1006.89746
1549564746882,1006.89746
1549564746910,1006.89746
1549564746947,1006.89777
1549564746987,1006.89777
1549564747026,1006.89777
1549564747066,1006.89777
1549564747101,1006.9059
1549564747140,1006.9059
1549564747178,1006.9059
1549564747216,1006.9059
1549564747255,1006.90625
1549564747293,1006.90625
1549564747332,1006.90625
1549564747408,1006.90625
1549564747424,1006.9066
1549564747452,1006.9066
1549564747485,1006.9066
1549564747526,1006.9066
1549564747563,1006.908
1549564747600,1006.908
1549564747639,1006.908
1549564747678,1006.908
1549564747716,1006.91113
1549564747755,1006.91113
1549564747794,1006.91113
1549564747832,1006.91113
1549564747871,1006.9085
1549564747909,1006.9085
1549564747951,1006.9085
1549564747985,1006.9085
1549564748023,1006.9039
1549564748063,1006.9039
1549564748102,1006.9039
1549564748140,1006.9039
1549564748179,1006.907
1549564748219,1006.907
1549564748276,1006.907
1549564748303,1006.907
1549564748332,1006.90845
1549564748372,1006.90845
1549564748411,1006.90845
1549564748448,1006.90845
1549564748487,1006.8993
1549564748527,1006.8993
1549564748563,1006.8993
1549564748603,1006.8993
1549564748640,1006.90247
1549564748679,1006.90247
1549564748719,1006.90247
1549564748756,1006.90247
1549564748793,1006.9072
1549564748834,1006.9072
1549564748872,1006.9072
1549564748909,1006.9072
1549564748949,1006.90424
1549564748987,1006.90424
1549564749025,1006.90424
1549564749064,1006.90424
1549564749104,1006.90234
1549564749146,1006.90234
1549564749179,1006.90234
1549564749216,1006.90234
1549564749280,1006.89856
1549564749292,1006.89856
1549564749331,1006.89856
1549564749371,1006.89856
1549564749436,1006.9034
1549564749463,1006.9034
1549564749500,1006.9034
1549564749523,1006.9034
1549564749563,1006.9004
1549564749601,1006.9004
1549564749643,1006.9004
1549564749678,1006.9004
1549564749751,1006.90186
1549564749763,1006.90186
1549564749793,1006.90186
1549564749832,1006.90186
1549564749871,1006.9066
1549564749909,1006.9066
1549564749948,1006.9066
1549564749985,1006.9066
1549564750024,1006.9094
1549564750062,1006.9094
1549564750100,1006.9094
1549564750141,1006.9094
1549564750180,1006.9081
1549564750222,1006.9081
1549564750256,1006.9081
1549564750294,1006.9081
1549564750331,1006.90784
1549564750371,1006.90784
1549564750408,1006.90784
1549564750446,1006.90784
1549564750487,1006.90784
1549564750525,1006.9143
1549564750562,1006.9143
1549564750600,1006.9143
1549564750638,1006.9143
1549564750678,1006.90967
1549564750715,1006.90967
1549564750755,1006.90967
1549564750792,1006.90967
1549564750830,1006.9066
1549564750869,1006.9066
1549564750911,1006.9066
1549564750946,1006.9066
1549564750989,1006.90564
1549564751023,1006.90564
1549564751062,1006.90564
1549564751100,1006.90564
1549564751139,1006.9121
1549564751176,1006.9121
1549564751215,1006.9121
1549564751254,1006.9121
1549564751293,1006.9091
1549564751332,1006.9091
1549564751370,1006.9091
1549564751409,1006.9091
1549564751459,1006.8911
1549564751505,1006.8911
1549564751534,1006.8911
1549564751563,1006.8911
1549564751606,1006.87976
1549564751638,1006.87976
1549564751677,1006.87976
1549564751717,1006.87976
1549564751756,1006.87976
1549564751793,1006.87976
1549564751831,1006.87976
1549564751877,1006.87976
1549564751910,1006.8671
1549564751946,1006.8671
1549564751988,1006.8671
1549564752023,1006.8671
1549564752062,1006.8441
1549564752102,1006.8441
1549564752144,1006.8441
1549564752179,1006.8441
1549564752219,1006.822
1549564752265,1006.822
1549564752293,1006.822
1549564752332,1006.822
1549564752370,1006.80676
1549564752407,1006.80676
1549564752447,1006.80676
1549564752485,1006.80676
1549564752524,1006.79236
1549564752562,1006.79236
1549564752603,1006.79236
1549564752652,1006.79236
1549564752679,1006.77545
1549564752715,1006.77545
1549564752757,1006.77545
1549564752794,1006.77545
1549564752833,1006.7652
1549564752872,1006.7652
1549564752909,1006.7652
1549564752980,1006.7652
1549564752987,1006.7569
1549564753022,1006.7569
1549564753062,1006.7569
1549564753103,1006.7569
1549564753140,1006.74243
1549564753178,1006.74243
1549564753217,1006.74243
1549564753254,1006.74243
1549564753293,1006.7358
1549564753337,1006.7358
1549564753386,1006.7358
1549564753418,1006.7358
1549564753470,1006.7291
1549564753486,1006.7291
1549564753523,1006.7291
1549564753566,1006.7291
1549564753603,1006.7191
1549564753638,1006.7191
1549564753679,1006.7191
1549564753716,1006.7191
1549564753758,1006.69836
1549564753793,1006.69836
1549564753830,1006.69836
1549564753869,1006.69836
1549564753907,1006.68335
1549564753949,1006.68335
1549564753985,1006.68335
1549564754023,1006.68335
1549564754061,1006.6666
1549564754100,1006.6666
1549564754139,1006.6666
1549564754178,1006.6666
1549564754215,1006.65405
1549564754255,1006.65405
1549564754293,1006.65405
1549564754333,1006.65405
1549564754371,1006.6391
1549564754409,1006.6391
1549564754447,1006.6391
1549564754485,1006.6391
1549564754523,1006.62683
1549564754567,1006.62683
1549564754601,1006.62683
1549564754639,1006.62683
1549564754677,1006.6126
1549564754715,1006.6126
1549564754755,1006.6126
1549564754819,1006.6126
1549564754832,1006.60284
1549564754870,1006.60284
1549564754908,1006.60284
1549564754950,1006.60284
1549564754986,1006.5873
1549564755028,1006.5873
1549564755062,1006.5873
1549564755099,1006.5873
1549564755137,1006.5717
1549564755177,1006.5717
1549564755217,1006.5717
1549564755255,1006.5717
1549564755303,1006.5644
1549564755331,1006.5644
1549564755369,1006.5644
1549564755410,1006.5644
1549564755449,1006.5455
1549564755485,1006.5455
1549564755523,1006.5455
1549564755564,1006.5455
1549564755602,1006.52905
1549564755639,1006.52905
1549564755676,1006.52905
1549564755718,1006.52905
1549564755759,1006.52704
1549564755797,1006.52704
1549564755830,1006.52704
1549564755869,1006.52704
1549564755906,1006.5172
1549564755947,1006.5172
1549564755984,1006.5172
1549564756022,1006.5172
1549564756060,1006.50745
1549564756100,1006.50745
1549564756138,1006.50745
1549564756176,1006.50745
1549564756215,1006.496
1549564756253,1006.496
1549564756291,1006.496
1549564756329,1006.496
1549564756368,1006.4812
1549564756406,1006.4812
1549564756446,1006.4812
1549564756484,1006.4812
1549564756524,1006.4614
1549564756560,1006.4614
1549564756598,1006.4614
1549564756639,1006.4614
1549564756676,1006.4503
1549564756714,1006.4503
1549564756753,1006.4503
1549564756793,1006.4503
1549564756829,1006.43555
1549564756869,1006.43555
1549564756913,1006.43555
1549564756948,1006.43555
1549564756985,1006.4207
1549564757021,1006.4207
1549564757064,1006.4207
1549564757103,1006.4207
1549564757143,1006.4059
1549564757176,1006.4059
1549564757214,1006.4059
1549564757255,1006.4059
1549564757292,1006.3922
1549564757330,1006.3922
1549564757369,1006.3922
1549564757407,1006.3922
1549564757447,1006.3808
1549564757483,1006.3808
1549564757522,1006.3808
1549564757563,1006.3808
1549564757601,1006.3677
1549564757652,1006.3677
1549564757676,1006.3677
1549564757715,1006.3677
1549564757755,1006.34955
1549564757792,1006.34955
1549564757831,1006.34955
1549564757869,1006.34955
1549564757907,1006.34955
1549564757945,1006.3347
1549564757983,1006.3347
1549564758025,1006.3347
1549564758062,1006.3347
1549564758098,1006.3225
1549564758143,1006.3225
1549564758175,1006.3225
1549564758214,1006.3225
1549564758253,1006.31714
1549564758295,1006.31714
1549564758330,1006.31714
1549564758369,1006.31714
1549564758407,1006.3044
1549564758446,1006.3044
1549564758485,1006.3044
1549564758526,1006.3044
1549564758562,1006.28955
1549564758600,1006.28955
1549564758643,1006.28955
1549564758676,1006.28955
1549564758715,1006.2822
1549564758754,1006.2822
1549564758796,1006.2822
1549564758831,1006.2822
1549564758870,1006.26776
1549564758907,1006.26776
1549564758945,1006.26776
1549564758985,1006.26776
1549564759021,1006.25635
1549564759066,1006.25635
1549564759100,1006.25635
1549564759139,1006.25635
1549564759175,1006.24207
1549564759215,1006.24207
1549564759252,1006.24207
1549564759291,1006.24207
1549564759331,1006.2317
1549564759371,1006.2317
1549564759418,1006.2317
1549564759445,1006.2317
1549564759485,1006.2186
1549564759523,1006.2186
1549564759564,1006.2186
1549564759600,1006.2186
1549564759640,1006.2038
1549564759679,1006.2038
1549564759715,1006.2038
1549564759753,1006.2038
1549564759796,1006.1873
1549564759830,1006.1873
1549564759869,1006.1873
1549564759907,1006.1873
1549564759944,1006.1742
1549564759985,1006.1742
1549564760023,1006.1742
1549564760063,1006.1742
1549564760099,1006.1722
1549564760144,1006.1722
1549564760176,1006.1722
1549564760214,1006.1722
1549564760254,1006.15735
1549564760293,1006.15735
1549564760330,1006.15735
1549564760368,1006.15735
1549564760408,1006.1426
1549564760455,1006.1426
1549564760483,1006.1426
1549564760526,1006.1426
1549564760563,1006.12476
1549564760600,1006.12476
1549564760639,1006.12476
1549564760675,1006.12476
1549564760715,1006.1241
1549564760754,1006.1241
1549564760792,1006.1241
1549564760833,1006.1241
1549564760867,1006.0993
1549564760907,1006.0993
1549564760947,1006.0993
1549564760983,1006.0993
1549564761022,1006.0728
1549564761062,1006.0728
1549564761098,1006.0728
1549564761138,1006.0728
1549564761176,1006.0517
1549564761219,1006.0517
1549564761253,1006.0517
1549564761290,1006.0517
1549564761330,1006.03357
1549564761368,1006.03357
1549564761406,1006.03357
1549564761443,1006.03357
1549564761482,1006.01953
1549564761522,1006.01953
1549564761559,1006.01953
1549564761598,1006.01953
1549564761640,1005.9984
1549564761675,1005.9984
1549564761715,1005.9984
1549564761752,1005.9984
1549564761793,1005.9836
1549564761831,1005.9836
1549564761869,1005.9836
1549564761908,1005.9836
1549564761943,1005.9688
1549564761983,1005.9688
1549564762021,1005.9688
1549564762062,1005.9688
1549564762099,1005.9607
1549564762139,1005.9607
1549564762175,1005.9607
1549564762215,1005.9607
1549564762253,1005.9442
1549564762290,1005.9442
1549564762330,1005.9442
1549564762369,1005.9442
1549564762406,1005.9321
1549564762446,1005.9321
1549564762484,1005.9321
1549564762521,1005.9321
1549564762563,1005.9107
1549564762600,1005.9107
1549564762640,1005.9107
1549564762675,1005.9107
1549564762715,1005.8937
1549564762756,1005.8937
1549564762792,1005.8937
1549564762829,1005.8937
1549564762868,1005.87964
1549564762906,1005.87964
1549564762946,1005.87964
1549564762988,1005.87964
1549564763022,1005.86816
1549564763063,1005.86816
1549564763098,1005.86816
1549564763138,1005.86816
1549564763177,1005.85864
1549564763213,1005.85864
1549564763255,1005.85864
1549564763293,1005.85864
1549564763330,1005.8546
1549564763367,1005.8546
1549564763410,1005.8546
1549564763444,1005.8546
1549564763484,1005.84766
1549564763522,1005.84766
1549564763560,1005.84766
1549564763598,1005.84766
1549564763639,1005.8406
1549564763678,1005.8406
1549564763714,1005.8406
1549564763754,1005.8406
1549564763791,1005.84155
1549564763830,1005.84155
1549564763869,1005.84155
1549564763907,1005.84155
1549564763947,1005.83954
1549564763990,1005.83954
1549564764022,1005.83954
1549564764059,1005.83954
1549564764100,1005.8408
1549564764140,1005.8408
1549564764189,1005.8408
1549564764214,1005.8408
1549564764252,1005.84106
1549564764298,1005.84106
1549564764332,1005.84106
1549564764368,1005.84106
1549564764405,1005.8407
1549564764444,1005.8407
1549564764484,1005.8407
1549564764521,1005.8407
1549564764560,1005.8375
1549564764598,1005.8375
1549564764637,1005.8375
1549564764675,1005.8375
1549564764713,1005.8385
1549564764753,1005.8385
1549564764792,1005.8385
1549564764829,1005.8385
1549564764871,1005.84485
1549564764908,1005.84485
1549564764944,1005.84485
1549564764983,1005.84485
1549564765021,1005.8428
1549564765064,1005.8428
1549564765102,1005.8428
1549564765139,1005.8428
1549564765178,1005.8391
1549564765212,1005.8391
1549564765252,1005.8391
1549564765293,1005.8391
1549564765330,1005.8391
1549564765366,1005.836
1549564765405,1005.836
1549564765446,1005.836
1549564765483,1005.836
1549564765521,1005.83527
1549564765559,1005.83527
1549564765598,1005.83527
1549564765637,1005.83527
1549564765678,1005.8299
1549564765713,1005.8299
1549564765753,1005.8299
1549564765791,1005.8299
1549564765831,1005.8212
1549564765866,1005.8212
1549564765909,1005.8212
1549564765945,1005.8212
1549564765982,1005.81586
1549564766021,1005.81586
1549564766062,1005.81586
1549564766101,1005.81586
1549564766135,1005.8151
1549564766175,1005.8151
1549564766216,1005.8151
1549564766252,1005.8151
1549564766292,1005.81146
1549564766329,1005.81146
1549564766365,1005.81146
1549564766404,1005.81146
1549564766445,1005.8111
1549564766482,1005.8111
1549564766521,1005.8111
1549564766558,1005.8111
1549564766597,1005.8087
1549564766635,1005.8087
1549564766673,1005.8087
1549564766713,1005.8087
1549564766751,1005.81165
1549564766791,1005.81165
1549564766828,1005.81165
1549564766867,1005.81165
1549564766905,1005.81635
1549564766945,1005.81635
1549564766986,1005.81635
1549564767021,1005.81635
1549564767062,1005.819
1549564767098,1005.819
1549564767138,1005.819
1549564767174,1005.819
1549564767214,1005.81287
1549564767254,1005.81287
1549564767291,1005.81287
1549564767331,1005.81287
1549564767370,1005.8071
1549564767405,1005.8071
1549564767444,1005.8071
1549564767488,1005.8071
1549564767521,1005.79895
1549564767559,1005.79895
1549564767597,1005.79895
1549564767635,1005.79895
1549564767674,1005.7947
1549564767713,1005.7947
1549564767758,1005.7947
1549564767789,1005.7947
1549564767827,1005.79565
1549564767868,1005.79565
1549564767904,1005.79565
1549564767943,1005.79565
1549564767981,1005.792
1549564768019,1005.792
1549564768062,1005.792
1549564768104,1005.792
1549564768136,1005.7866
1549564768174,1005.7866
1549564768212,1005.7866
1549564768249,1005.7866
1549564768288,1005.77844
1549564768328,1005.77844
1549564768365,1005.77844
1549564768403,1005.77844
1549564768443,1005.7764
1549564768480,1005.7764
1549564768519,1005.7764
1549564768560,1005.7764
1549564768596,1005.77576
1549564768635,1005.77576
1549564768674,1005.77576
1549564768714,1005.77576
1549564768752,1005.77423
1549564768794,1005.77423
1549564768829,1005.77423
1549564768867,1005.77423
1549564768909,1005.7765
1549564768943,1005.7765
1549564768982,1005.7765
1549564769024,1005.7765
1549564769059,1005.7817
