1549564531483,1009.5354
1549564531484,1009.5354
1549564531485,1009.5354
1549564531502,1009.5433
1549564531537,1009.5433
1549564531575,1009.5433
1549564531613,1009.5433
1549564531655,1009.5426
1549564531689,1009.5426
1549564531729,1009.5426
1549564531771,1009.5426
1549564531807,1009.5466
1549564531843,1009.5466
1549564531883,1009.5466
1549564531922,1009.5466
1549564531963,1009.5466
1549564531998,1009.5471
1549564532043,1009.5471
1549564532074,1009.5471
1549564532113,1009.5471
1549564532154,1009.5432
1549564532189,1009.5432
1549564532229,1009.5432
1549564532269,1009.5432
1549564532304,1009.549
1549564532344,1009.549
1549564532386,1009.549
1549564532422,1009.549
1549564532463,1009.5518
1549564532501,1009.5518
1549564532537,1009.5518
1549564532575,1009.5518
1549564532616,1009.5539
1549564532682,1009.5539
1549564532692,1009.5539
1549564532731,1009.5539
1549564532766,1009.55457
1549564532806,1009.55457
1549564532843,1009.55457
1549564532885,1009.55457
1549564532921,1009.5579
1549564532959,1009.5579
1549564532999,1009.5579
1549564533036,1009.5579
1549564533075,1009.5617
1549564533114,1009.5617
1549564533245,1009.5617
1549564533245,1009.5617
1549564533245,1009.5583
1549564533266,1009.5583
1549564533305,1009.5583
1549564533344,1009.5583
1549564533383,1009.537
1549564533423,1009.537
1549564533459,1009.537
1549564533498,1009.537
1549564533539,1009.5366
1549564533573,1009.5366
1549564533620,1009.5366
1549564533651,1009.5366
1549564533689,1009.53827
1549564533727,1009.53827
1549564533767,1009.53827
1549564533807,1009.53827
1549564533843,1009.5393
1549564533882,1009.5393
1549564533922,1009.5393
1549564533960,1009.5393
1549564534002,1009.5393
1549564534037,1009.5393
1549564534077,1009.5393
1549564534117,1009.5393
1549564534153,1009.5393
1549564534190,1009.5444
1549564534229,1009.5444
1549564534267,1009.5444
1549564534306,1009.5444
1549564534344,1009.5382
1549564534385,1009.5382
1549564534420,1009.5382
1549564534459,1009.5382
1549564534497,1009.53925
1549564534540,1009.53925
1549564534578,1009.53925
1549564534619,1009.53925
1549564534654,1009.5405
1549564534689,1009.5405
1549564534738,1009.5405
1549564534768,1009.5405
1549564534806,1009.53986
1549564534844,1009.53986
1549564534884,1009.53986
1549564534922,1009.53986
1549564534957,1009.5378
1549564534999,1009.5378
1549564535037,1009.5378
1549564535075,1009.5378
1549564535115,1009.54047
1549564535159,1009.54047
1549564535204,1009.54047
1549564535263,1009.54047
1549564535266,1009.5364
1549564535303,1009.5364
1549564535341,1009.5364
1549564535380,1009.5364
1549564535423,1009.54315
1549564535459,1009.54315
1549564535496,1009.54315
1549564535540,1009.54315
1549564535575,1009.55286
1549564535620,1009.55286
1549564535651,1009.55286
1549564535689,1009.55286
1549564535736,1009.5606
1549564535766,1009.5606
1549564535812,1009.5606
1549564535843,1009.5606
1549564535881,1009.56195
1549564535921,1009.56195
1549564535959,1009.56195
1549564536000,1009.56195
1549564536037,1009.5629
1549564536076,1009.5629
1549564536117,1009.5629
1549564536155,1009.5629
1549564536193,1009.5555
1549564536229,1009.5555
1549564536271,1009.5555
1549564536306,1009.5555
1549564536343,1009.5555
1549564536383,1009.53925
1549564536421,1009.53925
1549564536459,1009.53925
1549564536499,1009.53925
1549564536536,1009.5253
1549564536574,1009.5253
1549564536613,1009.5253
1549564536663,1009.5253
1549564536694,1009.5263
1549564536730,1009.5263
1549564536765,1009.5263
1549564536809,1009.5263
1549564536846,1009.5378
1549564536883,1009.5378
1549564536920,1009.5378
1549564536957,1009.5378
1549564536997,1009.54553
1549564537035,1009.54553
1549564537073,1009.54553
1549564537113,1009.54553
1549564537152,1009.5472
1549564537190,1009.5472
1549564537256,1009.5472
1549564537292,1009.5472
1549564537324,1009.54443
1549564537343,1009.54443
1549564537381,1009.54443
1549564537420,1009.54443
1549564537458,1009.54034
1549564537500,1009.54034
1549564537540,1009.54034
1549564537572,1009.54034
1549564537614,1009.5417
1549564537661,1009.5417
1549564537688,1009.5417
1549564537727,1009.5417
1549564537766,1009.54675
1549564537806,1009.54675
1549564537842,1009.54675
1549564537882,1009.54675
1549564537922,1009.5545
1549564537960,1009.5545
1549564537999,1009.5545
1549564538035,1009.5545
1549564538075,1009.55884
1549564538114,1009.55884
1549564538157,1009.55884
1549564538188,1009.55884
1549564538227,1009.55676
1549564538270,1009.55676
1549564538312,1009.55676
1549564538341,1009.55676
1549564538388,1009.5601
1549564538423,1009.5601
1549564538458,1009.5601
1549564538495,1009.5601
1549564538534,1009.5601
1549564538577,1009.5628
1549564538612,1009.5628
1549564538652,1009.5628
1549564538688,1009.5628
1549564538727,1009.56793
1549564538769,1009.56793
1549564538806,1009.56793
1549564538853,1009.56793
1549564538882,1009.57086
1549564538920,1009.57086
1549564538958,1009.57086
1549564538996,1009.57086
1549564539034,1009.5675
1549564539074,1009.5675
1549564539112,1009.5675
1549564539151,1009.5675
1549564539190,1009.57086
1549564539279,1009.57086
1549564539280,1009.57086
1549564539304,1009.57086
1549564539344,1009.5651
1549564539386,1009.5651
1549564539419,1009.5651
1549564539470,1009.5651
1549564539498,1009.5634
1549564539535,1009.5634
1549564539573,1009.5634
1549564539615,1009.5634
1549564539650,1009.55396
1549564539687,1009.55396
1549564539730,1009.55396
1549564539767,1009.55396
1549564539804,1009.559
1549564539844,1009.559
1549564539882,1009.559
1549564539920,1009.559
1549564539962,1009.54443
1549564539997,1009.54443
1549564540036,1009.54443
1549564540076,1009.54443
1549564540112,1009.5427
1549564540151,1009.5427
1549564540189,1009.5427
1549564540228,1009.5427
1549564540267,1009.5495
1549564540305,1009.5495
1549564540347,1009.5495
1549564540384,1009.5495
1549564540420,1009.5353
1549564540457,1009.5353
1549564540495,1009.5353
1549564540536,1009.5353
1549564540575,1009.52814
1549564540613,1009.52814
1549564540653,1009.52814
1549564540688,1009.52814
1549564540727,1009.52814
1549564540765,1009.5292
1549564540805,1009.5292
1549564540844,1009.5292
1549564540882,1009.5292
1549564540921,1009.5444
1549564540960,1009.5444
1549564540996,1009.5444
1549564541035,1009.5444
1549564541075,1009.53186
1549564541116,1009.53186
1549564541150,1009.53186
1549564541190,1009.53186
1549564541232,1009.53143
1549564541266,1009.53143
1549564541304,1009.53143
1549564541345,1009.53143
1549564541381,1009.5325
1549564541419,1009.5325
1549564541461,1009.5325
1549564541497,1009.5325
1549564541535,1009.53204
1549564541575,1009.53204
1549564541613,1009.53204
1549564541649,1009.53204
1549564541692,1009.528
1549564541729,1009.528
1549564541766,1009.528
1549564541809,1009.528
1549564541843,1009.5307
1549564541883,1009.5307
1549564541930,1009.5307
1549564541958,1009.5307
1549564542014,1009.5293
1549564542033,1009.5293
1549564542074,1009.5293
1549564542121,1009.5293
1549564542148,1009.5256
1549564542187,1009.5256
1549564542225,1009.5256
1549564542265,1009.5256
1549564542302,1009.52313
1549564542344,1009.52313
1549564542378,1009.52313
1549564542417,1009.52313
1549564542455,1009.5258
1549564542498,1009.5258
1549564542535,1009.5258
1549564542572,1009.5258
1549564542618,1009.5305
1549564542650,1009.5305
1549564542689,1009.5305
1549564542727,1009.5305
1549564542764,1009.5248
1549564542803,1009.5248
1549564542849,1009.5248
1549564542890,1009.5248
1549564542917,1009.5248
1549564542957,1009.52606
1549564542998,1009.52606
1549564543034,1009.52606
1549564543075,1009.52606
1549564543121,1009.5254
1549564543147,1009.5254
1549564543189,1009.5254
1549564543232,1009.5254
1549564543264,1009.5267
1549564543302,1009.5267
1549564543343,1009.5267
1549564543381,1009.5267
1549564543420,1009.5202
1549564543457,1009.5202
1549564543496,1009.5202
1549564543535,1009.5202
1549564543573,1009.52155
1549564543625,1009.52155
1549564543647,1009.52155
1549564543690,1009.52155
1549564543726,1009.53265
1549564543764,1009.53265
1549564543803,1009.53265
1549564543842,1009.53265
1549564543880,1009.534
1549564543919,1009.534
1549564543962,1009.534
1549564543997,1009.534
1549564544035,1009.5309
1549564544079,1009.5309
1549564544111,1009.5309
1549564544149,1009.5309
1549564544186,1009.53217
1549564544225,1009.53217
1549564544264,1009.53217
1549564544304,1009.53217
1549564544343,1009.53485
1549564544387,1009.53485
1549564544430,1009.53485
1549564544459,1009.53485
1549564544496,1009.5278
1549564544537,1009.5278
1549564544573,1009.5278
1549564544614,1009.5278
1549564544650,1009.523
1549564544690,1009.523
1549564544725,1009.523
1549564544766,1009.523
1549564544803,1009.52765
1549564544839,1009.52765
1549564544881,1009.52765
1549564544921,1009.52765
1549564544960,1009.52423
1549564544996,1009.52423
1549564545036,1009.52423
1549564545073,1009.52423
1549564545111,1009.53094
1549564545149,1009.52716
1549564545189,1009.52716
1549564545228,1009.52716
1549564545263,1009.52716
1549564545302,1009.51807
1549564545341,1009.51807
1549564545381,1009.51807
1549564545420,1009.51807
1549564545458,1009.5204
1549564545495,1009.5204
1549564545533,1009.5204
1549564545572,1009.5204
1549564545612,1009.5193
1549564545649,1009.5193
1549564545688,1009.5193
1549564545727,1009.5193
1549564545766,1009.52026
1549564545804,1009.52026
1549564545841,1009.52026
1549564545882,1009.52026
1549564545918,1009.5192
1549564545959,1009.5192
1549564545997,1009.5192
1549564546035,1009.5192
1549564546072,1009.52356
1549564546115,1009.52356
1549564546149,1009.52356
1549564546191,1009.52356
1549564546228,1009.5208
1549564546263,1009.5208
1549564546302,1009.5208
1549564546342,1009.5208
1549564546379,1009.51843
1549564546418,1009.51843
1549564546459,1009.51843
1549564546497,1009.51843
1549564546534,1009.52747
1549564546572,1009.52747
1549564546618,1009.52747
1549564546649,1009.52747
1549564546687,1009.5264
1549564546726,1009.5264
1549564546764,1009.5264
1549564546806,1009.5264
1549564546842,1009.5236
1549564546879,1009.5236
1549564546920,1009.5236
1549564546957,1009.5236
1549564546993,1009.52295
1549564547032,1009.52295
1549564547069,1009.52295
1549564547110,1009.52295
1549564547152,1009.5209
1549564547189,1009.5209
1549564547227,1009.5209
1549564547262,1009.5209
1549564547300,1009.5181
1549564547339,1009.5181
1549564547378,1009.5181
1549564547416,1009.5181
1549564547456,1009.5181
1549564547495,1009.5184
1549564547533,1009.5184
1549564547573,1009.5184
1549564547612,1009.5184
1549564547647,1009.5156
1549564547686,1009.5156
1549564547724,1009.5156
1549564547764,1009.5156
1549564547802,1009.5156
1549564547840,1009.5156
1549564547882,1009.5156
1549564547917,1009.5156
1549564547957,1009.5213
1549564547997,1009.5213
1549564548042,1009.5213
1549564548073,1009.5213
1549564548111,1009.51556
1549564548148,1009.51556
1549564548188,1009.51556
1549564548226,1009.51556
1549564548265,1009.5178
1549564548303,1009.5178
1549564548343,1009.5178
1549564548379,1009.5178
1549564548418,1009.5276
1549564548456,1009.5276
1549564548495,1009.5276
1549564548537,1009.5276
1549564548570,1009.5235
1549564548610,1009.5235
1549564548658,1009.5235
1549564548686,1009.5235
1549564548724,1009.5157
1549564548762,1009.5157
1549564548802,1009.5157
1549564548840,1009.5157
1549564548878,1009.5201
1549564548917,1009.5201
1549564548956,1009.5201
1549564548992,1009.5201
1549564549032,1009.519
1549564549071,1009.519
1549564549110,1009.519
1549564549152,1009.519
1549564549185,1009.5145
1549564549224,1009.5145
1549564549264,1009.5145
1549564549309,1009.5145
1549564549344,1009.5118
1549564549378,1009.5118
1549564549418,1009.5118
1549564549456,1009.5118
1549564549496,1009.5124
1549564549535,1009.5124
1549564549575,1009.5124
1549564549608,1009.5124
1549564549650,1009.5124
1549564549685,1009.51337
1549564549726,1009.51337
1549564549765,1009.51337
1549564549801,1009.51337
1549564549840,1009.51056
1549564549879,1009.51056
1549564549917,1009.51056
1549564549958,1009.51056
1549564549997,1009.5004
1549564550032,1009.5004
1549564550071,1009.5004
1549564550109,1009.5004
1549564550154,1009.4976
1549564550192,1009.4976
1549564550224,1009.4976
1549564550263,1009.4976
1549564550311,1009.49994
1549564550347,1009.49994
1549564550377,1009.49994
1549564550419,1009.49994
1549564550455,1009.49713
1549564550496,1009.49713
1549564550532,1009.49713
1549564550572,1009.49713
1549564550608,1009.4981
1549564550655,1009.4981
1549564550686,1009.4981
1549564550727,1009.4981
1549564550764,1009.4947
1549564550802,1009.4947
1549564550842,1009.4947
1549564550882,1009.4947
1549564550918,1009.50275
1549564550957,1009.50275
1549564550999,1009.50275
1549564551031,1009.50275
1549564551070,1009.49963
1549564551110,1009.49963
1549564551149,1009.49963
1549564551186,1009.49963
1549564551229,1009.51105
1549564551265,1009.51105
1549564551303,1009.51105
1549564551343,1009.51105
1549564551382,1009.51
1549564551418,1009.51
1549564551456,1009.51
1549564551496,1009.51
1549564551530,1009.51776
1549564551572,1009.51776
1549564551609,1009.51776
1549564551651,1009.51776
1549564551685,1009.5251
1549564551726,1009.5251
1549564551765,1009.5251
1549564551804,1009.5251
1549564551840,1009.5251
1549564551877,1009.5278
1549564551917,1009.5278
1549564551957,1009.5278
1549564551995,1009.5278
1549564552031,1009.53345
1549564552076,1009.53345
1549564552109,1009.53345
1549564552149,1009.53345
1549564552185,1009.53644
1549564552225,1009.53644
1549564552262,1009.53644
1549564552301,1009.53644
1549564552338,1009.54346
1549564552380,1009.54346
1549564552418,1009.54346
1549564552454,1009.54346
1549564552494,1009.5255
1549564552532,1009.5255
1549564552571,1009.5255
1549564552611,1009.5255
1549564552651,1009.5302
1549564552689,1009.5302
1549564552723,1009.5302
1549564552762,1009.5302
1549564552801,1009.53217
1549564552840,1009.53217
1549564552881,1009.53217
1549564552918,1009.53217
1549564552957,1009.5328
1549564552992,1009.5328
1549564553034,1009.5328
1549564553072,1009.5328
1549564553113,1009.5317
1549564553149,1009.5317
1549564553184,1009.5317
1549564553223,1009.5317
1549564553262,1009.53436
1549564553307,1009.53436
1549564553339,1009.53436
1549564553379,1009.53436
1549564553418,1009.5367
1549564553454,1009.5367
1549564553493,1009.5367
1549564553535,1009.5367
1549564553571,1009.5413
1549564553609,1009.5413
1549564553649,1009.5413
1549564553685,1009.5413
1549564553724,1009.54364
1549564553762,1009.54364
1549564553804,1009.54364
1549564553840,1009.54364
1549564553879,1009.54565
1549564553916,1009.54565
1549564553956,1009.54565
1549564553994,1009.54565
1549564554032,1009.54565
1549564554070,1009.54285
1549564554108,1009.54285
1549564554147,1009.54285
1549564554186,1009.54285
1549564554228,1009.54517
1549564554266,1009.54517
1549564554311,1009.54517
1549564554338,1009.54517
1549564554378,1009.536
1549564554417,1009.536
1549564554455,1009.536
1549564554495,1009.536
1549564554533,1009.5424
1549564554572,1009.5424
1549564554612,1009.5424
1549564554646,1009.5424
1549564554689,1009.5552
1549564554722,1009.5552
1549564554760,1009.5552
1549564554800,1009.5552
1549564554843,1009.5575
1549564554877,1009.5575
1549564554914,1009.5575
1549564554952,1009.5575
1549564554997,1009.55133
1549564555031,1009.55133
1549564555069,1009.55133
1549564555109,1009.55133
1549564555150,1009.5435
1549564555186,1009.5435
1549564555223,1009.5435
1549564555262,1009.5435
1549564555299,1009.5428
1549564555338,1009.5428
1549564555377,1009.5428
1549564555417,1009.5428
1549564555458,1009.55054
1549564555494,1009.55054
1549564555531,1009.55054
1549564555570,1009.55054
1549564555608,1009.5427
1549564555646,1009.5427
1549564555687,1009.5427
1549564555723,1009.5427
1549564555761,1009.53656
1549564555799,1009.53656
1549564555840,1009.53656
1549564555880,1009.53656
1549564555915,1009.5446
1549564555954,1009.5446
1549564555994,1009.5446
1549564556033,1009.5446
1549564556069,1009.5456
1549564556107,1009.5456
1549564556148,1009.5456
1549564556214,1009.5456
1549564556229,1009.5456
1549564556262,1009.5456
1549564556301,1009.5456
1549564556339,1009.5456
1549564556375,1009.5456
1549564556418,1009.5449
1549564556453,1009.5449
1549564556493,1009.5449
1549564556530,1009.5449
1549564556568,1009.5438
1549564556607,1009.5438
1549564556647,1009.5438
1549564556688,1009.5438
1549564556723,1009.54346
1549564556761,1009.54346
1549564556804,1009.54346
1549564556843,1009.54346
1549564556878,1009.536
1549564556916,1009.536
1549564556954,1009.536
1549564556994,1009.536
1549564557031,1009.5387
1549564557068,1009.5387
1549564557105,1009.5387
1549564557146,1009.5387
1549564557188,1009.54
1549564557222,1009.54
1549564557261,1009.54
1549564557306,1009.54
1549564557336,1009.54095
1549564557377,1009.54095
1549564557416,1009.54095
1549564557455,1009.54095
1549564557491,1009.5355
1549564557531,1009.5355
1549564557569,1009.5355
1549564557607,1009.5355
1549564557645,1009.53986
1549564557691,1009.53986
1549564557722,1009.53986
1549564557760,1009.53986
1549564557801,1009.5507
1549564557839,1009.5507
1549564557877,1009.5507
1549564557917,1009.5507
1549564557958,1009.5433
1549564557993,1009.5433
1549564558031,1009.5433
1549564558084,1009.5433
1549564558107,1009.54596
1549564558145,1009.54596
1549564558188,1009.54596
1549564558221,1009.54596
1549564558262,1009.5544
1549564558300,1009.5544
1549564558338,1009.5544
1549564558377,1009.5544
1549564558418,1009.5544
1549564558455,1009.554
1549564558495,1009.554
1549564558529,1009.554
1549564558569,1009.554
1549564558607,1009.55774
1549564558646,1009.55774
1549564558683,1009.55774
1549564558726,1009.55774
1549564558764,1009.55566
1549564558800,1009.55566
1549564558838,1009.55566
1549564558878,1009.55566
1549564558915,1009.5516
1549564558953,1009.5516
1549564558993,1009.5516
1549564559031,1009.5516
1549564559072,1009.54614
1549564559109,1009.54614
1549564559147,1009.54614
1549564559184,1009.54614
1549564559221,1009.5445
1549564559263,1009.5445
1549564559302,1009.5445
1549564559337,1009.5445
1549564559377,1009.5421
1549564559415,1009.5421
1549564559453,1009.5421
1549564559498,1009.5421
1549564559531,1009.5434
1549564559572,1009.5434
1549564559608,1009.5434
1549564559646,1009.5434
1549564559695,1009.53595
1549564559729,1009.53595
1549564559762,1009.53595
1549564559799,1009.53595
1549564559839,1009.5309
1549564559875,1009.5309
1549564559915,1009.5309
1549564559952,1009.5309
1549564559992,1009.53766
1549564560031,1009.53766
1549564560068,1009.53766
1549564560106,1009.53766
1549564560144,1009.5461
1549564560191,1009.5461
1549564560222,1009.5461
1549564560263,1009.5461
1549564560302,1009.54706
1549564560338,1009.54706
1549564560377,1009.54706
1549564560415,1009.54706
1549564560453,1009.54706
1549564560493,1009.54706
1549564560529,1009.54706
1549564560570,1009.54706
1549564560606,1009.5568
1549564560645,1009.5568
1549564560693,1009.5568
1549564560722,1009.5568
1549564560760,1009.5568
1549564560800,1009.5443
1549564560839,1009.5443
1549564560876,1009.5443
1549564560914,1009.5443
1549564560953,1009.5405
1549564560992,1009.5405
1549564561030,1009.5405
1549564561070,1009.5405
1549564561107,1009.5372
1549564561144,1009.5372
1549564561201,1009.5372
1549564561221,1009.5372
1549564561260,1009.5422
1549564561303,1009.5422
1549564561336,1009.5422
1549564561376,1009.5422
1549564561414,1009.53143
1549564561453,1009.53143
1549564561491,1009.53143
1549564561530,1009.53143
1549564561570,1009.53143
1549564561606,1009.53143
1549564561644,1009.53143
1549564561684,1009.53143
1549564561725,1009.5442
1549564561761,1009.5442
1549564561800,1009.5442
1549564561840,1009.5442
1549564561878,1009.55096
1549564561914,1009.55096
1549564561953,1009.55096
1549564561994,1009.55096
1549564562034,1009.55225
1549564562068,1009.55225
1549564562108,1009.55225
1549564562144,1009.55225
1549564562184,1009.55225
1549564562224,1009.55225
1549564562262,1009.55225
1549564562299,1009.55225
1549564562337,1009.54987
1549564562381,1009.54987
1549564562418,1009.54987
1549564562452,1009.54987
1549564562491,1009.54987
1549564562531,1009.54987
1549564562571,1009.54987
1549564562606,1009.54987
1549564562643,1009.5448
1549564562684,1009.5448
1549564562722,1009.5448
1549564562759,1009.5448
1549564562800,1009.5448
1549564562837,1009.5448
1549564562879,1009.5448
1549564562914,1009.5448
1549564562952,1009.5448
1549564562991,1009.54816
1549564563031,1009.54816
1549564563067,1009.54816
1549564563107,1009.54816
1549564563145,1009.5427
1549564563184,1009.5427
1549564563229,1009.5427
1549564563259,1009.5427
1549564563300,1009.5302
1549564563340,1009.5302
1549564563378,1009.5302
1549564563413,1009.5302
1549564563452,1009.52686
1549564563493,1009.52686
1549564563530,1009.52686
1549564563572,1009.52686
1549564563607,1009.5312
1549564563647,1009.5312
1549564563686,1009.5312
1549564563724,1009.5312
1549564563760,1009.5241
1549564563803,1009.5241
1549564563838,1009.5241
1549564563877,1009.5241
1549564563914,1009.5207
1549564563952,1009.5207
1549564563990,1009.5207
1549564564030,1009.5207
1549564564066,1009.52167
1549564564107,1009.52167
1549564564145,1009.52167
1549564564183,1009.52167
1549564564224,1009.52167
1549564564258,1009.52167
1549564564299,1009.52167
1549564564335,1009.52167
1549564564375,1009.5196
1549564564413,1009.5196
1549564564452,1009.5196
1549564564490,1009.5196
1549564564534,1009.5213
1549564564571,1009.5213
1549564564606,1009.5213
1549564564646,1009.5213
1549564564685,1009.5189
1549564564734,1009.5189
1549564564760,1009.5189
1549564564799,1009.5189
1549564564837,1009.5253
1549564564877,1009.5253
1549564564913,1009.5253
1549564564955,1009.5253
1549564564995,1009.5263
1549564565030,1009.5263
1549564565069,1009.5263
1549564565109,1009.5263
1549564565144,1009.5263
1549564565190,1009.5263
1549564565222,1009.5263
1549564565261,1009.5263
1549564565296,1009.5263
1549564565339,1009.52893
1549564565375,1009.52893
1549564565412,1009.52893
1549564565450,1009.52893
1549564565492,1009.537
1549564565529,1009.537
1549564565566,1009.537
1549564565605,1009.537
1549564565644,1009.5397
1549564565683,1009.5397
1549564565724,1009.5397
1549564565759,1009.5397
1549564565798,1009.5376
1549564565837,1009.5376
1549564565877,1009.5376
1549564565913,1009.5376
1549564565953,1009.5369
1549564565994,1009.5369
1549564566030,1009.5369
1549564566067,1009.5369
1549564566105,1009.5325
1549564566145,1009.5325
1549564566182,1009.5325
1549564566227,1009.5325
1549564566257,1009.5392
1549564566297,1009.5392
1549564566336,1009.5392
1549564566377,1009.5392
1549564566415,1009.5301
1549564566452,1009.5301
1549564566491,1009.5301
1549564566529,1009.5301
1549564566569,1009.533
1549564566607,1009.533
1549564566643,1009.533
1549564566684,1009.533
1549564566721,1009.529
1549564566759,1009.529
1549564566798,1009.529
1549564566838,1009.529
1549564566876,1009.5346
1549564566915,1009.5346
1549564566951,1009.5346
1549564566990,1009.5346
1549564567029,1009.5313
1549564567069,1009.5313
1549564567105,1009.5313
1549564567156,1009.5313
1549564567203,1009.5306
1549564567222,1009.5306
1549564567258,1009.5306
1549564567298,1009.5306
1549564567338,1009.5306
1549564567374,1009.5302
1549564567412,1009.5302
1549564567452,1009.5302
1549564567492,1009.5302
1549564567529,1009.5312
1549564567567,1009.5312
1549564567625,1009.5312
1549564567641,1009.5312
1549564567679,1009.5166
1549564567719,1009.5166
1549564567761,1009.5166
1549564567797,1009.5166
1549564567836,1009.5142
1549564567873,1009.5142
1549564567916,1009.5142
1549564567952,1009.5142
1549564567991,1009.5114
1549564568028,1009.5114
1549564568067,1009.5114
1549564568105,1009.5114
1549564568143,1009.51276
1549564568180,1009.51276
1549564568224,1009.51276
1549564568259,1009.51276
1549564568296,1009.5104
1549564568334,1009.5104
1549564568374,1009.5104
1549564568415,1009.5104
1549564568451,1009.508
1549564568491,1009.508
1549564568539,1009.508
1549564568567,1009.508
1549564568605,1009.5059
1549564568644,1009.5059
1549564568682,1009.5059
1549564568722,1009.5059
1549564568760,1009.51025
1549564568799,1009.51025
1549564568835,1009.51025
1549564568874,1009.51025
1549564568911,1009.4991
1549564568950,1009.4991
1549564568989,1009.4991
1549564569031,1009.4991
1549564569066,1009.50006
1549564569104,1009.50006
1549564569143,1009.50006
1549564569181,1009.50006
1549564569219,1009.51355
1549564569261,1009.51355
1549564569298,1009.51355
1549564569337,1009.51355
1549564569372,1009.5047
1549564569413,1009.5047
1549564569453,1009.5047
1549564569492,1009.5047
1549564569529,1009.5047
1549564569568,1009.4986
1549564569603,1009.4986
1549564569647,1009.4986
1549564569683,1009.4986
1549564569721,1009.5053
1549564569765,1009.5053
1549564569795,1009.5053
1549564569835,1009.5053
1549564569873,1009.50464
1549564569914,1009.50464
1549564569951,1009.50464
1549564569991,1009.50464
1549564570028,1009.49786
1549564570067,1009.49786
1549564570104,1009.49786
1549564570141,1009.49786
1549564570190,1009.5013
1549564570221,1009.5013
1549564570259,1009.5013
1549564570294,1009.5013
1549564570337,1009.5059
1549564570376,1009.5059
1549564570412,1009.5059
1549564570451,1009.5059
1549564570488,1009.5086
1549564570528,1009.5086
1549564570570,1009.5086
1549564570605,1009.5086
1549564570642,1009.5045
1549564570688,1009.5045
1549564570722,1009.5045
1549564570762,1009.5045
1549564570795,1009.5079
1549564570836,1009.5079
1549564570874,1009.5079
1549564570916,1009.5079
1549564570951,1009.5092
1549564570989,1009.5092
1549564571026,1009.5092
1549564571065,1009.5092
1549564571103,1009.50244
1549564571140,1009.50244
1549564571179,1009.50244
1549564571219,1009.50244
1549564571265,1009.4991
1549564571296,1009.4991
1549564571334,1009.4991
1549564571375,1009.4991
1549564571412,1009.4967
1549564571454,1009.4967
1549564571491,1009.4967
1549564571534,1009.4967
1549564571566,1009.4984
1549564571606,1009.4984
1549564571648,1009.4984
1549564571683,1009.4984
1549564571720,1009.50006
1549564571760,1009.50006
1549564571797,1009.50006
1549564571835,1009.50006
1549564571874,1009.50006
1549564571912,1009.50006
1549564571950,1009.50006
1549564571991,1009.50006
1549564572028,1009.50006
1549564572075,1009.51483
1549564572103,1009.51483
1549564572143,1009.51483
1549564572183,1009.51483
1549564572223,1009.50476
1549564572260,1009.50476
1549564572296,1009.50476
1549564572337,1009.50476
1549564572373,1009.4946
1549564572413,1009.4946
1549564572449,1009.4946
1549564572488,1009.4946
1549564572528,1009.4946
1549564572567,1009.4946
1549564572604,1009.4946
1549564572642,1009.4946
1549564572682,1009.4913
1549564572718,1009.4913
1549564572761,1009.4913
1549564572797,1009.4913
1549564572834,1009.48785
1549564572873,1009.48785
1549564572915,1009.48785
1549564572952,1009.48785
1549564572988,1009.49054
1549564573027,1009.49054
1549564573066,1009.49054
1549564573105,1009.49054
1549564573142,1009.49054
1549564573182,1009.49054
1549564573221,1009.49054
1549564573258,1009.49054
1549564573296,1009.5007
1549564573337,1009.5007
1549564573374,1009.5007
1549564573410,1009.5007
1549564573451,1009.5007
1549564573489,1009.5007
1549564573533,1009.5007
1549564573566,1009.5007
1549564573603,1009.5007
1549564573643,1009.5007
1549564573680,1009.5007
1549564573720,1009.5007
1549564573758,1009.49054
1549564573796,1009.49054
1549564573836,1009.49054
1549564573875,1009.49054
1549564573911,1009.4862
1549564573952,1009.4862
1549564573988,1009.4862
1549564574028,1009.4862
1549564574067,1009.4862
1549564574104,1009.47943
1549564574143,1009.47943
1549564574188,1009.47943
1549564574219,1009.47943
1549564574263,1009.4761
1549564574294,1009.4761
1549564574334,1009.4761
1549564574371,1009.4761
1549564574412,1009.4727
1549564574449,1009.4727
1549564574489,1009.4727
1549564574527,1009.4727
1549564574564,1009.4727
1549564574604,1009.4727
1549564574643,1009.4727
1549564574682,1009.4727
1549564574721,1009.48285
1549564574763,1009.48285
1549564574794,1009.48285
1549564574834,1009.48285
1549564574877,1009.4883
1549564574912,1009.4883
1549564574950,1009.4883
1549564574989,1009.4883
1549564575027,1009.4899
1549564575067,1009.4899
1549564575103,1009.4899
1549564575144,1009.4899
1549564575180,1009.48895
1549564575221,1009.48895
1549564575258,1009.48895
1549564575298,1009.48895
1549564575336,1009.4873
1549564575379,1009.4873
1549564575414,1009.4873
1549564575450,1009.4873
1549564575488,1009.4873
1549564575530,1009.4873
1549564575564,1009.4873
1549564575605,1009.4873
1549564575645,1009.4873
1549564575680,1009.4873
1549564575725,1009.4873
1549564575757,1009.4873
1549564575796,1009.48895
1549564575833,1009.48895
1549564575873,1009.48895
1549564575911,1009.48895
1549564575950,1009.4856
1549564575988,1009.4856
1549564576027,1009.4856
1549564576066,1009.4856
1549564576108,1009.4877
1549564576142,1009.4877
1549564576182,1009.4877
1549564576217,1009.4877
1549564576257,1009.4877
1549564576294,1009.4877
1549564576335,1009.4877
1549564576372,1009.4877
1549564576411,1009.4877
1549564576454,1009.47925
1549564576488,1009.47925
1549564576525,1009.47925
1549564576564,1009.47925
1549564576602,1009.4826
1549564576643,1009.4826
1549564576689,1009.4826
1549564576718,1009.4826
1549564576760,1009.49274
1549564576794,1009.49274
1549564576834,1009.49274
1549564576872,1009.49274
1549564576917,1009.4978
1549564576949,1009.4978
1549564576986,1009.4978
1549564577024,1009.4978
1549564577066,1009.49445
1549564577105,1009.49445
1549564577142,1009.49445
1549564577180,1009.49445
1549564577218,1009.4805
1549564577254,1009.4805
1549564577295,1009.4805
1549564577332,1009.4805
1549564577371,1009.4809
1549564577411,1009.4809
1549564577448,1009.4809
1549564577487,1009.4809
1549564577525,1009.48596
1549564577564,1009.48596
1549564577603,1009.48596
1549564577641,1009.48596
1549564577682,1009.48895
1549564577730,1009.48895
1549564577758,1009.48895
1549564577794,1009.48895
1549564577833,1009.4924
1549564577877,1009.4924
1549564577911,1009.4924
1549564577949,1009.4924
1549564577986,1009.4974
1549564578025,1009.4974
1549564578066,1009.4974
1549564578105,1009.4974
1549564578143,1009.5058
1549564578179,1009.5058
1549564578219,1009.5058
1549564578278,1009.5058
1549564578305,1009.50415
1549564578333,1009.50415
1549564578373,1009.50415
1549564578425,1009.50415
1549564578450,1009.50415
1549564578485,1009.5035
1549564578523,1009.5035
1549564578563,1009.5035
1549564578605,1009.5035
1549564578639,1009.50006
1549564578677,1009.50006
1549564578716,1009.50006
1549564578753,1009.50006
1549564578795,1009.4967
1549564578836,1009.4967
1549564578870,1009.4967
1549564578908,1009.4967
1549564578946,1009.48956
1549564578985,1009.48956
1549564579024,1009.48956
1549564579063,1009.48956
1549564579102,1009.4946
1549564579139,1009.4946
1549564579177,1009.4946
1549564579217,1009.4946
1549564579256,1009.498
1549564579293,1009.498
1549564579334,1009.498
1549564579371,1009.498
1549564579412,1009.5014
1549564579451,1009.5014
1549564579486,1009.5014
1549564579528,1009.5014
1549564579566,1009.49896
1549564579603,1009.49896
1549564579639,1009.49896
1549564579682,1009.49896
1549564579723,1009.4983
1549564579756,1009.4983
1549564579800,1009.4983
1549564579832,1009.4983
1549564579872,1009.4915
1549564579913,1009.4915
1549564579950,1009.4915
1549564579990,1009.4915
1549564580025,1009.4932
1549564580064,1009.4932
1549564580106,1009.4932
1549564580142,1009.4932
1549564580179,1009.48676
1549564580219,1009.48676
1549564580257,1009.48676
1549564580300,1009.48676
1549564580333,1009.48303
1549564580370,1009.48303
1549564580410,1009.48303
1549564580449,1009.48303
1549564580490,1009.4931
1549564580527,1009.4931
1549564580564,1009.4931
1549564580604,1009.4931
1549564580640,1009.4931
1549564580681,1009.50085
1549564580718,1009.50085
1549564580757,1009.50085
1549564580803,1009.50085
1549564580833,1009.50183
1549564580870,1009.50183
1549564580916,1009.50183
1549564580953,1009.50183
1549564580989,1009.5032
1549564581027,1009.5032
1549564581064,1009.5032
1549564581109,1009.5032
1549564581140,1009.4974
1549564581179,1009.4974
1549564581219,1009.4974
1549564581256,1009.4974
1549564581297,1009.4953
1549564581332,1009.4953
1549564581369,1009.4953
1549564581409,1009.4953
1549564581448,1009.4963
1549564581488,1009.4963
1549564581524,1009.4963
1549564581563,1009.4963
1549564581601,1009.4969
1549564581640,1009.4969
1549564581679,1009.4969
1549564581747,1009.4969
1549564581764,1009.4979
1549564581794,1009.4979
1549564581832,1009.4979
1549564581871,1009.4979
1549564581910,1009.4908
1549564581948,1009.4908
1549564581986,1009.4908
1549564582024,1009.4908
1549564582063,1009.49176
1549564582102,1009.49176
1549564582141,1009.49176
1549564582179,1009.49176
1549564582218,1009.4873
1549564582257,1009.4873
1549564582309,1009.4873
1549564582332,1009.4873
1549564582369,1009.48456
1549564582409,1009.48456
1549564582448,1009.48456
1549564582488,1009.48456
1549564582522,1009.49054
1549564582565,1009.49054
1549564582602,1009.49054
1549564582640,1009.49054
1549564582679,1009.4885
1549564582719,1009.4885
1549564582755,1009.4885
1549564582795,1009.4885
1549564582832,1009.4885
1549564582872,1009.48615
1549564582912,1009.48615
1549564582948,1009.48615
1549564582988,1009.48615
1549564583027,1009.4783
1549564583067,1009.4783
1549564583107,1009.4783
1549564583139,1009.4783
1549564583179,1009.4759
1549564583217,1009.4759
1549564583257,1009.4759
1549564583293,1009.4759
1549564583332,1009.48395
1549564583370,1009.48395
1549564583409,1009.48395
1549564583453,1009.48395
1549564583487,1009.4883
1549564583523,1009.4883
1549564583564,1009.4883
1549564583600,1009.4883
1549564583644,1009.4876
1549564583678,1009.4876
1549564583716,1009.4876
1549564583758,1009.4876
1549564583796,1009.4764
1549564583831,1009.4764
1549564583869,1009.4764
1549564583909,1009.4764
1549564583949,1009.4719
1549564584002,1009.4719
1549564584024,1009.4719
1549564584064,1009.4719
1549564584102,1009.46747
1549564584141,1009.46747
1549564584178,1009.46747
1549564584223,1009.46747
1549564584256,1009.4668
1549564584293,1009.4668
1549564584351,1009.4668
1549564584370,1009.4668
1549564584414,1009.46136
1549564584447,1009.46136
1549564584486,1009.46136
1549564584522,1009.46136
1549564584563,1009.45685
1549564584601,1009.45685
1549564584639,1009.45685
1549564584677,1009.45685
1549564584721,1009.4579
1549564584755,1009.4579
1549564584799,1009.4579
1549564584831,1009.4579
1549564584869,1009.469
1549564584928,1009.469
1549564584951,1009.469
1549564584986,1009.469
1549564585023,1009.469
1549564585061,1009.47125
1549564585100,1009.47125
1549564585142,1009.47125
1549564585175,1009.47125
1549564585214,1009.47595
1549564585258,1009.47595
1549564585294,1009.47595
1549564585331,1009.47595
1549564585369,1009.47015
1549564585408,1009.47015
1549564585445,1009.47015
1549564585487,1009.47015
1549564585530,1009.4695
1549564585561,1009.4695
1549564585601,1009.4695
1549564585641,1009.4695
1549564585680,1009.4663
1549564585717,1009.4663
1549564585755,1009.4663
1549564585793,1009.4663
1549564585835,1009.47064
1549564585868,1009.47064
1549564585908,1009.47064
1549564585946,1009.47064
1549564585987,1009.4652
1549564586025,1009.4652
1549564586064,1009.4652
1549564586102,1009.4652
1549564586139,1009.4638
1549564586177,1009.4638
1549564586219,1009.4638
1549564586254,1009.4638
1549564586294,1009.4668
1549564586332,1009.4668
1549564586371,1009.4668
1549564586409,1009.4668
1549564586448,1009.4674
1549564586487,1009.4674
1549564586524,1009.4674
1549564586561,1009.4674
1549564586600,1009.4701
1549564586641,1009.4701
1549564586678,1009.4701
1549564586717,1009.4701
1549564586754,1009.4819
1549564586794,1009.4819
1549564586833,1009.4819
1549564586868,1009.4819
1549564586911,1009.4842
1549564586957,1009.4842
1549564586986,1009.4842
1549564587023,1009.4842
1549564587061,1009.4881
1549564587102,1009.4881
1549564587140,1009.4881
1549564587177,1009.4881
1549564587222,1009.4881
1549564587255,1009.4908
1549564587292,1009.4908
1549564587330,1009.4908
1549564587371,1009.4908
1549564587406,1009.4952
1549564587447,1009.4952
1549564587494,1009.4952
1549564587524,1009.4952
1549564587563,1009.5015
1549564587599,1009.5015
1549564587639,1009.5015
1549564587680,1009.5015
1549564587717,1009.50214
1549564587754,1009.50214
1549564587793,1009.50214
1549564587834,1009.50214
1549564587867,1009.5128
1549564587908,1009.5128
1549564587946,1009.5128
1549564587986,1009.5128
1549564588023,1009.5087
1549564588061,1009.5087
1549564588101,1009.5087
1549564588141,1009.5087
1549564588180,1009.50977
1549564588216,1009.50977
1549564588258,1009.50977
1549564588293,1009.50977
1549564588331,1009.50696
1549564588369,1009.50696
1549564588407,1009.50696
1549564588446,1009.50696
1549564588485,1009.50757
1549564588527,1009.50757
1549564588563,1009.50757
1549564588602,1009.50757
1549564588638,1009.5149
1549564588678,1009.5149
1549564588716,1009.5149
1549564588753,1009.5149
1549564588794,1009.51996
1549564588830,1009.51996
1549564588869,1009.51996
1549564588909,1009.51996
1549564588945,1009.51215
1549564588986,1009.51215
1549564589022,1009.51215
1549564589060,1009.51215
1549564589101,1009.5114
1549564589141,1009.5114
1549564589178,1009.5114
1549564589215,1009.5114
1549564589255,1009.5114
1549564589291,1009.50696
1549564589335,1009.50696
1549564589373,1009.50696
1549564589407,1009.50696
1549564589447,1009.5042
1549564589484,1009.5042
1549564589528,1009.5042
1549564589561,1009.5042
1549564589603,1009.5035
1549564589641,1009.5035
1549564589676,1009.5035
1549564589717,1009.5035
1549564589754,1009.5098
1549564589793,1009.5098
1549564589830,1009.5098
1549564589872,1009.5098
1549564589908,1009.50916
1549564589946,1009.50916
1549564589983,1009.50916
1549564590023,1009.50916
1549564590063,1009.5142
1549564590099,1009.5142
1549564590143,1009.5142
1549564590177,1009.5142
1549564590216,1009.50977
1549564590253,1009.50977
1549564590294,1009.50977
1549564590331,1009.50977
1549564590368,1009.5158
1549564590407,1009.5158
1549564590450,1009.5158
1549564590485,1009.5158
1549564590524,1009.51874
1549564590595,1009.51874
1549564590623,1009.51874
1549564590643,1009.51874
1549564590677,1009.51135
1549564590714,1009.51135
1549564590752,1009.51135
1549564590791,1009.51135
1549564590830,1009.509
1549564590870,1009.509
1549564590907,1009.509
1549564590946,1009.509
1549564590983,1009.5052
1549564591023,1009.5052
1549564591061,1009.5052
1549564591101,1009.5052
1549564591137,1009.49774
1549564591174,1009.49774
1549564591214,1009.49774
1549564591253,1009.49774
1549564591292,1009.5017
1549564591334,1009.5017
1549564591367,1009.5017
1549564591410,1009.5017
1549564591444,1009.5017
1549564591485,1009.5179
1549564591523,1009.5179
1549564591561,1009.5179
1549564591600,1009.5179
1549564591638,1009.53094
1549564591676,1009.53094
1549564591720,1009.53094
1549564591754,1009.53094
1549564591794,1009.5387
1549564591834,1009.5387
1549564591868,1009.5387
1549564591907,1009.5387
1549564591946,1009.54266
1549564591985,1009.54266
1549564592021,1009.54266
1549564592061,1009.54266
1549564592111,1009.5511
1549564592137,1009.5511
1549564592179,1009.5511
1549564592214,1009.5511
1549564592252,1009.5517
1549564592292,1009.5517
1549564592336,1009.5517
1549564592368,1009.5517
1549564592406,1009.55096
1549564592446,1009.55096
1549564592486,1009.55096
1549564592523,1009.55096
1549564592564,1009.5472
1549564592598,1009.5472
1549564592636,1009.5472
1549564592677,1009.5472
1549564592717,1009.54443
1549564592757,1009.54443
1549564592791,1009.54443
1549564592847,1009.54443
1549564592869,1009.54205
1549564592905,1009.54205
1549564592947,1009.54205
1549564592982,1009.54205
1549564593023,1009.54474
1549564593062,1009.54474
1549564593100,1009.54474
1549564593135,1009.54474
1549564593174,1009.55444
1549564593213,1009.55444
1549564593253,1009.55444
1549564593291,1009.55444
1549564593330,1009.5605
1549564593375,1009.5605
1549564593407,1009.5605
1549564593446,1009.5605
1549564593483,1009.56683
1549564593523,1009.56683
1549564593560,1009.56683
1549564593599,1009.56683
1549564593637,1009.56683
1549564593676,1009.5712
1549564593715,1009.5712
1549564593755,1009.5712
1549564593791,1009.5712
1549564593833,1009.5789
1549564593867,1009.5789
1549564593907,1009.5789
1549564593946,1009.5789
1549564593983,1009.5829
1549564594024,1009.5829
1549564594060,1009.5829
1549564594099,1009.5829
1549564594136,1009.58417
1549564594177,1009.58417
1549564594215,1009.58417
1549564594254,1009.58417
1549564594292,1009.5784
1549564594332,1009.5784
1549564594367,1009.5784
1549564594408,1009.5784
1549564594453,1009.57904
1549564594484,1009.57904
1549564594521,1009.57904
1549564594561,1009.57904
1549564594599,1009.58167
1549564594637,1009.58167
1549564594675,1009.58167
1549564594716,1009.58167
1549564594752,1009.584
1549564594790,1009.584
1549564594831,1009.584
1549564594868,1009.584
1549564594907,1009.58734
1549564594948,1009.58734
1549564594984,1009.58734
1549564595021,1009.58734
1549564595060,1009.58624
1549564595099,1009.58624
1549564595139,1009.58624
1549564595176,1009.58624
1549564595214,1009.5855
1549564595252,1009.5855
1549564595292,1009.5855
1549564595332,1009.5855
1549564595379,1009.58344
1549564595406,1009.58344
1549564595445,1009.58344
1549564595483,1009.58344
1549564595522,1009.571
1549564595560,1009.571
1549564595600,1009.571
1549564595638,1009.571
1549564595684,1009.56213
1549564595713,1009.56213
1549564595752,1009.56213
1549564595790,1009.56213
1549564595829,1009.56213
1549564595872,1009.5446
1549564595906,1009.5446
1549564595943,1009.5446
1549564595989,1009.5446
1549564596021,1009.53546
1549564596059,1009.53546
1549564596103,1009.53546
1549564596137,1009.53546
1549564596175,1009.53674
1549564596214,1009.53674
1549564596250,1009.53674
1549564596292,1009.53674
1549564596336,1009.53436
1549564596373,1009.53436
1549564596406,1009.53436
1549564596442,1009.53436
1549564596483,1009.52893
1549564596522,1009.52893
1549564596561,1009.52893
1549564596598,1009.52893
1549564596640,1009.51575
1549564596679,1009.51575
1549564596715,1009.51575
1549564596751,1009.51575
1549564596788,1009.517
1549564596832,1009.517
1549564596872,1009.517
1549564596904,1009.517
1549564596943,1009.52374
1549564596983,1009.52374
1549564597023,1009.52374
1549564597060,1009.52374
1549564597099,1009.5264
1549564597138,1009.5264
1549564597175,1009.5264
1549564597212,1009.5264
1549564597253,1009.5328
1549564597289,1009.5328
1549564597329,1009.5328
1549564597369,1009.5328
1549564597405,1009.53674
1549564597445,1009.53674
1549564597483,1009.53674
1549564597520,1009.53674
1549564597561,1009.5418
1549564597597,1009.5418
1549564597634,1009.5418
1549564597675,1009.5418
1549564597715,1009.54785
1549564597753,1009.54785
1549564597791,1009.54785
1549564597831,1009.54785
1549564597869,1009.5522
1549564597904,1009.5522
1549564597944,1009.5522
1549564597982,1009.5522
1549564598024,1009.5522
1549564598062,1009.5535
1549564598099,1009.5535
1549564598138,1009.5535
1549564598176,1009.5535
1549564598214,1009.55743
1549564598254,1009.55743
1549564598292,1009.55743
1549564598328,1009.55743
1549564598370,1009.5693
1549564598409,1009.5693
1549564598441,1009.5693
1549564598483,1009.5693
1549564598520,1009.57025
1549564598559,1009.57025
1549564598599,1009.57025
1549564598636,1009.57025
1549564598679,1009.5628
1549564598714,1009.5628
1549564598753,1009.5628
1549564598792,1009.5628
1549564598828,1009.5607
1549564598873,1009.5607
1549564598903,1009.5607
1549564598947,1009.5607
1549564598981,1009.555
1549564599020,1009.555
1549564599060,1009.555
1549564599096,1009.555
1549564599137,1009.54785
1549564599172,1009.54785
1549564599213,1009.54785
1549564599253,1009.54785
1549564599290,1009.5346
1549564599328,1009.5346
1549564599370,1009.5346
1549564599403,1009.5346
1549564599445,1009.52075
1549564599482,1009.52075
1549564599519,1009.52075
1549564599562,1009.52075
1549564599598,1009.50995
1549564599638,1009.50995
1549564599675,1009.50995
1549564599712,1009.50995
1549564599751,1009.5066
1549564599790,1009.5066
1549564599830,1009.5066
1549564599867,1009.5066
1549564599904,1009.5028
1549564599944,1009.5028
1549564599981,1009.5028
1549564600020,1009.5028
1549564600061,1009.5038
1549564600097,1009.5038
1549564600137,1009.5038
1549564600174,1009.5038
1549564600219,1009.5038
1549564600251,1009.5038
1549564600293,1009.5038
1549564600330,1009.5038
1549564600372,1009.5038
1549564600406,1009.5068
1549564600443,1009.5068
1549564600483,1009.5068
1549564600521,1009.5068
1549564600561,1009.51117
1549564600599,1009.51117
1549564600636,1009.51117
1549564600677,1009.51117
1549564600713,1009.51715
1549564600751,1009.51715
1549564600789,1009.51715
1549564600827,1009.51715
1549564600866,1009.5185
1549564600903,1009.5185
1549564600945,1009.5185
1549564600982,1009.5185
1549564601020,1009.5195
1549564601060,1009.5195
1549564601098,1009.5195
1549564601141,1009.5195
1549564601175,1009.5241
1549564601213,1009.5241
1549564601253,1009.5241
1549564601289,1009.5241
1549564601328,1009.5285
1549564601373,1009.5285
1549564601408,1009.5285
1549564601448,1009.5285
1549564601484,1009.53186
1549564601519,1009.53186
1549564601559,1009.53186
1549564601597,1009.53186
1549564601635,1009.5379
1549564601675,1009.5379
1549564601713,1009.5379
1549564601750,1009.5379
1549564601789,1009.548
1549564601830,1009.548
1549564601885,1009.548
1549564601905,1009.548
1549564601942,1009.5459
1549564601980,1009.5459
1549564602020,1009.5459
1549564602060,1009.5459
1549564602097,1009.5418
1549564602140,1009.5418
1549564602173,1009.5418
1549564602214,1009.5418
1549564602252,1009.5368
1549564602288,1009.5368
1549564602329,1009.5368
1549564602376,1009.5368
1549564602405,1009.5267
1549564602441,1009.5267
1549564602484,1009.5267
1549564602521,1009.5267
1549564602559,1009.5267
1549564602598,1009.51447
1549564602636,1009.51447
1549564602672,1009.51447
1549564602714,1009.51447
1549564602756,1009.5149
1549564602790,1009.5149
1549564602828,1009.5149
1549564602866,1009.5149
1549564602903,1009.5139
1549564602946,1009.5139
1549564602982,1009.5139
1549564603021,1009.5139
1549564603061,1009.5139
1549564603097,1009.5139
1549564603137,1009.5139
1549564603176,1009.5139
1549564603212,1009.5206
1549564603251,1009.5206
1549564603291,1009.5206
1549564603328,1009.5206
1549564603365,1009.51654
1549564603406,1009.51654
1549564603446,1009.51654
1549564603482,1009.51654
1549564603522,1009.5257
1549564603558,1009.5257
1549564603596,1009.5257
1549564603634,1009.5257
1549564603673,1009.51556
1549564603715,1009.51556
1549564603757,1009.51556
1549564603791,1009.51556
1549564603831,1009.5122
1549564603866,1009.5122
1549564603902,1009.5122
1549564603943,1009.5122
1549564603980,1009.5122
1549564604021,1009.5122
1549564604057,1009.5122
1549564604097,1009.5122
1549564604134,1009.50714
1549564604176,1009.50714
1549564604213,1009.50714
1549564604250,1009.50714
1549564604290,1009.5143
1549564604332,1009.5143
1549564604366,1009.5143
1549564604402,1009.5143
