1549564835191,1008.4771
1549564835192,1008.4771
1549564835230,1008.4771
1549564835270,1008.4771
1549564835308,1008.4691
1549564835348,1008.4691
1549564835385,1008.4691
1549564835422,1008.4691
1549564835462,1008.4623
1549564835499,1008.4623
1549564835538,1008.4623
1549564835580,1008.4623
1549564835616,1008.4688
1549564835655,1008.4688
1549564835694,1008.4688
1549564835730,1008.4688
1549564835769,1008.4727
1549564835812,1008.4727
1549564835846,1008.4727
1549564835885,1008.4727
1549564835925,1008.4885
1549564835962,1008.4885
1549564836003,1008.4885
1549564836038,1008.4885
1549564836078,1008.4937
1549564836117,1008.4937
1549564836155,1008.4937
1549564836192,1008.4937
1549564836232,1008.51056
1549564836270,1008.51056
1549564836309,1008.51056
1549564836347,1008.51056
1549564836384,1008.5236
1549564836424,1008.5236
1549564836461,1008.5236
1549564836502,1008.5236
1549564836538,1008.53595
1549564836577,1008.53595
1549564836615,1008.53595
1549564836654,1008.53595
1549564836692,1008.53937
1549564836732,1008.53937
1549564836769,1008.53937
1549564836818,1008.53937
1549564836848,1008.53937
1549564836885,1008.5523
1549564836925,1008.5523
1549564836962,1008.5523
1549564837025,1008.5523
1549564837053,1008.5614
1549564837098,1008.5614
1549564837114,1008.5614
1549564837154,1008.5614
1549564837194,1008.5682
1549564837231,1008.5682
1549564837271,1008.5682
1549564837308,1008.5682
1549564837345,1008.57996
1549564837385,1008.57996
1549564837425,1008.57996
1549564837461,1008.57996
1549564837499,1008.58936
1549564837540,1008.58936
1549564837578,1008.58936
1549564837614,1008.58936
1549564837653,1008.5991
1549564837693,1008.5991
1549564837730,1008.5991
1549564837786,1008.5991
1549564837807,1008.6058
1549564837847,1008.6058
1549564837888,1008.6058
1549564837922,1008.6058
1549564837962,1008.6182
1549564838002,1008.6182
1549564838042,1008.6182
1549564838081,1008.6182
1549564838117,1008.6428
1549564838153,1008.6428
1549564838199,1008.6428
1549564838231,1008.6428
1549564838270,1008.6603
1549564838309,1008.6603
1549564838345,1008.6603
1549564838387,1008.6603
1549564838423,1008.67706
1549564838460,1008.67706
1549564838499,1008.67706
1549564838538,1008.67706
1549564838577,1008.69385
1549564838614,1008.69385
1549564838655,1008.69385
1549564838695,1008.69385
1549564838736,1008.7073
1549564838771,1008.7073
1549564838807,1008.7073
1549564838844,1008.7073
1549564838884,1008.7073
1549564838921,1008.7277
1549564838961,1008.7277
1549564839000,1008.7277
1549564839052,1008.7277
1549564839082,1008.74286
1549564839124,1008.74286
1549564839152,1008.74286
1549564839190,1008.74286
1549564839233,1008.7647
1549564839269,1008.7647
1549564839308,1008.7647
1549564839345,1008.7647
1549564839385,1008.776
1549564839422,1008.776
1549564839465,1008.776
1549564839501,1008.776
1549564839538,1008.78534
1549564839578,1008.78534
1549564839618,1008.78534
1549564839652,1008.78534
1549564839691,1008.8008
1549564839734,1008.8008
1549564839768,1008.8008
1549564839811,1008.8008
1549564839845,1008.8084
1549564839889,1008.8084
1549564839923,1008.8084
1549564839962,1008.8084
1549564840001,1008.82886
1549564840039,1008.82886
1549564840081,1008.82886
1549564840118,1008.82886
1549564840152,1008.8382
1549564840192,1008.8382
1549564840232,1008.8382
1549564840267,1008.8382
1549564840306,1008.8529
1549564840346,1008.8529
1549564840385,1008.8529
1549564840424,1008.8529
1549564840473,1008.868
1549564840499,1008.868
1549564840537,1008.868
1549564840576,1008.868
1549564840618,1008.8814
1549564840653,1008.8814
1549564840691,1008.8814
1549564840731,1008.8814
1549564840769,1008.89514
1549564840807,1008.89514
1549564840848,1008.89514
1549564840882,1008.89514
1549564840922,1008.9028
1549564840959,1008.9028
1549564840997,1008.9028
1549564841056,1008.9028
1549564841106,1008.9028
1549564841118,1008.9158
1549564841151,1008.9158
1549564841191,1008.9158
1549564841229,1008.9158
1549564841268,1008.9255
1549564841307,1008.9255
1549564841348,1008.9255
1549564841384,1008.9255
1549564841421,1008.94257
1549564841459,1008.94257
1549564841497,1008.94257
1549564841536,1008.94257
1549564841575,1008.9522
1549564841613,1008.9522
1549564841652,1008.9522
1549564841690,1008.9522
1549564841729,1008.9589
1549564841768,1008.9589
1549564841806,1008.9589
1549564841844,1008.9589
1549564841884,1008.9781
1549564841922,1008.9781
1549564841962,1008.9781
1549564842011,1008.9781
1549564842039,1008.9864
1549564842078,1008.9864
1549564842133,1008.9864
1549564842154,1008.9864
1549564842190,1008.98663
1549564842229,1008.98663
1549564842267,1008.98663
1549564842308,1008.98663
1549564842350,1009.0021
1549564842384,1009.0021
1549564842424,1009.0021
1549564842461,1009.0021
1549564842500,1009.0162
1549564842537,1009.0162
1549564842575,1009.0162
1549564842616,1009.0162
1549564842654,1009.0387
1549564842690,1009.0387
1549564842734,1009.0387
1549564842771,1009.0387
1549564842806,1009.0592
1549564842845,1009.0592
1549564842884,1009.0592
1549564842929,1009.0592
1549564842960,1009.0693
1549564842999,1009.0693
1549564843038,1009.0693
1549564843158,1009.0693
1549564843159,1009.09344
1549564843160,1009.09344
1549564843192,1009.09344
1549564843229,1009.09344
1549564843268,1009.09344
1549564843306,1009.1059
1549564843351,1009.1059
1549564843385,1009.1059
1549564843422,1009.1059
1549564843459,1009.123
1549564843498,1009.123
1549564843538,1009.123
1549564843576,1009.123
1549564843619,1009.1371
1549564843652,1009.1371
1549564843695,1009.1371
1549564843737,1009.1371
1549564843768,1009.1478
1549564843805,1009.1478
1549564843844,1009.1478
1549564843882,1009.1478
1549564843924,1009.1626
1549564843972,1009.1626
1549564843999,1009.1626
1549564844038,1009.1626
1549564844076,1009.1788
1549564844114,1009.1788
1549564844153,1009.1788
1549564844195,1009.1788
1549564844230,1009.1929
1549564844267,1009.1929
1549564844307,1009.1929
1549564844345,1009.1929
1549564844385,1009.2056
1549564844421,1009.2056
1549564844460,1009.2056
1549564844502,1009.2056
1549564844537,1009.22046
1549564844580,1009.22046
1549564844613,1009.22046
1549564844652,1009.22046
1549564844697,1009.24164
1549564844730,1009.24164
1549564844769,1009.24164
1549564844810,1009.24164
1549564844846,1009.25745
1549564844883,1009.25745
1549564844923,1009.25745
1549564844959,1009.25745
1549564844999,1009.2736
1549564845037,1009.2736
1549564845074,1009.2736
1549564845114,1009.2736
1549564845151,1009.286
1549564845189,1009.286
1549564845230,1009.286
1549564845267,1009.286
1549564845306,1009.3022
1549564845344,1009.3022
1549564845383,1009.3022
1549564845422,1009.3022
1549564845460,1009.3022
1549564845499,1009.31354
1549564845537,1009.31354
1549564845576,1009.31354
1549564845612,1009.31354
1549564845654,1009.32806
1549564845692,1009.32806
1549564845729,1009.32806
1549564845766,1009.32806
1549564845808,1009.3421
1549564845844,1009.3421
1549564845883,1009.3421
1549564845929,1009.3421
1549564845958,1009.35187
1549564845998,1009.35187
1549564846038,1009.35187
1549564846079,1009.35187
1549564846114,1009.36127
1549564846159,1009.36127
1549564846191,1009.36127
1549564846227,1009.36127
1549564846268,1009.369
1549564846305,1009.369
1549564846344,1009.369
1549564846383,1009.369
1549564846422,1009.3787
1549564846461,1009.3787
1549564846501,1009.3787
1549564846536,1009.3787
1549564846576,1009.39154
1549564846617,1009.39154
1549564846652,1009.39154
1549564846692,1009.39154
1549564846731,1009.408
1549564846767,1009.408
1549564846808,1009.408
1549564846843,1009.408
1549564846883,1009.41504
1549564846920,1009.41504
1549564846959,1009.41504
1549564846999,1009.41504
1549564847037,1009.42914
1549564847075,1009.42914
1549564847112,1009.42914
1549564847151,1009.42914
1549564847190,1009.4422
1549564847231,1009.4422
1549564847267,1009.4422
1549564847307,1009.4422
1549564847345,1009.4509
1549564847383,1009.4509
1549564847421,1009.4509
1549564847461,1009.4509
1549564847499,1009.4566
1549564847537,1009.4566
1549564847581,1009.4566
1549564847615,1009.4566
1549564847652,1009.4566
1549564847691,1009.46295
1549564847730,1009.46295
1549564847768,1009.46295
1549564847804,1009.46295
1549564847846,1009.46356
1549564847883,1009.46356
1549564847921,1009.46356
1549564847959,1009.46356
1549564848001,1009.4706
1549564848038,1009.4706
1549564848074,1009.4706
1549564848115,1009.4706
1549564848154,1009.4769
1549564848224,1009.4769
1549564848233,1009.4769
1549564848267,1009.4769
1549564848305,1009.48425
1549564848346,1009.48425
1549564848382,1009.48425
1549564848423,1009.48425
1549564848460,1009.492
1549564848498,1009.492
1549564848541,1009.492
1549564848582,1009.492
1549564848611,1009.4976
1549564848651,1009.4976
1549564848688,1009.4976
1549564848734,1009.4976
1549564848768,1009.49994
1549564848805,1009.49994
1549564848843,1009.49994
1549564848882,1009.49994
1549564848921,1009.5009
1549564848963,1009.5009
1549564848999,1009.5009
1549564849037,1009.5009
1549564849076,1009.5019
1549564849114,1009.5019
1549564849162,1009.5019
1549564849194,1009.5019
1549564849227,1009.5042
1549564849268,1009.5042
1549564849304,1009.5042
1549564849343,1009.5042
1549564849382,1009.5042
1549564849422,1009.5042
1549564849461,1009.5042
1549564849500,1009.5042
1549564849537,1009.5038
1549564849573,1009.5038
1549564849614,1009.5038
1549564849651,1009.5038
1549564849690,1009.50714
1549564849731,1009.50714
1549564849766,1009.50714
1549564849803,1009.50714
1549564849842,1009.50714
1549564849880,1009.50885
1549564849920,1009.50885
1549564849957,1009.50885
1549564849996,1009.50885
1549564850043,1009.5098
1549564850078,1009.5098
1549564850113,1009.5098
1549564850151,1009.5098
1549564850189,1009.5139
1549564850229,1009.5139
1549564850269,1009.5139
1549564850304,1009.5139
1549564850344,1009.5139
1549564850384,1009.5139
1549564850420,1009.5139
1549564850459,1009.5139
1549564850498,1009.51263
1549564850536,1009.51263
1549564850575,1009.51263
1549564850617,1009.51263
1549564850652,1009.5133
1549564850689,1009.5133
1549564850732,1009.5133
1549564850765,1009.5133
1549564850804,1009.51373
1549564850844,1009.51373
1549564850883,1009.51373
1549564850922,1009.51373
1549564850959,1009.5195
1549564850995,1009.5195
1549564851036,1009.5195
1549564851073,1009.5195
1549564851113,1009.5239
1549564851153,1009.5239
1549564851191,1009.5239
1549564851229,1009.5239
1549564851265,1009.5246
1549564851304,1009.5246
1549564851342,1009.5246
1549564851384,1009.5246
1549564851420,1009.5291
1549564851458,1009.5291
1549564851497,1009.5291
1549564851534,1009.5291
1549564851573,1009.5264
1549564851612,1009.5264
1549564851651,1009.5264
1549564851688,1009.5264
1549564851727,1009.5275
1549564851765,1009.5275
1549564851804,1009.5275
1549564851842,1009.5275
1549564851881,1009.5319
1549564851921,1009.5319
1549564851958,1009.5319
1549564851997,1009.5319
1549564852035,1009.5319
1549564852075,1009.5347
1549564852113,1009.5347
1549564852152,1009.5347
1549564852190,1009.5347
1549564852234,1009.5365
1549564852268,1009.5365
1549564852304,1009.5365
1549564852342,1009.5365
1549564852383,1009.5309
1549564852426,1009.5309
1549564852459,1009.5309
1549564852497,1009.5309
1549564852534,1009.5276
1549564852574,1009.5276
1549564852614,1009.5276
1549564852652,1009.5276
1549564852690,1009.52435
1549564852728,1009.52435
1549564852770,1009.52435
1549564852805,1009.52435
1549564852842,1009.5292
1549564852882,1009.5292
1549564852919,1009.5292
1549564852959,1009.5292
1549564852995,1009.53265
1549564853035,1009.53265
1549564853074,1009.53265
1549564853112,1009.53265
1549564853151,1009.53613
1549564853187,1009.53613
1549564853228,1009.53613
1549564853269,1009.53613
1549564853305,1009.5484
1549564853345,1009.5484
1549564853380,1009.5484
1549564853420,1009.5484
1549564853459,1009.5451
1549564853495,1009.5451
1549564853540,1009.5451
1549564853573,1009.5451
1549564853613,1009.5452
1549564853653,1009.5452
1549564853692,1009.5452
1549564853727,1009.5452
1549564853764,1009.544
1549564853804,1009.544
1549564853847,1009.544
1549564853882,1009.544
1549564853919,1009.5513
1549564853958,1009.5513
1549564854003,1009.5513
1549564854033,1009.5513
1549564854073,1009.55035
1549564854114,1009.55035
1549564854148,1009.55035
