1549567027040,1012.1426
1549567027079,1012.14307
1549567027118,1012.16187
1549567027158,1012.1616
1549567027197,1012.16187
1549567027239,1012.1726
1549567027278,1012.18115
1549567027317,1012.17505
1549567027358,1012.16895
1549567027396,1012.1741
1549567027438,1012.18994
1549567027477,1012.19775
1549567027519,1012.2031
1549567027558,1012.20483
1549567027603,1012.2019
1549567027638,1012.19946
1549567027679,1012.19775
1549567027722,1012.20337
1549567027760,1012.2129
1549567027798,1012.2136
1549567027839,1012.21606
1549567027883,1012.2273
1549567027919,1012.23096
1549567027968,1012.22656
1549567027997,1012.22363
1549567028039,1012.2317
1549567028078,1012.23706
1549567028126,1012.23535
1549567028158,1012.24316
1549567028198,1012.2439
1549567028239,1012.2468
1549567028282,1012.2373
1549567028319,1012.2278
1549567028359,1012.23
1549567028397,1012.2324
1549567028442,1012.2307
1549567028481,1012.2307
1549567028530,1012.2151
1549567028557,1012.2163
1549567028597,1012.2146
1549567028638,1012.2095
1549567028678,1012.2095
1549567028719,1012.20386
1549567028757,1012.2041
1549567028798,1012.20483
1549567028839,1012.1992
1549567028878,1012.1902
1549567028919,1012.18823
1549567028959,1012.1875
1549567029000,1012.18506
1549567029040,1012.1821
1549567029077,1012.17456
1549567029119,1012.1743
1549567029158,1012.1758
1549567029197,1012.1797
1549567029238,1012.1736
1549567029277,1012.166
1549567029319,1012.1653
1549567029358,1012.16455
1549567029396,1012.15796
1549567029438,1012.1631
1549567029477,1012.1587
1549567029519,1012.1533
1549567029559,1012.1599
1549567029597,1012.17114
1549567029637,1012.17676
1549567029678,1012.1824
1549567029719,1012.17993
1549567029758,1012.18335
1549567029799,1012.17554
1549567029839,1012.1775
1549567029880,1012.17554
1549567029921,1012.16724
1549567029958,1012.1675
1549567029999,1012.1682
1549567030037,1012.1736
1549567030079,1012.1726
1549567030118,1012.17334
1549567030158,1012.17285
1549567030202,1012.1821
1549567030238,1012.1821
1549567030286,1012.18774
1549567030319,1012.1821
1549567030359,1012.17847
1549567030398,1012.17847
1549567030438,1012.17017
1549567030479,1012.1726
1549567030519,1012.1726
1549567030558,1012.1692
1549567030599,1012.1643
1549567030638,1012.1653
1549567030677,1012.1594
1549567030720,1012.16235
1549567030772,1012.1631
1549567030800,1012.16626
1549567030839,1012.1638
1549567030876,1012.167
1549567030924,1012.1626
1549567030958,1012.1609
1549567030999,1012.1609
1549567031040,1012.1575
1549567031077,1012.1604
1549567031118,1012.14966
1549567031157,1012.1416
1549567031201,1012.13403
1549567031238,1012.1387
1549567031277,1012.1382
1549567031318,1012.13135
1549567031358,1012.1316
1549567031400,1012.126
1549567031437,1012.1201
1549567031477,1012.1177
1549567031518,1012.11816
1549567031557,1012.1172
1549567031599,1012.1179
1549567031637,1012.1206
1549567031677,1012.1196
1549567031717,1012.1096
1549567031757,1012.1157
1549567031799,1012.11865
1549567031839,1012.12134
1549567031878,1012.1189
1549567031918,1012.11426
1549567031956,1012.11035
1549567031998,1012.1062
1549567032040,1012.1008
1549567032077,1012.1001
1549567032123,1012.0935
1549567032157,1012.09155
1549567032197,1012.08716
1549567032237,1012.09033
1549567032277,1012.08276
1549567032318,1012.08374
1549567032357,1012.0764
1549567032398,1012.07056
1549567032437,1012.0696
1549567032478,1012.0674
1549567032518,1012.0571
1549567032557,1012.052
1549567032600,1012.051
1549567032637,1012.0503
1549567032678,1012.053
1549567032719,1012.0415
1549567032756,1012.03
1549567032799,1012.031
1549567032836,1012.02783
1549567032880,1012.031
1549567032918,1012.03076
1549567032956,1012.02856
1549567032998,1012.0242
1549567033041,1012.0237
1549567033082,1012.01807
1549567033117,1012.0154
1549567033157,1012.011
1549567033197,1012.02026
1549567033236,1012.01733
1549567033278,1012.01733
1549567033318,1012.0188
1549567033358,1012.02026
1549567033398,1012.0178
1549567033437,1012.0166
1549567033478,1012.0176
1549567033518,1012.0178
1549567033559,1012.00806
1549567033599,1012.01
1549567033637,1012.0171
1549567033678,1012.0166
1549567033718,1012.02515
1549567033757,1012.0276
1549567033799,1012.021
1549567033838,1012.02124
1549567033879,1012.0115
1549567033917,1012.0095
1549567033959,1012.0078
1549567034000,1012.0127
1549567034037,1012.0144
1549567034080,1012.0093
1549567034119,1012.0171
1549567034158,1012.0205
1549567034201,1012.0232
1549567034237,1012.0244
1549567034279,1012.03296
1549567034317,1012.03613
1549567034359,1012.04297
1549567034398,1012.0525
1549567034441,1012.0554
1549567034481,1012.04834
1549567034520,1012.06006
1549567034559,1012.06104
1549567034599,1012.06494
1549567034637,1012.07007
1549567034679,1012.07227
1549567034719,1012.07275
1549567034760,1012.0762
1549567034799,1012.08105
1549567034839,1012.0779
1549567034888,1012.0769
1549567034926,1012.0759
1549567034961,1012.0781
1549567034998,1012.0786
1549567035038,1012.08496
1549567035078,1012.09766
1549567035117,1012.0913
1549567035158,1012.08105
1549567035198,1012.0735
1549567035241,1012.0713
1549567035278,1012.07324
1549567035319,1012.0708
1549567035359,1012.06665
1549567035398,1012.06714
1549567035438,1012.0642
1549567035478,1012.0647
1549567035522,1012.0598
1549567035563,1012.0598
1549567035597,1012.05396
1549567035638,1012.05347
1549567035678,1012.05615
1549567035719,1012.051
1549567035760,1012.0559
1549567035808,1012.0427
1549567035839,1012.0386
1549567035899,1012.02856
1549567035920,1012.0344
1549567035960,1012.0227
1549567035998,1012.0237
1549567036039,1012.02686
1549567036080,1012.03
1549567036118,1012.0227
1549567036158,1012.0239
1549567036197,1012.0232
1549567036238,1012.01416
1549567036278,1012.0132
1549567036317,1012.0127
1549567036361,1012.0029
1549567036398,1011.9971
1549567036438,1011.9912
1549567036477,1011.99023
1549567036518,1011.9763
1549567036561,1011.96924
1549567036598,1011.968
1549567036638,1011.96216
1549567036677,1011.9651
1549567036719,1011.9663
1549567036758,1011.9768
1549567036798,1011.98267
1549567036841,1011.9846
1549567036877,1011.9883
1549567036920,1011.9978
1549567036958,1011.99634
1549567036999,1011.9917
1549567037040,1011.99023
1549567037079,1011.98096
1549567037119,1011.9734
1549567037157,1011.97
1549567037197,1011.97
1549567037239,1011.9685
1549567037277,1011.97876
1549567037318,1011.98413
1549567037358,1011.9866
1549567037397,1012.0049
1549567037438,1012.00854
1549567037477,1012.01855
1549567037518,1012.0166
1549567037560,1012.00586
1549567037598,1011.9905
1549567037640,1011.99316
1549567037677,1011.99756
1549567037720,1011.9961
1549567037759,1011.9934
1549567037798,1011.9944
1549567037840,1011.9944
1549567037877,1012.0012
1549567037919,1012.0034
1549567037958,1012.0056
1549567037998,1012.01245
1549567038040,1012.0156
1549567038077,1011.9934
1549567038120,1011.9873
1549567038158,1011.99097
1549567038200,1011.9878
1549567038238,1011.999
1549567038277,1012.00366
1549567038322,1012.01025
1549567038358,1012.0112
1549567038399,1012.0139
1549567038439,1012.0303
1549567038478,1012.0349
1549567038518,1012.03735
1549567038557,1012.0325
1549567038599,1012.0371
1549567038638,1012.0383
1549567038677,1012.04517
1549567038720,1012.0469
1549567038762,1012.062
1549567038801,1012.051
1549567038838,1012.0654
1549567038888,1012.0742
1549567038920,1012.0574
1549567038957,1012.0442
1549567038997,1012.0486
1549567039037,1012.0447
1549567039076,1012.0625
1549567039118,1012.07275
1549567039157,1012.08813
1549567039199,1012.0857
1549567039237,1012.09326
1549567039276,1012.09326
1549567039319,1012.0891
1549567039357,1012.0947
1549567039399,1012.0862
1549567039438,1012.0874
1549567039476,1012.07935
1549567039518,1012.0769
1549567039557,1012.0969
1549567039599,1012.08154
1549567039637,1012.08203
1549567039676,1012.0759
1549567039718,1012.0713
1549567039758,1012.07446
1549567039798,1012.06274
1549567039838,1012.05347
1549567039878,1012.0581
1549567039919,1012.0525
1549567039957,1012.02734
1549567039998,1012.0171
1549567040037,1012.00977
1549567040077,1012.01294
1549567040118,1012.0032
1549567040156,1012.0032
1549567040198,1012.0044
1549567040237,1011.99365
1549567040277,1011.9866
1549567040318,1011.9675
1549567040358,1011.9575
1549567040398,1011.95337
1549567040439,1011.95996
1549567040478,1011.95996
1549567040518,1011.97534
1549567040557,1011.97095
1549567040598,1011.9685
1549567040637,1011.9646
1549567040678,1011.9536
1549567040717,1011.9546
1549567040756,1011.9446
1549567040798,1011.949
1549567040839,1011.9541
1549567040878,1011.95483
1549567040917,1011.95264
1549567040957,1011.96655
1549567040999,1011.98047
1549567041037,1011.97925
1549567041078,1011.9917
1549567041117,1011.9988
1549567041156,1011.9956
1549567041198,1011.99097
1549567041237,1011.9917
1549567041278,1011.99365
1549567041318,1011.9844
1549567041357,1011.9834
1549567041398,1011.9802
1549567041436,1011.97925
1549567041478,1011.9729
1549567041517,1011.9751
1549567041557,1011.97656
1549567041598,1011.97046
1549567041640,1011.9712
1549567041678,1011.9629
1549567041718,1011.9634
1549567041758,1011.9656
1549567041797,1011.97363
1549567041837,1011.9712
1549567041878,1011.9846
1549567041917,1011.98706
1549567041957,1011.9868
1549567041998,1011.98755
1549567042037,1011.99243
1549567042078,1011.98975
1549567042118,1011.98804
1549567042157,1011.99146
1549567042197,1011.99634
1549567042237,1012.0027
1549567042278,1012.0061
1549567042317,1012.00195
1549567042358,1012.0088
1549567042397,1012.0054
1549567042436,1012.0054
1549567042478,1012.0149
1549567042518,1012.0105
1549567042557,1012.0156
1549567042598,1012.0139
1549567042638,1012.02
1549567042681,1012.0227
1549567042718,1012.0205
1549567042759,1012.01807
1549567042797,1012.02246
1549567042838,1012.02563
1549567042878,1012.0237
1549567042917,1012.0271
1549567042959,1012.03613
1549567042998,1012.0239
1549567043039,1012.02026
1549567043090,1012.0239
1549567043117,1012.01733
1549567043159,1012.011
1549567043198,1012.01025
1549567043238,1012.0039
1549567043278,1011.9966
1549567043318,1011.99
1549567043358,1011.97705
1549567043397,1011.9802
1549567043436,1011.97876
1549567043478,1011.9778
1549567043518,1011.9763
1549567043558,1011.9758
1549567043599,1011.9751
1549567043638,1011.9746
1549567043677,1011.968
1549567043717,1011.9607
1549567043758,1011.9497
1549567043800,1011.9436
1549567043839,1011.9448
1549567043885,1011.9414
1549567043918,1011.9297
1549567043959,1011.9192
1549567044001,1011.9248
1549567044038,1011.9187
1549567044079,1011.91406
1549567044117,1011.9138
1549567044156,1011.9116
1549567044198,1011.9055
1549567044239,1011.8928
1549567044279,1011.8845
1549567044319,1011.87524
1549567044360,1011.8701
1549567044398,1011.86206
1549567044438,1011.8545
1549567044478,1011.8518
1549567044518,1011.8467
1549567044559,1011.8357
1549567044602,1011.8301
1549567044638,1011.8169
1549567044677,1011.8086
1549567044717,1011.79834
1549567044759,1011.79834
1549567044798,1011.7844
1549567044839,1011.77026
1549567044878,1011.761
1549567044918,1011.75
1549567044958,1011.7466
1549567044997,1011.7351
1549567045039,1011.73584
1549567045077,1011.728
1549567045117,1011.7185
1549567045158,1011.7058
1549567045197,1011.70825
1549567045240,1011.6953
1549567045278,1011.687
1549567045316,1011.6709
1549567045357,1011.66724
1549567045396,1011.6511
1549567045438,1011.6455
1549567045477,1011.6389
1549567045517,1011.6316
1549567045557,1011.62085
1549567045598,1011.6172
1549567045638,1011.6079
1549567045677,1011.60645
1549567045717,1011.5847
1549567045758,1011.58105
1549567045796,1011.5669
1549567045837,1011.5691
1549567045877,1011.5608
1549567045918,1011.5525
1549567045958,1011.5425
1549567045999,1011.5327
1549567046042,1011.5161
1549567046078,1011.50464
1549567046119,1011.4949
1549567046157,1011.4846
1549567046197,1011.4844
1549567046239,1011.4719
1549567046277,1011.47
1549567046319,1011.4597
1549567046358,1011.4497
1549567046399,1011.44165
1549567046438,1011.42725
1549567046477,1011.4199
1549567046518,1011.41626
1549567046557,1011.4082
1549567046598,1011.39404
1549567046639,1011.3828
1549567046677,1011.3699
1549567046718,1011.3601
1549567046758,1011.3533
1549567046797,1011.355
1549567046839,1011.34717
1549567046878,1011.33765
1549567046918,1011.3279
1549567046958,1011.3247
1549567046999,1011.32495
1549567047039,1011.32495
1549567047078,1011.3093
1549567047119,1011.3052
1549567047159,1011.292
1549567047198,1011.2737
1549567047239,1011.2632
1549567047277,1011.2566
1549567047319,1011.24805
1549567047358,1011.2395
1549567047399,1011.2329
1549567047438,1011.2239
1549567047477,1011.21436
1549567047519,1011.2007
1549567047558,1011.19604
1549567047598,1011.1843
1549567047639,1011.1802
1549567047677,1011.17236
1549567047718,1011.17163
1549567047758,1011.1655
1549567047799,1011.15796
1549567047839,1011.13745
1549567047879,1011.1304
1549567047918,1011.11816
1549567047959,1011.11865
1549567047998,1011.11523
1549567048038,1011.1057
1549567048080,1011.1023
1549567048119,1011.09204
1549567048160,1011.0764
1549567048199,1011.0681
1549567048238,1011.0552
1549567048277,1011.0415
1549567048318,1011.03296
1549567048358,1011.02466
1549567048399,1011.0088
1549567048438,1011.01
1549567048477,1011.00146
1549567048518,1010.9961
1549567048557,1010.9839
1549567048598,1010.978
1549567048640,1010.9697
1549567048677,1010.9612
1549567048718,1010.9568
1549567048757,1010.9492
1549567048798,1010.9485
1549567048838,1010.93604
1549567048877,1010.9131
1549567048919,1010.91235
1549567048957,1010.90576
1549567048999,1010.90137
1549567049038,1010.90015
1549567049079,1010.8855
1549567049119,1010.8806
1549567049157,1010.8657
1549567049197,1010.8618
1549567049237,1010.8479
1549567049278,1010.8364
1549567049318,1010.8274
1549567049357,1010.8274
1549567049398,1010.8237
1549567049438,1010.824
1549567049477,1010.8074
1549567049518,1010.80054
1549567049557,1010.7864
1549567049599,1010.782
1549567049639,1010.77124
1549567049677,1010.76855
1549567049718,1010.75415
1549567049759,1010.7456
1549567049799,1010.7373
1549567049838,1010.72437
1549567049878,1010.72046
1549567049918,1010.709
1549567049960,1010.70605
1549567049998,1010.68677
1549567050041,1010.6853
1549567050077,1010.6738
1549567050117,1010.6636
1549567050156,1010.65674
1549567050198,1010.63916
1549567050237,1010.63257
1549567050277,1010.6223
1549567050319,1010.614
1549567050359,1010.60815
1549567050398,1010.60254
1549567050437,1010.595
1549567050478,1010.5857
1549567050517,1010.584
1549567050556,1010.5713
1549567050599,1010.5657
1549567050637,1010.553
1549567050678,1010.551
1549567050717,1010.54004
1549567050757,1010.5354
1549567050799,1010.52783
1549567050837,1010.5171
1549567050879,1010.5093
1549567050917,1010.4946
1549567050957,1010.4917
1549567050999,1010.4758
1549567051037,1010.46436
1549567051078,1010.4614
1549567051118,1010.45386
1549567051158,1010.45166
1549567051198,1010.43677
1549567051237,1010.43115
1549567051278,1010.43164
1549567051318,1010.4226
1549567051358,1010.407
1549567051399,1010.3916
1549567051440,1010.3904
1549567051478,1010.3887
1549567051518,1010.3777
1549567051557,1010.376
1549567051598,1010.36597
1549567051637,1010.35645
1549567051678,1010.35645
1549567051718,1010.33545
1549567051803,1010.33496
1549567051814,1010.32886
1549567051837,1010.3181
1549567051878,1010.2981
1549567051918,1010.29126
1549567051959,1010.2776
1549567052001,1010.26196
1549567052039,1010.2551
1549567052079,1010.249
1549567052117,1010.2449
1549567052161,1010.22656
1549567052197,1010.219
1549567052237,1010.2051
1549567052278,1010.19434
1549567052318,1010.1836
1549567052358,1010.16943
1549567052404,1010.16724
1549567052438,1010.1621
1549567052479,1010.1614
1549567052518,1010.14795
1549567052558,1010.1394
1549567052598,1010.13794
1549567052638,1010.11865
1549567052678,1010.1118
1549567052717,1010.1067
1549567052758,1010.10474
1549567052799,1010.09106
1549567052837,1010.0835
1549567052878,1010.08057
1549567052919,1010.0691
1549567052959,1010.0554
1549567052998,1010.0464
1549567053038,1010.0386
1549567053078,1010.03125
1549567053117,1010.01514
1549567053158,1009.9949
1549567053198,1009.98584
1549567053238,1009.97266
1549567053279,1009.9651
1549567053318,1009.9729
1549567053358,1009.96387
1549567053397,1009.96045
1549567053438,1009.94995
1549567053478,1009.93506
1549567053516,1009.9219
1549567053559,1009.9138
1549567053191,1009.9104
1549567053231,1009.9009
1549567053274,1009.8933
1549567053310,1009.8887
1549567053352,1009.8804
1549567053391,1009.8728
1549567053431,1009.8655
1549567053472,1009.8562
1549567053511,1009.8535
1549567053552,1009.8513
1549567053591,1009.8513
1549567053631,1009.8428
1549567053671,1009.8313
1549567053711,1009.8237
1549567053752,1009.8154
1549567053791,1009.8003
1549567053833,1009.79956
1549567053873,1009.7886
1549567053911,1009.78516
1549567053952,1009.7737
1549567053992,1009.7556
1549567054033,1009.7471
1549567054073,1009.73804
1549567054112,1009.73096
1549567054152,1009.729
1549567054191,1009.7175
1549567054232,1009.70825
1549567054271,1009.69556
1549567054311,1009.6819
1549567054352,1009.6709
1549567054394,1009.6621
1549567054433,1009.6555
1549567054472,1009.6455
1549567054513,1009.63794
1549567054553,1009.6238
1549567054592,1009.6167
1549567054633,1009.60864
1549567054672,1009.60474
1549567054713,1009.59937
1549567054752,1009.5803
1549567054790,1009.5759
1549567054832,1009.5581
1549567054871,1009.5503
1549567054913,1009.55225
1549567054954,1009.5447
1549567054992,1009.53125
1549567055033,1009.53125
1549567055071,1009.51855
1549567055112,1009.50854
1549567055153,1009.49023
1549567055191,1009.48584
1549567055233,1009.4763
1549567055273,1009.4663
1549567055311,1009.4529
1549567055352,1009.43335
1549567055393,1009.4199
1549567055432,1009.4231
1549567055471,1009.4114
1549567055515,1009.40845
1549567055552,1009.4016
1549567055591,1009.3926
1549567055632,1009.3862
1549567055671,1009.38403
1549567055713,1009.3755
1549567055751,1009.3613
1549567055790,1009.3533
1549567055832,1009.34546
1549567055871,1009.3325
1549567055912,1009.32715
1549567055951,1009.32715
1549567055991,1009.32764
1549567056032,1009.31934
1549567056071,1009.3157
1549567056113,1009.3008
1549567056151,1009.2947
1549567056191,1009.2883
1549567056232,1009.2771
1549567056272,1009.2715
1549567056312,1009.26294
1549567056352,1009.2571
1549567056391,1009.24414
1549567056433,1009.2385
1549567056471,1009.23267
1549567056513,1009.21704
1549567056552,1009.2063
1549567056593,1009.1985
1549567056632,1009.19604
1549567056672,1009.18335
1549567056712,1009.1604
1549567056752,1009.1599
1549567056794,1009.1587
1549567056832,1009.1499
1549567056873,1009.14355
1549567056913,1009.1416
1549567056953,1009.13306
1549567056993,1009.11865
1549567057033,1009.11523
1549567057071,1009.1013
1549567057113,1009.094
1549567057155,1009.0918
1549567057194,1009.08545
1549567057232,1009.07104
1549567057271,1009.06665
1549567057313,1009.0581
1549567057353,1009.05493
1549567057393,1009.0603
1549567057432,1009.05396
1549567057472,1009.04395
1549567057513,1009.03613
1549567057555,1009.0259
1549567057592,1009.01465
1549567057632,1009.01196
1549567057672,1009.00903
1549567057714,1009.0049
1549567057752,1008.9973
1549567057793,1008.9873
1549567057832,1008.97363
1549567057871,1008.9702
1549567057913,1008.9507
1549567057953,1008.9397
1549567057992,1008.92944
1549567058032,1008.9192
1549567058072,1008.91626
1549567058113,1008.90796
1549567058152,1008.9065
1549567058193,1008.8948
1549567058233,1008.8801
1549567058272,1008.8801
1549567058315,1008.8657
1549567058351,1008.86694
1549567058393,1008.8628
1549567058435,1008.8506
1549567058474,1008.83765
1549567058512,1008.8308
1549567058551,1008.823
1549567058593,1008.81885
1549567058633,1008.81177
1549567058674,1008.8142
1549567058714,1008.7976
1549567058752,1008.7915
1549567058792,1008.78
1549567058832,1008.772
1549567058873,1008.75854
1549567058912,1008.74243
1549567058952,1008.7312
1549567058994,1008.73047
1549567059033,1008.7173
1549567059072,1008.7136
1549567059113,1008.6997
1549567059152,1008.69556
1549567059192,1008.6897
1549567059234,1008.6736
1549567059272,1008.66724
1549567059312,1008.6648
1549567059352,1008.65576
1549567059393,1008.6526
1549567059432,1008.6492
1549567059472,1008.63574
1549567059512,1008.62646
1549567059552,1008.6074
1549567059593,1008.6011
1549567059631,1008.5925
1549567059674,1008.5769
1549567059713,1008.5686
1549567059750,1008.55566
1549567059791,1008.54126
1549567059831,1008.5344
1549567059873,1008.52954
1549567059912,1008.5232
1549567059952,1008.5117
1549567059993,1008.49976
1549567060031,1008.48706
1549567060073,1008.4673
1549567060112,1008.458
1549567060150,1008.45386
1549567060191,1008.44946
1549567060231,1008.4348
1549567060272,1008.42676
1549567060311,1008.42334
1549567060352,1008.417
1549567060392,1008.4104
1549567060432,1008.3926
1549567060473,1008.3833
1549567060512,1008.37256
1549567060552,1008.3638
1549567060595,1008.3638
1549567060632,1008.3528
1549567060673,1008.3469
1549567060711,1008.3391
1549567060751,1008.3274
1549567060793,1008.3142
1549567060832,1008.30396
1549567060873,1008.3015
1549567060913,1008.29736
1549567060953,1008.28076
1549567060992,1008.26807
1549567061033,1008.25684
1549567061074,1008.2446
1549567061113,1008.24536
1549567061152,1008.22754
1549567061192,1008.22314
1549567061231,1008.21484
1549567061272,1008.20337
1549567061311,1008.1926
1549567061352,1008.1821
1549567061392,1008.17236
1549567061432,1008.16675
1549567061474,1008.1599
1549567061511,1008.1421
1549567061553,1008.1338
1549567061592,1008.12915
1549567061637,1008.1111
1549567061675,1008.09863
1549567061711,1008.0957
1549567061753,1008.0928
1549567061791,1008.0857
1549567061831,1008.07104
1549567061873,1008.0647
1549567061912,1008.0574
1549567061953,1008.05566
1549567061992,1008.0503
1549567062040,1008.0386
1549567062074,1008.02344
1549567062113,1008.0188
1549567062156,1008.0166
1549567062192,1008.0034
1549567062233,1007.99194
1549567062272,1007.979
1549567062311,1007.9717
1549567062353,1007.97144
1549567062392,1007.9573
1549567062433,1007.949
1549567062472,1007.9287
1549567062511,1007.91895
1549567062553,1007.9121
1549567062593,1007.9055
1549567062634,1007.8965
1549567062672,1007.8882
1549567062717,1007.8801
1549567062753,1007.8804
1549567062791,1007.8701
1549567062832,1007.86694
1549567062872,1007.86694
1549567062913,1007.8618
1549567062953,1007.8523
1549567062992,1007.84424
1549567063032,1007.83594
1549567063072,1007.82495
1549567063112,1007.8174
1549567063154,1007.79956
1549567063192,1007.7864
1549567063234,1007.76685
1549567063272,1007.7605
1549567063313,1007.75195
1549567063353,1007.7407
1549567063392,1007.7317
1549567063432,1007.73047
1549567063472,1007.72046
1549567063511,1007.7141
1549567063553,1007.7041
1549567063592,1007.69507
1549567063634,1007.6863
1549567063672,1007.68555
1549567063711,1007.67163
1549567063760,1007.6609
1549567063791,1007.64844
1549567063833,1007.64355
1549567063873,1007.636
1549567063911,1007.6245
1549567063952,1007.62085
1549567063993,1007.61523
1549567064034,1007.6072
1549567064071,1007.5947
1549567064113,1007.5737
1549567064153,1007.56714
1549567064197,1007.55664
1549567064233,1007.5552
1549567064275,1007.5508
1549567064312,1007.54126
1549567064352,1007.5332
1549567064393,1007.52637
1549567064433,1007.5215
1549567064474,1007.5144
1549567064512,1007.5022
1549567064552,1007.4966
1549567064592,1007.4839
1549567064634,1007.47144
1549567064672,1007.46826
1549567064712,1007.4575
1549567064757,1007.44995
1549567064792,1007.449
1549567064835,1007.4375
1549567064873,1007.4263
1549567064914,1007.4104
1549567064953,1007.4033
1549567064992,1007.3977
1549567065034,1007.3943
1549567065075,1007.38745
1549567065113,1007.3794
1549567065153,1007.37085
1549567065192,1007.37085
1549567065233,1007.364
1549567065272,1007.3579
1549567065312,1007.3528
1549567065351,1007.34766
1549567065391,1007.34644
1549567065433,1007.3352
1549567065472,1007.32056
1549567065513,1007.30835
1549567065552,1007.2937
1549567065591,1007.281
1549567065632,1007.271
1549567065675,1007.2627
1549567065713,1007.2544
1549567065752,1007.23804
1549567065792,1007.2361
1549567065832,1007.2346
1549567065872,1007.2241
1549567065912,1007.21533
1549567065952,1007.20386
1549567065991,1007.1946
1549567066033,1007.1843
1549567066071,1007.18286
1549567066113,1007.1687
1549567066156,1007.15356
1549567066193,1007.1465
1549567066233,1007.13916
1549567066272,1007.13135
1549567066313,1007.11646
1549567066351,1007.104
1549567066393,1007.10156
1549567066432,1007.1006
1549567066471,1007.07886
1549567066514,1007.0608
1549567066552,1007.052
1549567066592,1007.03955
1549567066634,1007.0342
1549567066673,1007.02026
1549567066714,1007.01416
1549567066752,1007.0061
1549567066792,1007.00024
1549567066831,1006.9861
1549567066872,1006.97485
1549567066913,1006.9719
1549567066953,1006.97
1549567066992,1006.96313
1549567067033,1006.9502
1549567067071,1006.9463
1549567067112,1006.92944
1549567067152,1006.9153
1549567067193,1006.9031
1549567067232,1006.8904
1549567067272,1006.8799
1549567067313,1006.8716
1549567067351,1006.8662
1549567067395,1006.85693
1549567067432,1006.85425
1549567067476,1006.83765
1549567067512,1006.83765
1549567067551,1006.83594
1549567067594,1006.82886
1549567067632,1006.8125
1549567067672,1006.80493
1549567067712,1006.8015
1549567067752,1006.7942
1549567067794,1006.7859
1549567067831,1006.78076
1549567067872,1006.7671
1549567067912,1006.7549
1549567067951,1006.7551
1549567067994,1006.7532
1549567068032,1006.7385
1549567068073,1006.7334
1549567068112,1006.7278
1549567068152,1006.72437
1549567068196,1006.71704
1549567068233,1006.7168
1549567068271,1006.7041
1549567068311,1006.6985
1549567068352,1006.68774
1549567068396,1006.678
1549567068432,1006.67065
1549567068473,1006.6592
1549567068512,1006.65356
1549567068553,1006.64404
1549567068593,1006.6306
1549567068633,1006.625
1549567068672,1006.62354
1549567068712,1006.61694
1549567068753,1006.61865
1549567068794,1006.5991
1549567068831,1006.5969
1549567068873,1006.5874
1549567068914,1006.58374
1549567068952,1006.57837
1549567068993,1006.5676
1549567069032,1006.5615
1549567069074,1006.56006
1549567069113,1006.55444
1549567069151,1006.5427
1549567069191,1006.5432
1549567069232,1006.53345
1549567069273,1006.52466
1549567069311,1006.5166
1549567069351,1006.50464
1549567069394,1006.4968
1549567069432,1006.48926
1549567069476,1006.4851
1549567069511,1006.48096
1549567069553,1006.4746
1549567069593,1006.4675
1549567069632,1006.46045
1549567069675,1006.4573
1549567069712,1006.45557
1549567069753,1006.44434
1549567069793,1006.43994
1549567069831,1006.43994
1549567069873,1006.42944
1549567069912,1006.42114
1549567069951,1006.4153
1549567069991,1006.4065
1549567070032,1006.40015
1549567070073,1006.38916
1549567070111,1006.39233
1549567070152,1006.38965
1549567070193,1006.3894
1549567070234,1006.3799
1549567070273,1006.3706
1549567070311,1006.36816
1549567070352,1006.3601
1549567070392,1006.34644
1549567070432,1006.33887
1549567070473,1006.3452
1549567070512,1006.34644
1549567070553,1006.343
1549567070592,1006.33716
1549567070632,1006.32227
1549567070673,1006.3196
1549567070713,1006.3164
1549567070754,1006.3115
1549567070795,1006.31055
1549567070833,1006.3135
1549567070873,1006.3137
1549567070912,1006.3159
1549567070953,1006.3081
1549567070991,1006.30493
1549567071032,1006.3052
1549567071073,1006.303
1549567071113,1006.2969
1549567071153,1006.29736
1549567071193,1006.2905
1549567071232,1006.2837
1549567071272,1006.2825
1549567071311,1006.28076
1549567071351,1006.27344
1549567071391,1006.2737
1549567071432,1006.2759
1549567071472,1006.27734
1549567071511,1006.2825
1549567071552,1006.28394
1549567071592,1006.28174
1549567071632,1006.282
1549567071672,1006.2837
1549567071712,1006.272
1549567071753,1006.2637
1549567071792,1006.2634
1549567071832,1006.2759
1549567071871,1006.2781
1549567071915,1006.2803
1549567071953,1006.2727
1549567071992,1006.2754
1549567072033,1006.2793
1549567072072,1006.2825
1549567072111,1006.2825
1549567072153,1006.27856
1549567072192,1006.2888
1549567072233,1006.2927
1549567072272,1006.29126
1549567072311,1006.28906
1549567072352,1006.29956
1549567072392,1006.29297
1549567072433,1006.2969
1549567072476,1006.2981
1549567072512,1006.3015
1549567072554,1006.2969
1549567072594,1006.30347
1549567072632,1006.29956
1549567072672,1006.2986
1549567072712,1006.29736
1549567072752,1006.2991
1549567072791,1006.30225
1549567072832,1006.30347
1549567072872,1006.29834
1549567072912,1006.2971
1549567072954,1006.3037
1549567072992,1006.30615
1549567073034,1006.3013
1549567073072,1006.2986
1549567073112,1006.29517
1549567073152,1006.28955
1549567073192,1006.29126
1549567073238,1006.2832
1549567073273,1006.28516
1549567073312,1006.28516
1549567073352,1006.2864
1549567073391,1006.2842
1549567073433,1006.26904
1549567073472,1006.26294
1549567073512,1006.25146
1549567073553,1006.24927
1549567073594,1006.25
1549567073632,1006.2439
1549567073671,1006.23047
1549567073712,1006.2158
1549567073751,1006.2112
1549567073792,1006.20654
1549567073833,1006.2046
1549567073872,1006.2041
1549567073913,1006.2063
1549567073952,1006.20044
1549567073992,1006.19604
1549567074033,1006.1997
1549567074078,1006.19336
1549567074113,1006.1858
1549567074155,1006.1853
1549567074193,1006.18335
1549567074234,1006.1802
1549567074273,1006.177
1549567074313,1006.17773
1549567074353,1006.16943
1549567074391,1006.1655
1549567074434,1006.1655
1549567074471,1006.1655
1549567074513,1006.1604
1549567074551,1006.14966
1549567074592,1006.15405
1549567074635,1006.1592
1549567074671,1006.1487
1549567074713,1006.1492
1549567074751,1006.1616
1549567074792,1006.17554
1549567074832,1006.17285
1549567074872,1006.1631
1549567074913,1006.1616
1549567074952,1006.1582
1549567074991,1006.1604
1549567075032,1006.1543
1549567075074,1006.1492
1549567075113,1006.1487
1549567075152,1006.14307
1549567075192,1006.14575
1549567075232,1006.14526
1549567075273,1006.1587
1549567075313,1006.1538
1549567075351,1006.157
1549567075392,1006.1499
1549567075433,1006.14746
1549567075473,1006.1516
1549567075513,1006.1533
1549567075553,1006.14966
1549567075592,1006.1428
1549567075632,1006.14307
1549567075671,1006.1343
1549567075713,1006.14795
1549567075752,1006.14844
1549567075793,1006.146
1549567075833,1006.14307
1549567075871,1006.1384
1549567075913,1006.1382
1549567075952,1006.1394
1549567075994,1006.14307
1549567076033,1006.13184
1549567076070,1006.1267
1549567076113,1006.1289
1549567076152,1006.1277
1549567076192,1006.1155
1549567076235,1006.1218
1549567076271,1006.12573
1549567076313,1006.1387
1549567076352,1006.1404
1549567076395,1006.14136
1549567076433,1006.1416
1549567076473,1006.1465
1549567076522,1006.1509
1549567076551,1006.1511
1549567076593,1006.14795
1549567076632,1006.1372
1549567076671,1006.13745
1549567076712,1006.13745
1549567076753,1006.1301
1549567076793,1006.12695
1549567076831,1006.1382
1549567076872,1006.1355
1549567076912,1006.1406
1549567076952,1006.13745
1549567076993,1006.13574
1549567077032,1006.1377
1549567077072,1006.13086
1549567077112,1006.1196
1549567077152,1006.1194
1549567077194,1006.1206
1549567077232,1006.12427
1549567077272,1006.12036
1549567077314,1006.1221
1549567077351,1006.1135
1549567077393,1006.10815
1549567077432,1006.093
1549567077473,1006.08813
1549567077514,1006.08716
1549567077552,1006.09033
1549567077594,1006.09717
1549567077633,1006.104
1549567077672,1006.10693
1549567077712,1006.1094
1549567077753,1006.1177
1549567077793,1006.1113
1549567077832,1006.11646
1549567077871,1006.1113
1549567077912,1006.11646
1549567077952,1006.11743
1549567077992,1006.11646
1549567078033,1006.1194
1549567078074,1006.12256
1549567078112,1006.1223
1549567078151,1006.12476
1549567078192,1006.12085
1549567078241,1006.1218
1549567078274,1006.12866
1549567078313,1006.1323
1549567078353,1006.13257
1549567078392,1006.13086
1549567078431,1006.136
1549567078473,1006.1365
1549567078513,1006.145
1549567078553,1006.1465
1549567078593,1006.14087
1549567078631,1006.14014
1549567078672,1006.136
1549567078711,1006.1428
1549567078753,1006.1345
1549567078793,1006.13574
1549567078832,1006.1311
1549567078872,1006.13403
1549567078912,1006.13745
1549567078952,1006.14233
1549567079000,1006.13916
1549567079033,1006.1384
1549567079073,1006.1384
1549567079111,1006.1299
1549567079154,1006.1255
1549567079192,1006.1294
1549567079232,1006.1377
1549567079274,1006.13354
1549567079312,1006.12036
1549567079354,1006.11646
1549567079392,1006.11816
1549567079432,1006.1216
1549567079472,1006.1304
1549567079511,1006.1333
1549567079552,1006.13794
1549567079592,1006.1301
1549567079630,1006.12573
1549567079672,1006.1228
1549567079711,1006.1196
1549567079753,1006.1155
1549567079792,1006.1123
1549567079832,1006.11426
1549567079871,1006.1167
1549567079911,1006.1194
1549567079953,1006.11084
1549567079992,1006.12427
1549567080032,1006.13403
1549567080072,1006.1218
1549567080120,1006.1299
1549567080153,1006.124
1549567080194,1006.114
1549567080233,1006.11084
1549567080272,1006.1067
1549567080312,1006.1028
1549567080352,1006.10596
1549567080391,1006.11426
1549567080432,1006.11206
1549567080472,1006.1057
1549567080513,1006.10864
1549567080553,1006.11475
1549567080593,1006.1113
1549567080632,1006.1194
1549567080671,1006.1238
1549567080711,1006.11914
1549567080756,1006.1155
1549567080792,1006.1118
1549567080833,1006.1172
1549567080872,1006.11914
1549567080911,1006.1172
1549567080953,1006.13135
1549567080992,1006.1316
1549567081034,1006.1289
1549567081072,1006.13354
1549567081111,1006.1428
1549567081153,1006.1416
1549567081192,1006.14307
1549567081234,1006.1365
1549567081275,1006.1399
1549567081312,1006.1411
1549567081354,1006.1411
1549567081392,1006.14307
1549567081433,1006.1504
1549567081471,1006.1587
1549567081510,1006.1616
1549567081551,1006.156
1549567081591,1006.1504
1549567081632,1006.1521
1549567081672,1006.1616
1549567081711,1006.1787
1549567081754,1006.18677
1549567081793,1006.1843
1549567081833,1006.1929
1549567081871,1006.19385
1549567081913,1006.1992
1549567081953,1006.2097
1549567081992,1006.2156
1549567082033,1006.2158
1549567082072,1006.21875
1549567082112,1006.22144
1549567082153,1006.2258
1549567082192,1006.2302
1549567082233,1006.2368
1549567082272,1006.24756
1549567082313,1006.25854
1549567082353,1006.2593
1549567082391,1006.271
1549567082433,1006.27686
1549567082472,1006.2827
1549567082512,1006.2837
1549567082552,1006.2666
1549567082598,1006.2671
1549567082631,1006.2632
1549567082671,1006.2649
1549567082711,1006.2683
1549567082751,1006.26733
1549567082791,1006.2654
1549567082833,1006.26733
1549567082873,1006.2739
1549567082914,1006.27246
1549567082951,1006.2717
1549567082992,1006.2661
1549567083033,1006.2637
1549567083072,1006.2722
1549567083113,1006.26685
1549567083152,1006.2671
1549567083195,1006.25757
1549567083234,1006.2522
1549567083272,1006.2495
1549567083314,1006.2471
1549567083352,1006.24243
1549567083392,1006.2434
1549567083434,1006.2427
1549567083474,1006.2449
1549567083513,1006.2495
1549567083554,1006.2412
1549567083593,1006.24536
1549567083633,1006.24536
1549567083672,1006.24316
1549567083713,1006.2363
1549567083752,1006.24536
1549567083793,1006.25073
1549567083832,1006.25366
1549567083873,1006.25146
1549567083913,1006.25854
1549567083953,1006.2544
1549567083992,1006.25757
1549567084033,1006.25635
1549567084072,1006.2551
1549567084113,1006.2471
1549567084153,1006.2473
1549567084193,1006.2427
1549567084233,1006.2417
1549567084273,1006.2422
1549567084313,1006.24585
1549567084352,1006.24243
1549567084392,1006.2378
1549567084432,1006.23706
1549567084471,1006.23413
1549567084511,1006.2322
1549567084550,1006.23364
1549567084590,1006.2317
1549567084632,1006.23584
1549567084670,1006.2302
1549567084711,1006.2261
1549567084752,1006.22754
1549567084791,1006.22534
1549567084832,1006.2234
1549567084872,1006.2312
1549567084911,1006.2317
1549567084951,1006.23315
1549567084993,1006.228
1549567085034,1006.23584
1549567085071,1006.2261
1549567085112,1006.229
1549567085152,1006.23
1549567085192,1006.2268
1549567085232,1006.2278
1549567085272,1006.23193
1549567085314,1006.2363
1549567085351,1006.2405
1549567085391,1006.2405
1549567085431,1006.2363
1549567085471,1006.2378
1549567085513,1006.2356
1549567085552,1006.23755
1549567085592,1006.23193
1549567085632,1006.23
1549567085673,1006.2361
1549567085713,1006.2356
1549567085751,1006.2427
1549567085792,1006.2495
1549567085832,1006.2561
1549567085874,1006.26514
1549567085911,1006.2566
1549567085952,1006.2566
1549567085992,1006.26245
1549567086033,1006.2522
1549567086071,1006.25977
1549567086112,1006.2561
1549567086151,1006.2551
1549567086192,1006.2551
1549567086233,1006.25
1549567086270,1006.2483
1549567086315,1006.24854
1549567086350,1006.2505
1549567086391,1006.25195
1549567086432,1006.2529
1549567086473,1006.2561
1549567086513,1006.2571
1549567086551,1006.249
1549567086594,1006.249
1549567086631,1006.2456
1549567086672,1006.2461
1549567086713,1006.2366
1549567086751,1006.2346
1549567086793,1006.23975
1549567086833,1006.2378
1549567086873,1006.2373
1549567086911,1006.2466
1549567086951,1006.24023
1549567086993,1006.23413
1549567087032,1006.2258
1549567087072,1006.2156
1549567087112,1006.2119
1549567087151,1006.209
1549567087192,1006.2046
1549567087233,1006.1926
1549567087273,1006.1892
1549567087312,1006.17993
1549567087351,1006.1814
1549567087392,1006.17773
1549567087433,1006.1697
1549567087472,1006.1704
1549567087514,1006.16797
1549567087551,1006.1714
1549567087591,1006.15967
1549567087631,1006.1565
1549567087672,1006.1499
1549567087711,1006.13965
1549567087751,1006.1238
1549567087791,1006.11865
1549567087832,1006.1162
1549567087872,1006.1138
1549567087910,1006.10596
1549567087953,1006.1006
1549567087993,1006.1008
1549567088031,1006.08594
1549567088073,1006.07446
1549567088111,1006.06714
1549567088152,1006.06226
1549567088192,1006.0542
1549567088231,1006.0486
1549567088272,1006.0486
1549567088310,1006.0342
1549567088351,1006.0332
1549567088392,1006.0217
1549567088430,1006.01245
1549567088472,1006.00903
1549567088511,1006.00195
1549567088552,1005.9878
1549567088592,1005.9802
1549567088631,1005.9673
1549567088671,1005.9607
1549567088710,1005.9546
1549567088751,1005.93945
1549567088821,1005.9324
1549567088830,1005.927
1549567088873,1005.93335
1549567088911,1005.9187
1549567088952,1005.9143
1549567088991,1005.91064
1549567089030,1005.9009
1549567089071,1005.8994
1549567089110,1005.89307
1549567089151,1005.8887
1549567089192,1005.8806
1549567089232,1005.8779
1549567089271,1005.8701
1549567089311,1005.86523
1549567089352,1005.8645
1549567089391,1005.8613
1549567089431,1005.8596
1549567089473,1005.8572
1549567089510,1005.845
1549567089553,1005.8489
1549567089591,1005.84595
1549567089632,1005.8418
1549567089672,1005.8374
1549567089711,1005.8335
1549567089751,1005.8247
1549567089790,1005.82324
1549567089832,1005.81274
1549567089872,1005.80566
1549567089911,1005.802
1549567089952,1005.7998
1549567089991,1005.79395
1549567090032,1005.792
1549567090071,1005.7864
1549567090111,1005.78613
1549567090153,1005.78516
1549567090195,1005.7832
1549567090232,1005.781
1549567090271,1005.77856
1549567090312,1005.77783
1549567090352,1005.78394
1549567090390,1005.7842
1549567090432,1005.7759
1549567090472,1005.7761
1549567090511,1005.78296
1549567090552,1005.78296
1549567090591,1005.7793
1549567090633,1005.7793
1549567090673,1005.7693
1549567090711,1005.7783
1549567090808,1005.7732
1549567090808,1005.7798
1549567090831,1005.78076
1549567090871,1005.7798
1549567090911,1005.7805
1549567090952,1005.7815
1549567090992,1005.7788
1549567091033,1005.77734
1549567091072,1005.77295
1549567091110,1005.76685
1549567091151,1005.7678
1549567091190,1005.7749
1549567091231,1005.77466
1549567091271,1005.77637
1549567091311,1005.7761
1549567091352,1005.7871
1549567091391,1005.78174
1549567091432,1005.78345
1549567091470,1005.78613
1549567091510,1005.78687
1549567091551,1005.7805
1549567091590,1005.7822
1549567091631,1005.7876
1549567091671,1005.78735
1549567091710,1005.7827
1549567091751,1005.7859
1549567091791,1005.7864
1549567091834,1005.792
1549567091872,1005.78516
1549567091911,1005.7842
1549567091952,1005.77905
1549567091991,1005.77686
1549567092033,1005.7842
1549567092074,1005.7781
1549567092112,1005.7825
1549567092151,1005.7803
1549567092191,1005.77734
1549567092233,1005.7898
1549567092271,1005.7898
1549567092314,1005.78955
1549567092354,1005.78955
1549567092392,1005.7827
1549567092432,1005.7822
1549567092470,1005.7849
1549567092514,1005.7864
1549567092551,1005.7849
1549567092593,1005.77905
1549567092633,1005.781
1549567092671,1005.7727
1549567092713,1005.77905
1549567092751,1005.77905
1549567092791,1005.7788
1549567092831,1005.7805
1549567092873,1005.7805
1549567092912,1005.77905
1549567092952,1005.77686
1549567092992,1005.77466
1549567093034,1005.77905
1549567093072,1005.77515
1549567093113,1005.7715
1549567093153,1005.7678
1549567093192,1005.772
1549567093233,1005.77124
1549567093271,1005.7737
1549567093313,1005.7722
1549567093353,1005.7715
1549567093391,1005.7717
1549567093431,1005.77026
1549567093471,1005.7637
1549567093514,1005.7632
1549567093554,1005.76904
1549567093592,1005.7705
1549567093631,1005.7656
1549567093673,1005.76953
1549567093714,1005.761
1549567093751,1005.7556
1549567093791,1005.76025
1549567093832,1005.74927
1549567093871,1005.7539
1549567093912,1005.7556
1549567093951,1005.7539
1549567093993,1005.7539
1549567094033,1005.7571
1549567094071,1005.7554
1549567094114,1005.75977
1549567094152,1005.7617
1549567094193,1005.76
1549567094255,1005.75586
1549567094270,1005.75146
1549567094312,1005.75073
1549567094352,1005.7532
1549567094392,1005.749
1549567094432,1005.7532
1549567094471,1005.7456
1549567094513,1005.7534
1549567094551,1005.76074
1549567094593,1005.75977
1549567094632,1005.75073
1549567094672,1005.7505
1549567094713,1005.7527
1549567094751,1005.75146
1549567094793,1005.74976
1549567094832,1005.7534
1549567094871,1005.75366
1549567094911,1005.75244
1549567094952,1005.75146
1549567094992,1005.7505
1549567095034,1005.75073
1549567095071,1005.7478
1549567095112,1005.74414
1549567095151,1005.74146
1549567095192,1005.74146
1549567095231,1005.73706
1549567095271,1005.7307
1549567095319,1005.7334
1549567095353,1005.7239
1549567095391,1005.718
1549567095431,1005.71826
1549567095472,1005.7263
1549567095511,1005.7234
1549567095551,1005.7141
1549567095593,1005.71216
1549567095632,1005.7117
1549567095671,1005.71313
1549567095712,1005.7124
1549567095751,1005.71216
1549567095793,1005.71387
1549567095831,1005.7112
1549567095870,1005.70776
1549567095911,1005.7046
1549567095951,1005.7107
1549567095992,1005.7124
1549567096032,1005.70825
1549567096072,1005.70703
1549567096111,1005.70337
1549567096151,1005.7046
1549567096194,1005.709
1549567096230,1005.7141
1549567096272,1005.7075
1549567096312,1005.7146
1549567096351,1005.71484
1549567096392,1005.7178
1549567096431,1005.7163
1549567096473,1005.7134
1549567096511,1005.70605
1549567096551,1005.70386
1549567096599,1005.7036
1549567096631,1005.7029
1549567096673,1005.70605
1549567096712,1005.7085
1549567096751,1005.70264
1549567096793,1005.70166
1549567096831,1005.6997
1549567096872,1005.69775
1549567096911,1005.70386
1549567096950,1005.69653
1549567096991,1005.6892
1549567097031,1005.68896
1549567097072,1005.69336
1549567097111,1005.68774
1549567097151,1005.68896
1549567097192,1005.6797
1549567097231,1005.6765
1549567097273,1005.68726
1549567097311,1005.68994
1549567097351,1005.69385
1549567097392,1005.6863
1549567097431,1005.6792
1549567097473,1005.6731
1549567097512,1005.6731
1549567097552,1005.6819
1549567097592,1005.6875
1549567097631,1005.68994
1549567097673,1005.6892
1549567097712,1005.6824
1549567097753,1005.6858
1549567097793,1005.68774
1549567097832,1005.68774
1549567097873,1005.6863
1549567097911,1005.69336
1549567097952,1005.68774
1549567097991,1005.6929
1549567098032,1005.68506
1549567098072,1005.6885
1549567098111,1005.6863
1549567098151,1005.6892
1549567098191,1005.6853
1549567098230,1005.6919
1549567098271,1005.6987
1549567098311,1005.7058
1549567098351,1005.70874
1549567098392,1005.71313
1549567098431,1005.71533
1549567098471,1005.71533
1549567098511,1005.70996
1549567098552,1005.70264
1549567098592,1005.6997
1549567098631,1005.68896
1549567098672,1005.68286
1549567098713,1005.6919
1549567098752,1005.69165
1549567098792,1005.69165
1549567098831,1005.6992
1549567098871,1005.6904
1549567098911,1005.6902
1549567098951,1005.6987
1549567098992,1005.7007
1549567099032,1005.6958
1549567099072,1005.6902
1549567099111,1005.6853
1549567099153,1005.6931
1549567099193,1005.69336
1549567099231,1005.6836
1549567099271,1005.67847
1549567099311,1005.6853
1549567099352,1005.68115
1549567099391,1005.6721
1549567099431,1005.66895
1549567099471,1005.6697
1549567099511,1005.66724
1549567099551,1005.6699
1549567099592,1005.67773
1549567099637,1005.6824
1549567099673,1005.6924
1549567099711,1005.68286
1549567099751,1005.67944
1549567099791,1005.6841
1549567099831,1005.6841
1549567099871,1005.67944
1549567099911,1005.6765
1549567099952,1005.67065
1549567099991,1005.6741
1549567100031,1005.67065
1549567100071,1005.67676
1549567100110,1005.6775
1549567100151,1005.6709
1549567100191,1005.6721
1549567100231,1005.67554
1549567100271,1005.67944
1549567100310,1005.677
1549567100351,1005.68335
1549567100392,1005.68677
1549567100431,1005.68774
1549567100471,1005.69434
1549567100511,1005.698
1549567100552,1005.68726
1549567100590,1005.68384
1549567100631,1005.68164
1549567100671,1005.688
1549567100711,1005.6907
1549567100753,1005.68823
1549567100792,1005.6843
1549567100831,1005.68164
1549567100870,1005.67554
1549567100910,1005.6709
1549567100952,1005.676
1549567100990,1005.67773
1549567101031,1005.67847
1549567101071,1005.6719
1549567101111,1005.6753
1549567101151,1005.6736
1549567101192,1005.67676
1549567101233,1005.6765
1549567101271,1005.67676
1549567101311,1005.67725
1549567101352,1005.6824
1549567101390,1005.6904
1549567101431,1005.6907
1549567101471,1005.68896
1549567101511,1005.6843
1549567101553,1005.6897
1549567101591,1005.6909
1549567101633,1005.69116
1549567101672,1005.69653
1549567101713,1005.6992
1549567101753,1005.6953
1549567101791,1005.68823
1549567101832,1005.6997
1549567101871,1005.6975
1549567101911,1005.70215
1549567101952,1005.70337
1549567101991,1005.70264
1549567102033,1005.7068
1549567102073,1005.718
1549567102113,1005.71094
1549567102152,1005.7095
1549567102191,1005.7095
1549567102232,1005.71045
1549567102271,1005.7107
1549567102311,1005.72095
1549567102352,1005.72266
1549567102391,1005.72363
1549567102432,1005.7285
1549567102472,1005.72314
1549567102512,1005.7224
1549567102552,1005.7151
1549567102592,1005.71387
1549567102636,1005.709
1549567102671,1005.70605
1549567102712,1005.7095
1549567102751,1005.70703
1549567102792,1005.7063
1549567102832,1005.7019
1549567102872,1005.7114
1549567102912,1005.7068
1549567102951,1005.70996
1549567102991,1005.708
1549567103032,1005.7119
1549567103071,1005.7178
1549567103113,1005.7197
1549567103151,1005.7246
1549567103192,1005.7217
1549567103233,1005.719
1549567103271,1005.719
1549567103311,1005.7175
1549567103350,1005.7117
1549567103390,1005.7129
1549567103431,1005.71265
1549567103471,1005.708
1549567103512,1005.709
1549567103552,1005.7114
1549567103591,1005.7124
1549567103631,1005.7102
1549567103672,1005.7114
1549567103712,1005.71436
1549567103752,1005.7173
1549567103794,1005.71826
1549567103833,1005.72314
1549567103873,1005.7207
1549567103911,1005.7207
1549567103952,1005.7175
1549567103992,1005.7195
1549567104031,1005.7212
1549567104071,1005.72046
1549567104113,1005.719
1549567104150,1005.72485
1549567104192,1005.7158
1549567104232,1005.7185
1549567104271,1005.72144
1549567104312,1005.7239
1549567104351,1005.7229
1549567104391,1005.71875
1549567104431,1005.7146
1549567104471,1005.72046
1549567104512,1005.72046
1549567104552,1005.72534
1549567104593,1005.73413
1549567104631,1005.72876
1549567104671,1005.7258
1549567104712,1005.7285
1549567104751,1005.72266
1549567104792,1005.7185
1549567104833,1005.71826
1549567104870,1005.72046
1549567104911,1005.72656
1549567104951,1005.7273
1549567104991,1005.72705
1549567105031,1005.7268
1549567105071,1005.73047
1549567105111,1005.73
1549567105151,1005.7234
1549567105192,1005.7197
1549567105233,1005.72437
1549567105270,1005.72534
1549567105311,1005.7241
1549567105351,1005.72363
1549567105391,1005.7202
1549567105431,1005.7173
1549567105471,1005.7168
1549567105511,1005.7251
1549567105551,1005.7295
1549567105592,1005.72485
1549567105632,1005.72314
1549567105671,1005.7251
1549567105715,1005.72217
1549567105751,1005.72485
1549567105791,1005.72534
1549567105831,1005.72217
1549567105870,1005.72217
1549567105911,1005.7134
1549567105951,1005.709
1549567105993,1005.7117
1549567106031,1005.7207
1549567106070,1005.7107
1549567106113,1005.7134
1549567106155,1005.7185
1549567106191,1005.72266
1549567106233,1005.72534
1549567106271,1005.7234
1549567106311,1005.7185
1549567106350,1005.7195
1549567106392,1005.72925
1549567106432,1005.718
1549567106472,1005.7112
1549567106512,1005.7141
1549567106551,1005.7168
1549567106592,1005.7114
1549567106632,1005.7129
1549567106672,1005.7107
1549567106712,1005.7073
1549567106751,1005.71484
1549567106792,1005.70386
1549567106831,1005.6902
1549567106871,1005.6902
1549567106911,1005.6853
1549567106951,1005.687
1549567106993,1005.68726
1549567107031,1005.6824
1549567107071,1005.67114
1549567107111,1005.6704
1549567107150,1005.6587
1549567107193,1005.6599
1549567107233,1005.65063
1549567107271,1005.64844
1549567107310,1005.6428
1549567107351,1005.6411
1549567107392,1005.6304
1549567107431,1005.6233
1549567107472,1005.6106
1549567107512,1005.604
1549567107551,1005.5962
1549567107592,1005.5886
1549567107632,1005.5923
1549567107672,1005.58984
1549567107712,1005.58276
1549567107751,1005.5762
1549567107792,1005.5625
1549567107830,1005.5603
1549567107872,1005.55786
1549567107912,1005.5525
1549567107951,1005.54175
1549567107992,1005.5359
1549567108032,1005.53394
1549567108072,1005.53076
1549567108112,1005.521
1549567108152,1005.50464
1549567108193,1005.50146
1549567108231,1005.501
1549567108272,1005.49854
1549567108312,1005.4939
1549567108353,1005.4822
1549567108391,1005.4807
1549567108431,1005.468
1549567108472,1005.44995
1549567108511,1005.4429
1549567108551,1005.4319
1549567108592,1005.4263
1549567108631,1005.4158
1549567108672,1005.41113
1549567108712,1005.397
1549567108751,1005.38745
1549567108791,1005.3838
1549567108831,1005.36646
1549567108871,1005.34717
1549567108910,1005.34033
1549567108952,1005.3352
1549567108992,1005.3257
1549567109032,1005.3125
1549567109072,1005.29956
1549567109111,1005.28955
1549567109152,1005.2742
1549567109193,1005.2742
1549567109231,1005.2688
1549567109272,1005.2571
1549567109310,1005.2527
1549567109353,1005.2444
1549567109392,1005.2346
1549567109431,1005.2229
1549567109472,1005.2102
1549567109523,1005.21484
1549567109552,1005.20483
1549567109594,1005.1946
1549567109631,1005.1892
1549567109672,1005.1804
1549567109712,1005.1677
1549567109752,1005.1599
1549567109792,1005.1638
1549567109831,1005.15234
1549567109871,1005.14526
1549567109910,1005.13745
1549567109952,1005.1294
1549567109991,1005.12305
1549567110031,1005.10864
1549567110071,1005.0928
1549567110110,1005.0769
1549567110152,1005.08325
1549567110191,1005.0718
1549567110231,1005.062
1549567110271,1005.053
1549567110310,1005.0427
1549567110352,1005.0322
1549567110391,1005.022
1549567110431,1005.01514
1549567110471,1005.0029
1549567110510,1005.0032
1549567110551,1004.9939
1549567110591,1004.9824
1549567110631,1004.9802
1549567110671,1004.97485
1549567110710,1004.9624
1549567110752,1004.949
1549567110790,1004.9331
1549567110831,1004.9258
1549567110871,1004.9219
1549567110910,1004.9116
1549567110951,1004.905
1549567110990,1004.8982
1549567111032,1004.8877
1549567111071,1004.8767
1549567111148,1004.8745
1549567111161,1004.86523
1549567111191,1004.8579
1549567111233,1004.8491
1549567111273,1004.83887
1549567111311,1004.83374
1549567111354,1004.81445
1549567111392,1004.81006
1549567111432,1004.8059
1549567111471,1004.8103
1549567111511,1004.80225
1549567111552,1004.80225
1549567111592,1004.7971
1549567111633,1004.7932
1549567111671,1004.78345
1549567111712,1004.78516
1549567111752,1004.7771
1549567111791,1004.76465
1549567111832,1004.7573
1549567111870,1004.7468
1549567111911,1004.7471
1549567111950,1004.7373
1549567111990,1004.7368
1549567112032,1004.728
1549567112071,1004.72437
1549567112117,1004.7239
1549567112152,1004.7178
1549567112191,1004.709
1549567112233,1004.7058
1549567112272,1004.6948
1549567112311,1004.687
1549567112352,1004.6826
1549567112391,1004.6814
1549567112432,1004.6697
1549567112471,1004.66187
1549567112511,1004.656
1549567112554,1004.66187
1549567112592,1004.65625
1549567112633,1004.65186
1549567112680,1004.6421
1549567112720,1004.6387
1549567112752,1004.63403
1549567112791,1004.6284
1549567112832,1004.6282
1549567112871,1004.62354
1549567112913,1004.62134
1549567112952,1004.6189
1549567112991,1004.60864
1549567113032,1004.60474
1549567113070,1004.60693
1549567113112,1004.59766
1549567113151,1004.6006
1549567113191,1004.60156
1549567113233,1004.6052
1549567113272,1004.60254
1549567113313,1004.5913
1549567113351,1004.58325
1549567113392,1004.5762
1549567113431,1004.5752
1549567113471,1004.5796
1549567113511,1004.5764
1549567113555,1004.5737
1549567113592,1004.57666
1549567113633,1004.57056
1549567113675,1004.5725
1549567113719,1004.572
1549567113754,1004.57275
1549567113792,1004.56104
1549567113832,1004.562
1549567113872,1004.562
1549567113912,1004.56006
1549567113951,1004.5574
1549567113991,1004.55566
1549567114033,1004.56396
1549567114075,1004.563
1549567114114,1004.56006
1549567114152,1004.5574
1549567114193,1004.562
1549567114234,1004.5581
1549567114271,1004.5596
1549567114313,1004.5625
1549567114350,1004.563
1549567114391,1004.55884
1549567114432,1004.56616
1549567114471,1004.5698
1549567114513,1004.5686
1549567114552,1004.5659
1549567114593,1004.5591
1549567114634,1004.5598
1549567114671,1004.55884
1549567114711,1004.5608
1549567114753,1004.5679
1549567114794,1004.5752
1549567114833,1004.57935
1549567114874,1004.57324
1549567114912,1004.5703
1549567114951,1004.56885
1549567114992,1004.5735
1549567115031,1004.5698
1549567115070,1004.574
1549567115111,1004.5659
1549567115151,1004.5681
1549567115193,1004.56226
1549567115231,1004.55786
1549567115270,1004.55884
1549567115312,1004.56616
1549567115352,1004.5679
1549567115392,1004.5696
1549567115431,1004.5708
1549567115471,1004.5664
1549567115511,1004.5652
1549567115551,1004.5698
1549567115592,1004.5747
1549567115632,1004.5818
1549567115671,1004.5779
1549567115714,1004.5769
1549567115752,1004.5823
1549567115792,1004.5874
1549567115831,1004.5886
1549567115871,1004.5847
1549567115912,1004.5823
1549567115961,1004.5928
1549567115991,1004.59717
1549567116031,1004.5957
1549567116070,1004.59937
1549567116112,1004.604
1549567116151,1004.6089
1549567116191,1004.6089
1549567116232,1004.6157
1549567116271,1004.604
1549567116312,1004.6057
1549567116351,1004.60693
1549567116392,1004.6101
1549567116431,1004.6206
1549567116471,1004.6299
1549567116513,1004.63184
1549567116551,1004.6323
1549567116591,1004.6387
1549567116632,1004.64453
1549567116671,1004.64307
1549567116711,1004.6477
1549567116751,1004.65405
1549567116795,1004.6582
1549567116831,1004.6616
1549567116873,1004.66113
1549567116912,1004.67065
1549567116950,1004.6699
1549567116992,1004.67065
1549567117031,1004.67676
1549567117071,1004.6743
1549567117112,1004.6797
1549567117150,1004.67847
1549567117191,1004.68286
1549567117234,1004.68677
1549567117271,1004.68994
1549567117311,1004.6941
1549567117350,1004.69556
1549567117391,1004.6907
1549567117431,1004.6926
1549567117471,1004.69946
1549567117512,1004.699
1549567117551,1004.69995
1549567117593,1004.698
1549567117631,1004.69507
1549567117671,1004.69385
1549567117712,1004.7024
1549567117751,1004.7117
1549567117791,1004.7175
1549567117831,1004.71606
1549567117872,1004.7229
1549567117911,1004.71875
1549567117951,1004.71875
1549567117992,1004.71387
1549567118031,1004.7175
1549567118071,1004.71655
1549567118112,1004.7229
1549567118151,1004.71313
1549567118191,1004.71265
1549567118231,1004.7063
1549567118272,1004.7136
1549567118311,1004.718
1549567118351,1004.7151
1549567118392,1004.7163
1549567118431,1004.70654
1549567118472,1004.70605
1549567118511,1004.70654
1549567118552,1004.70654
1549567118592,1004.7092
1549567118631,1004.71313
1549567118672,1004.7114
1549567118711,1004.7095
1549567118751,1004.7124
1549567118792,1004.71045
1549567118831,1004.7073
1549567118871,1004.70776
1549567118911,1004.6958
1549567118951,1004.70166
1549567118991,1004.70825
1549567119032,1004.6992
1549567119072,1004.6975
1549567119111,1004.6948
1549567119151,1004.6914
1549567119192,1004.6924
1549567119231,1004.687
1549567119271,1004.6897
1549567119311,1004.68335
1549567119351,1004.6758
1549567119392,1004.67993
1549567119431,1004.6809
1549567119472,1004.68823
1549567119511,1004.68896
1549567119552,1004.6904
1549567119592,1004.69556
1549567119633,1004.68994
1549567119673,1004.6907
1549567119711,1004.69165
1549567119751,1004.68774
1549567119792,1004.6809
1549567119831,1004.676
1549567119872,1004.67847
1549567119912,1004.66895
1549567119951,1004.6741
1549567119991,1004.6809
1549567120031,1004.6848
1549567120072,1004.6797
1549567120112,1004.6831
1549567120152,1004.6765
1549567120191,1004.6721
1549567120231,1004.67017
1549567120273,1004.6719
1549567120317,1004.67505
1549567120352,1004.6677
1549567120391,1004.6636
1549567120430,1004.6633
1549567120472,1004.67114
1549567120511,1004.67725
1549567120551,1004.67017
1549567120590,1004.67065
1549567120631,1004.6758
1549567120672,1004.6797
1549567120711,1004.67993
1549567120752,1004.6875
1549567120791,1004.68164
1549567120831,1004.67773
1549567120872,1004.6741
1549567120911,1004.6741
1549567120951,1004.67676
1549567120991,1004.6802
1549567121030,1004.6831
1549567121072,1004.6843
1549567121111,1004.6821
1549567121151,1004.6819
1549567121191,1004.68677
1549567121231,1004.6909
1549567121271,1004.68604
1549567121311,1004.6892
1549567121353,1004.6897
1549567121391,1004.6809
1549567121431,1004.68164
1549567121471,1004.6843
1549567121511,1004.6809
1549567121551,1004.6731
1549567121591,1004.6775
1549567121631,1004.67896
1549567121671,1004.6821
1549567121720,1004.6824
1549567121750,1004.6948
1549567121793,1004.69336
1549567121830,1004.6914
1549567121870,1004.69165
1549567121911,1004.69165
1549567121951,1004.6885
1549567121991,1004.69556
1549567122031,1004.6985
1549567122071,1004.6914
1549567122111,1004.6841
1549567122151,1004.6885
1549567122190,1004.6909
1549567122232,1004.6875
1549567122271,1004.67725
1549567122311,1004.68555
1549567122351,1004.6775
1549567122391,1004.67944
1549567122431,1004.6841
1549567122471,1004.6902
1549567122510,1004.6836
1549567122553,1004.68604
1549567122591,1004.69385
1549567122632,1004.6936
1549567122671,1004.699
1549567122711,1004.6907
1549567122751,1004.6843
1549567122791,1004.69727
1549567122833,1004.7012
1549567122873,1004.699
1549567122911,1004.69995
1549567122951,1004.7029
1549567122990,1004.6941
1549567123032,1004.69775
1549567123072,1004.70044
1549567123110,1004.6997
1549567123151,1004.69824
1549567123190,1004.6904
1549567123232,1004.6904
1549567123273,1004.68726
1549567123311,1004.68823
1549567123351,1004.6821
1549567123392,1004.68115
1549567123431,1004.6826
1549567123470,1004.68384
1549567123511,1004.68677
1549567123552,1004.68384
1549567123590,1004.67847
1549567123631,1004.6787
1549567123671,1004.68335
1549567123710,1004.6853
1549567123751,1004.6907
1549567123791,1004.6887
1549567123831,1004.6897
1549567123870,1004.6892
1549567123912,1004.6936
1549567123951,1004.6865
1549567123991,1004.68823
1549567124032,1004.68384
1549567124070,1004.68677
1549567124111,1004.6941
1549567124151,1004.6941
1549567124191,1004.70264
1549567124233,1004.7063
1549567124271,1004.7012
1549567124311,1004.70435
1549567124351,1004.6941
1549567124391,1004.69116
1549567124431,1004.688
1549567124470,1004.6885
1549567124511,1004.68286
1549567124551,1004.6858
1549567124591,1004.68555
1549567124632,1004.697
1549567124671,1004.70825
1549567124713,1004.7112
1549567124751,1004.71045
1549567124792,1004.70386
1549567124832,1004.7073
1549567124871,1004.7012
1549567124912,1004.6953
1549567124951,1004.6941
1549567124991,1004.69434
1549567125031,1004.70166
1549567125070,1004.69946
1549567125112,1004.7019
1549567125151,1004.6987
1549567125191,1004.6929
1549567125231,1004.69727
1549567125271,1004.7012
1549567125312,1004.70605
1549567125351,1004.7085
1549567125391,1004.7036
1549567125433,1004.70386
1549567125473,1004.70337
1549567125511,1004.70435
1549567125550,1004.6941
1549567125590,1004.6941
1549567125631,1004.6992
1549567125671,1004.7007
1549567125712,1004.70557
1549567125751,1004.7097
1549567125791,1004.70386
1549567125832,1004.7024
1549567125870,1004.7002
1549567125911,1004.698
1549567125950,1004.6953
1549567125991,1004.69727
1549567126031,1004.69775
1549567126071,1004.6907
1549567126112,1004.6926
1549567126150,1004.6853
1549567126191,1004.68335
1549567126234,1004.67725
1549567126271,1004.6677
1549567126312,1004.66675
1549567126351,1004.6675
1549567126391,1004.67017
1549567126432,1004.6738
1549567126470,1004.6714
1549567126512,1004.6743
1549567126551,1004.6709
1549567126591,1004.677
1549567126631,1004.6802
1549567126671,1004.67993
1549567126712,1004.6824
1549567126751,1004.678
1549567126792,1004.6741
1549567126831,1004.6704
1549567126870,1004.6631
1549567126912,1004.6675
1549567126951,1004.6743
1549567126991,1004.6714
1549567127036,1004.666
1549567127071,1004.6616
1549567127111,1004.66016
1549567127151,1004.6616
1549567127194,1004.66064
1549567127232,1004.6633
1549567127270,1004.6697
1549567127311,1004.67725
1549567127351,1004.6865
1549567127392,1004.6892
1549567127433,1004.6843
1549567127470,1004.68604
1549567127513,1004.6743
1549567127551,1004.67065
1549567127591,1004.6709
1549567127631,1004.66675
1549567127670,1004.6682
1549567127712,1004.6758
1549567127751,1004.67896
1549567127792,1004.6831
1549567127831,1004.67676
1549567127870,1004.6704
1549567127914,1004.6704
1549567127951,1004.67285
1549567127992,1004.6692
1549567128031,1004.66284
1549567128071,1004.65845
1549567128112,1004.6543
1549567128150,1004.64746
1549567128193,1004.6338
1549567128232,1004.6399
1549567128271,1004.6367
1549567128312,1004.63354
1549567128351,1004.63135
1549567128392,1004.63135
1549567128438,1004.6333
1549567128471,1004.62744
1549567128512,1004.6238
1549567128551,1004.62305
1549567128592,1004.6167
1549567128631,1004.6074
1549567128671,1004.60645
1549567128712,1004.6067
1549567128751,1004.59985
1549567128791,1004.593
1549567128834,1004.58887
1549567128871,1004.58594
1549567128912,1004.5779
1549567128950,1004.57544
1549567128991,1004.5625
1549567129031,1004.55005
1549567129071,1004.54663
1549567129114,1004.5327
1549567129151,1004.5259
1549567129192,1004.5134
1549567129232,1004.5051
1549567129272,1004.49194
1549567129310,1004.479
1549567129351,1004.4761
1549567129391,1004.4734
1549567129432,1004.46436
1549567129471,1004.4668
1549567129511,1004.45483
1549567129550,1004.4546
1549567129591,1004.4407
1549567129631,1004.43506
1549567129671,1004.42554
1549567129711,1004.4177
1549567129751,1004.4153
1549567129791,1004.41504
1549567129832,1004.4099
1549567129872,1004.39624
1549567129911,1004.38354
1549567129951,1004.3718
1549567129992,1004.364
1549567130031,1004.35474
1549567130071,1004.344
1549567130113,1004.3364
1549567130152,1004.3264
1549567130191,1004.3186
1549567130231,1004.3186
1549567130271,1004.3157
1549567130313,1004.3074
1549567130351,1004.29834
1549567130391,1004.2844
1549567130431,1004.2781
1549567130471,1004.2788
1549567130511,1004.2612
1549567130552,1004.2505
1549567130591,1004.24976
1549567130631,1004.2466
1549567130671,1004.23975
1549567130710,1004.2258
1549567130751,1004.2278
1549567130792,1004.2185
1549567130831,1004.2112
1549567130872,1004.20215
1549567130914,1004.2095
1549567130951,1004.2058
1549567130990,1004.2063
1549567131031,1004.19604
1549567131072,1004.18555
1549567131112,1004.18604
1549567131154,1004.18066
1549567131191,1004.17114
1549567131231,1004.1741
1549567131272,1004.1658
1549567131312,1004.1609
1549567131351,1004.1526
1549567131391,1004.147
1549567131431,1004.1526
1549567131471,1004.1487
1549567131511,1004.15674
1549567131551,1004.15796
1549567131590,1004.15186
1549567131632,1004.14404
1549567131672,1004.14233
1549567131710,1004.1343
1549567131752,1004.135
1549567131791,1004.13306
1549567131836,1004.12256
1549567131871,1004.12134
1549567131914,1004.12524
1549567131952,1004.12085
1549567131991,1004.11816
1549567132032,1004.1267
1549567132071,1004.13257
1549567132110,1004.1377
1549567132151,1004.13403
1549567132191,1004.1304
1549567132231,1004.1255
1549567132271,1004.1333
1549567132310,1004.13306
1549567132351,1004.13184
1549567132391,1004.14307
1549567132431,1004.14233
1549567132471,1004.14624
1549567132512,1004.14355
1549567132551,1004.14575
1549567132590,1004.14575
1549567132631,1004.1467
1549567132671,1004.14526
1549567132710,1004.15356
1549567132751,1004.1487
1549567132790,1004.1638
1549567132834,1004.1548
1549567132872,1004.1614
1549567132911,1004.15625
1549567132952,1004.14624
1549567132992,1004.147
1549567133033,1004.1411
1549567133071,1004.13916
1549567133110,1004.1416
1549567133151,1004.13745
1549567133191,1004.1404
1549567133231,1004.1455
1549567133271,1004.1504
1549567133310,1004.14087
1549567133353,1004.145
1549567133391,1004.1531
1549567133433,1004.1472
1549567133472,1004.13477
1549567133511,1004.1177
1549567133552,1004.1155
1549567133592,1004.126
1549567133632,1004.1323
1549567133671,1004.1438
1549567133712,1004.1609
1549567133751,1004.15674
1549567133790,1004.1587
1549567133831,1004.1753
1549567133871,1004.17017
1549567133911,1004.17017
1549567133951,1004.18066
1549567133991,1004.1824
1549567134033,1004.17676
1549567134072,1004.17334
1549567134111,1004.17725
1549567134152,1004.20386
1549567134191,1004.22485
1549567134232,1004.2478
1549567134271,1004.27246
1549567134311,1004.29834
1549567134352,1004.3152
1549567134391,1004.3125
1549567134431,1004.2825
1549567134472,1004.25635
1549567134513,1004.2356
1549567134554,1004.20996
1549567134591,1004.1682
1549567134631,1004.1455
1549567134671,1004.114
1549567134711,1004.0217
1549567134751,1004.0237
1549567134791,1004.04565
1549567134833,1004.0774
1549567134871,1004.13525
1549567134911,1004.13525
1549567134952,1004.1792
1549567134991,1004.2007
1549567135031,1004.2046
1549567135071,1004.1726
1549567135113,1004.13525
1549567135152,1004.12915
1549567135191,1004.1323
1549567135231,1004.1338
1549567135272,1004.12354
1549567135311,1004.1394
1549567135351,1004.12695
1549567135390,1004.1394
1549567135432,1004.1426
1549567135470,1004.1504
1549567135510,1004.1382
1549567135551,1004.135
1549567135590,1004.1377
1549567135632,1004.1399
1549567135673,1004.1399
1549567135711,1004.1406
1549567135751,1004.13477
1549567135791,1004.13135
1549567135835,1004.1282
1549567135871,1004.1262
1549567135912,1004.12476
1549567135952,1004.1133
1549567135991,1004.1011
1549567136031,1004.10596
1549567136071,1004.11597
1549567136111,1004.11694
1549567136152,1004.11914
1549567136191,1004.10986
1549567136232,1004.1089
1549567136271,1004.11523
1549567136311,1004.1135
1549567136353,1004.11304
1549567136390,1004.10815
1549567136432,1004.1079
1549567136471,1004.10913
1549567136510,1004.1106
1549567136550,1004.1106
1549567136591,1004.1128
1549567136632,1004.10547
1549567136670,1004.1008
1549567136711,1004.09546
1549567136751,1004.0935
1549567136790,1004.0967
1549567136832,1004.0874
1549567136870,1004.0884
1549567136911,1004.0864
1549567136952,1004.08203
1549567136991,1004.0869
1549567137031,1004.0864
1549567137071,1004.0884
1549567137111,1004.08276
1549567137151,1004.08594
1549567137192,1004.095
1549567137232,1004.1006
1549567137270,1004.1006
1549567137311,1004.09814
1549567137352,1004.0967
1549567137391,1004.1072
1549567137432,1004.09375
1549567137470,1004.0823
1549567137511,1004.09155
1549567137551,1004.09375
1549567137591,1004.1079
1549567137631,1004.11255
1549567137671,1004.1101
1549567137711,1004.1223
1549567137752,1004.12476
1549567137791,1004.126
1549567137831,1004.12085
1549567137872,1004.1194
1549567137913,1004.12256
1549567137952,1004.1211
1549567137991,1004.114
1549567138031,1004.1074
1549567138071,1004.1123
1549567138111,1004.1128
1549567138151,1004.1179
1549567138192,1004.1101
1549567138231,1004.11646
1549567138271,1004.11084
1549567138312,1004.1045
1549567138353,1004.1133
1549567138391,1004.1155
1549567138430,1004.1138
1549567138470,1004.11426
1549567138511,1004.1145
1549567138552,1004.1067
1549567138591,1004.11304
1549567138630,1004.11084
1549567138670,1004.11084
1549567138711,1004.1074
1549567138753,1004.11084
1549567138793,1004.1145
1549567138830,1004.10767
1549567138872,1004.11597
1549567138911,1004.1196
1549567138950,1004.10474
1549567138992,1004.10693
1549567139031,1004.1089
1549567139071,1004.10645
1549567139111,1004.10913
1549567139151,1004.10547
1549567139192,1004.10645
1549567139230,1004.1079
1549567139271,1004.1006
1549567139311,1004.10205
1549567139353,1004.1023
1549567139391,1004.1018
1549567139431,1004.10767
1549567139471,1004.10034
1549567139512,1004.1008
1549567139553,1004.10205
1549567139592,1004.10205
1549567139632,1004.1033
1549567139671,1004.10254
1549567139711,1004.1033
1549567139751,1004.1001
1549567139794,1004.095
1549567139830,1004.0928
1549567139873,1004.0996
