1549567147877,1004.1011
1549567147938,1004.09424
1549567147946,1004.1084
1549567147988,1004.104
1549567148028,1004.0991
1549567148067,1004.0928
1549567148109,1004.0869
1549567148146,1004.0842
1549567148190,1004.08716
1549567148230,1004.0825
1549567148266,1004.07935
1549567148312,1004.0823
1549567148347,1004.07495
1549567148386,1004.0825
1549567148427,1004.07935
1549567148468,1004.0781
1549567148509,1004.07446
1549567148547,1004.072
1549567148589,1004.07837
1549567148629,1004.0791
1549567148668,1004.0762
1549567148707,1004.0742
1549567148750,1004.07886
1549567148790,1004.07666
1549567148829,1004.08765
1549567148869,1004.09814
1549567148908,1004.09595
1549567148947,1004.09814
1549567148988,1004.09814
1549567149028,1004.09595
1549567149069,1004.09326
1549567149108,1004.094
1549567149149,1004.09155
1549567149192,1004.1006
1549567149229,1004.1052
1549567149270,1004.10767
1549567149310,1004.11426
1549567149351,1004.11035
1549567149389,1004.1062
1549567149427,1004.1079
1549567149470,1004.11206
1549567149508,1004.1177
1549567149546,1004.114
1549567149589,1004.114
1549567149628,1004.1245
1549567149668,1004.1333
1549567149709,1004.13574
1549567149748,1004.13916
1549567149789,1004.14624
1549567149828,1004.1365
1549567149875,1004.14966
1549567149909,1004.1636
1549567149948,1004.1714
1549567149988,1004.1797
1549567150029,1004.1887
1549567150069,1004.1885
1549567150107,1004.1926
1549567150147,1004.199
1549567150188,1004.1958
1549567150229,1004.19507
1549567150269,1004.20435
1549567150307,1004.2058
1549567150348,1004.22266
1549567150389,1004.2246
1549567150427,1004.228
1549567150468,1004.2344
1549567150508,1004.2483
1549567150548,1004.2605
1549567150588,1004.2637
1549567150628,1004.26733
1549567150668,1004.27856
1549567150708,1004.2886
1549567150749,1004.2991
1549567150787,1004.30566
1549567150827,1004.3181
1549567150867,1004.3325
1549567150907,1004.3396
1549567150948,1004.3579
1549567150990,1004.38257
1549567151029,1004.38403
1549567151070,1004.3821
1549567151110,1004.3926
1549567151149,1004.40845
1549567151188,1004.4165
1549567151229,1004.42505
1549567151269,1004.4241
1549567151308,1004.42017
1549567151350,1004.43115
1549567151389,1004.44116
1549567151439,1004.4341
1549567151469,1004.4231
1549567151508,1004.43604
1549567151547,1004.4668
1549567151587,1004.47437
1549567151627,1004.4829
1549567151668,1004.48804
1549567151708,1004.4888
1549567151749,1004.5022
1549567151788,1004.511
1549567151828,1004.51953
1549567151869,1004.5261
1549567151908,1004.5261
1549567151949,1004.52295
1549567151988,1004.5442
1549567152027,1004.5676
1549567152068,1004.57153
1549567152107,1004.5764
1549567152147,1004.5725
1549567152187,1004.57983
1549567152230,1004.5913
1549567152267,1004.6074
1549567152309,1004.61304
1549567152348,1004.6279
1549567152388,1004.64795
1549567152428,1004.6677
1549567152469,1004.68164
1549567152506,1004.6853
1549567152548,1004.67896
1549567152587,1004.69434
1549567152628,1004.7019
1549567152668,1004.7053
1549567152712,1004.70825
1549567152751,1004.7173
1549567152796,1004.7344
1549567152830,1004.73975
1549567152868,1004.7444
1549567152910,1004.75146
1549567152949,1004.77637
1549567152988,1004.81274
1549567153029,1004.7988
1549567153067,1004.792
1549567153108,1004.7915
1549567153149,1004.7883
1549567153187,1004.7859
1549567153227,1004.8008
1549567153268,1004.8218
1549567153308,1004.84326
1549567153348,1004.86255
1549567153387,1004.87134
1549567153428,1004.88306
1549567153468,1004.89844
1549567153507,1004.9094
1549567153548,1004.91675
1549567153587,1004.9238
1549567153629,1004.928
1549567153668,1004.9348
1549567153707,1004.94946
1549567153748,1004.9636
1549567153787,1004.97144
1549567153828,1004.9807
1549567153867,1004.9905
1549567153908,1004.99585
1549567153949,1005.0044
1549567153987,1005.001
1549567154028,1005.00635
1549567154067,1005.01074
1549567154106,1005.01807
1549567154148,1005.0276
1549567154187,1005.03564
1549567154229,1005.03564
1549567154267,1005.05054
1549567154308,1005.05786
1549567154347,1005.0603
1549567154386,1005.0708
1549567154428,1005.0818
1549567154469,1005.0867
1549567154509,1005.08984
1549567154550,1005.10156
1549567154587,1005.0947
1549567154628,1005.10913
1549567154667,1005.1201
1549567154707,1005.12036
1549567154747,1005.1321
1549567154788,1005.1323
1549567154828,1005.1448
1549567154867,1005.1499
1549567154907,1005.15234
1549567154947,1005.15674
1549567154987,1005.1604
1549567155028,1005.1604
1549567155067,1005.15625
1549567155107,1005.15283
1549567155147,1005.155
1549567155187,1005.15894
1549567155228,1005.1626
1549567155267,1005.1697
1549567155307,1005.17163
1549567155348,1005.1748
1549567155387,1005.17896
1549567155427,1005.17773
1549567155466,1005.1831
1549567155508,1005.19165
1549567155552,1005.19116
1549567155589,1005.1924
1549567155628,1005.187
1549567155666,1005.18823
1549567155709,1005.1848
1549567155748,1005.1824
1549567155787,1005.18604
1549567155829,1005.1853
1549567155866,1005.187
1549567155909,1005.1865
1549567155948,1005.1826
1549567155987,1005.19336
1549567156028,1005.19946
1549567156068,1005.2007
1549567156108,1005.2007
1549567156149,1005.19434
1549567156187,1005.1946
1549567156228,1005.1904
1549567156267,1005.19165
1549567156308,1005.19604
1549567156347,1005.188
1549567156388,1005.1824
1549567156429,1005.1987
1549567156467,1005.19434
1549567156508,1005.19604
1549567156547,1005.1997
1549567156587,1005.1997
1549567156627,1005.2041
1549567156667,1005.20264
1549567156708,1005.19824
1549567156748,1005.20215
1549567156789,1005.2046
1549567156827,1005.2031
1549567156867,1005.21216
1549567156909,1005.20605
1549567156947,1005.20044
1549567156987,1005.2012
1549567157028,1005.2012
1549567157067,1005.19727
1549567157108,1005.1946
1549567157148,1005.197
1549567157187,1005.18677
1549567157228,1005.1824
1549567157268,1005.1821
1549567157309,1005.1775
1549567157348,1005.1677
1549567157387,1005.17114
1549567157427,1005.1677
1549567157468,1005.16895
1549567157508,1005.16504
1549567157548,1005.16284
1549567157588,1005.1633
1549567157627,1005.1609
1549567157667,1005.16284
1549567157709,1005.1604
1549567157747,1005.1587
1549567157833,1005.16626
1549567157833,1005.17505
1549567157866,1005.1853
1549567157909,1005.1909
1549567157947,1005.1765
1549567157987,1005.1758
1549567158031,1005.166
1549567158066,1005.17017
1549567158108,1005.1758
1549567158148,1005.17554
1549567158187,1005.1709
1549567158227,1005.1731
1549567158269,1005.1763
1549567158307,1005.1819
1549567158349,1005.17847
1549567158394,1005.1848
1549567158428,1005.1853
1549567158468,1005.17017
1549567158509,1005.1753
1549567158548,1005.1741
1549567158588,1005.17773
1549567158627,1005.18726
1549567158668,1005.2009
1549567158708,1005.2058
1549567158750,1005.19824
1549567158790,1005.188
1549567158828,1005.1907
1549567158868,1005.18384
1549567158909,1005.18823
1549567158951,1005.18823
1549567158996,1005.197
1549567159027,1005.19995
1549567159068,1005.1992
1549567159107,1005.19165
1549567159147,1005.18726
1549567159189,1005.1926
1549567159228,1005.1975
1549567159268,1005.1936
1549567159308,1005.18994
1549567159349,1005.1941
1549567159390,1005.187
1549567159428,1005.1892
1549567159469,1005.18555
1549567159508,1005.18506
1549567159547,1005.19336
1549567159588,1005.19214
1549567159627,1005.1824
1549567159668,1005.1792
1549567159707,1005.1887
1549567159748,1005.1848
1549567159789,1005.1863
1549567159828,1005.1797
1549567159868,1005.1802
1549567159908,1005.18286
1549567159949,1005.17847
1549567159989,1005.1819
1549567160029,1005.18506
1549567160069,1005.1858
1549567160111,1005.1887
1549567160148,1005.18896
1549567160188,1005.1826
1549567160228,1005.1821
1549567160283,1005.1892
1549567160310,1005.18506
1549567160350,1005.19946
1549567160388,1005.2053
1549567160428,1005.21826
1549567160469,1005.2268
1549567160516,1005.2261
1549567160548,1005.2224
1549567160588,1005.2256
1549567160627,1005.22656
1549567160675,1005.22095
1549567160708,1005.209
1549567160748,1005.2075
1549567160788,1005.21533
1549567160827,1005.20386
1549567160869,1005.198
1549567160908,1005.1987
1549567160948,1005.1946
1549567160989,1005.1958
1549567161029,1005.2024
1549567161072,1005.19946
1549567161107,1005.19995
1549567161148,1005.1948
1549567161193,1005.1936
1549567161228,1005.1909
1549567161276,1005.1909
1549567161309,1005.198
1549567161351,1005.1948
1549567161387,1005.19165
1549567161430,1005.18726
1549567161478,1005.187
1549567161507,1005.1824
1549567161549,1005.1841
1549567161587,1005.1892
1549567161627,1005.19336
1549567161668,1005.2031
1549567161709,1005.2063
1549567161755,1005.21265
1549567161788,1005.2114
1549567161827,1005.2151
1549567161869,1005.22095
1549567161908,1005.22046
1549567161960,1005.2151
1549567161989,1005.22144
1549567162027,1005.22266
1549567162071,1005.2256
1549567162107,1005.22363
1549567162149,1005.2195
1549567162187,1005.2234
1549567162228,1005.2273
1549567162269,1005.2324
1549567162312,1005.2324
1549567162351,1005.23267
1549567162388,1005.2234
1549567162428,1005.2241
1549567162469,1005.228
1549567162509,1005.2273
1549567162554,1005.22314
1549567162589,1005.2273
1549567162628,1005.228
1549567162668,1005.22876
1549567162707,1005.23486
1549567162749,1005.23193
1549567162788,1005.22925
1549567162830,1005.2285
1549567162868,1005.23267
1549567162910,1005.23755
1549567162950,1005.2307
1549567162989,1005.2307
1549567163027,1005.2283
1549567163067,1005.2241
1549567163107,1005.2378
1549567163150,1005.23413
1549567163188,1005.23706
1549567163227,1005.23413
1549567163269,1005.22534
1549567163308,1005.218
1549567163349,1005.21924
1549567163387,1005.21387
1549567163430,1005.2146
1549567163468,1005.2207
1549567163510,1005.2197
1549567163549,1005.22
1549567163587,1005.2178
1549567163629,1005.2178
1549567163668,1005.22314
1549567163709,1005.2202
1549567163749,1005.2241
1549567163801,1005.21875
1549567163828,1005.2151
1549567163869,1005.2168
1549567163908,1005.2146
1549567163949,1005.2175
1549567163989,1005.2202
1549567164031,1005.2195
1549567164070,1005.2197
1549567164107,1005.21484
1549567164148,1005.22046
1549567164190,1005.2097
1549567164231,1005.21265
1549567164269,1005.20483
1549567164310,1005.19995
1549567164348,1005.1948
1549567164387,1005.1931
1549567164428,1005.19727
1549567164467,1005.1865
1549567164506,1005.1904
1549567164548,1005.1865
1549567164587,1005.17725
1549567164627,1005.1814
1549567164667,1005.1802
1549567164706,1005.18164
1549567164747,1005.1792
1549567164787,1005.1738
1549567164829,1005.16724
1549567164867,1005.17017
1549567164907,1005.16504
1549567164947,1005.1714
1549567164988,1005.1765
1549567165029,1005.1738
1549567165067,1005.1721
1549567165108,1005.1687
1549567165149,1005.1697
1549567165193,1005.15894
1549567165229,1005.1658
1549567165275,1005.16797
1549567165310,1005.1658
1549567165348,1005.1594
1549567165388,1005.1636
1549567165429,1005.16895
1549567165468,1005.1758
1549567165509,1005.178
1549567165549,1005.17896
1549567165587,1005.18286
1549567165629,1005.1804
1549567165669,1005.1841
1549567165709,1005.18506
1549567165749,1005.1821
1549567165790,1005.1907
1549567165836,1005.17847
1549567165869,1005.17847
1549567165908,1005.1719
1549567165948,1005.1719
1549567165987,1005.1731
1549567166029,1005.1753
1549567166068,1005.1826
1549567166108,1005.187
1549567166147,1005.18066
1549567166193,1005.18726
1549567166228,1005.18726
1549567166267,1005.1985
1549567166308,1005.1992
1549567166347,1005.19336
1549567166389,1005.1941
1549567166433,1005.1929
1549567166469,1005.2046
1549567166509,1005.19946
1549567166552,1005.20337
1549567166588,1005.20605
1549567166627,1005.21094
1549567166668,1005.2092
1549567166708,1005.2114
1549567166749,1005.2085
1549567166789,1005.2134
1549567166829,1005.21313
1549567166869,1005.2117
1549567166908,1005.2097
1549567166948,1005.20654
1549567166990,1005.2051
1549567167028,1005.2058
1549567167067,1005.2041
1549567167108,1005.2102
1549567167147,1005.2053
1549567167189,1005.20435
1549567167228,1005.2112
1549567167269,1005.208
1549567167308,1005.20483
1549567167348,1005.1985
1549567167391,1005.19995
1549567167431,1005.20044
1549567167469,1005.1941
1549567167509,1005.19556
1549567167547,1005.1887
1549567167590,1005.19824
1549567167627,1005.19727
1549567167667,1005.1992
1549567167710,1005.20605
1549567167747,1005.21265
1549567167788,1005.21484
1549567167829,1005.21313
1549567167871,1005.21436
1549567167908,1005.208
1549567167948,1005.21265
1549567167988,1005.21704
1549567168028,1005.20654
1549567168071,1005.2085
1549567168109,1005.2053
1549567168148,1005.2009
1549567168191,1005.2024
1549567168229,1005.20215
1549567168268,1005.2009
1549567168308,1005.2009
1549567168348,1005.20605
1549567168388,1005.2068
1549567168429,1005.2046
1549567168472,1005.2095
1549567168508,1005.2129
1549567168549,1005.2256
1549567168593,1005.2307
1549567168628,1005.21826
1549567168667,1005.21045
1549567168709,1005.21216
1549567168756,1005.21606
1549567168789,1005.2119
1549567168828,1005.2156
1549567168867,1005.21606
1549567168909,1005.21265
1549567168947,1005.21533
1549567168990,1005.21045
1549567169030,1005.20996
1549567169070,1005.2173
1549567169108,1005.21533
1549567169146,1005.2197
1549567169189,1005.21655
1549567169227,1005.2168
1549567169269,1005.2185
1549567169308,1005.209
1549567169348,1005.2114
1549567169392,1005.21826
1549567169427,1005.2219
1549567169469,1005.21655
1549567169511,1005.208
1549567169550,1005.2097
1549567169589,1005.2117
1549567169627,1005.2124
1549567169668,1005.2224
1549567169707,1005.23267
1549567169749,1005.2317
1549567169792,1005.23413
1549567169827,1005.23267
1549567169869,1005.22974
1549567169911,1005.2258
1549567169947,1005.218
1549567169990,1005.2036
1549567170028,1005.2095
1549567170069,1005.21436
1549567170108,1005.2114
1549567170150,1005.2129
1549567170195,1005.20776
1549567170227,1005.209
1549567170269,1005.2024
1549567170318,1005.199
1549567170352,1005.19946
1549567170389,1005.19775
1549567170428,1005.2024
1549567170468,1005.2046
1549567170508,1005.20874
1549567170548,1005.2075
1549567170590,1005.2058
1549567170627,1005.2058
1549567170668,1005.20605
1549567170708,1005.2019
1549567170749,1005.20337
1549567170788,1005.208
1549567170829,1005.20825
1549567170868,1005.2085
1549567170907,1005.21045
1549567170949,1005.19995
1549567170988,1005.199
1549567171027,1005.19946
1549567171070,1005.19727
1549567171107,1005.199
1549567171149,1005.2024
1549567171190,1005.2036
1549567171228,1005.2102
1549567171270,1005.2146
1549567171307,1005.21924
1549567171350,1005.22656
1549567171388,1005.2229
1549567171430,1005.2185
1549567171473,1005.22046
1549567171508,1005.2178
1549567171549,1005.2141
1549567171590,1005.2234
1549567171627,1005.22534
1549567171669,1005.22876
1549567171707,1005.2312
1549567171748,1005.23096
1549567171788,1005.22925
1549567171830,1005.23096
1549567171869,1005.2373
1549567171907,1005.2444
1549567171948,1005.2405
1549567171987,1005.2422
1549567172027,1005.2517
1549567172069,1005.2571
1549567172107,1005.2671
1549567172148,1005.2781
1549567172187,1005.2788
1549567172227,1005.2854
1549567172269,1005.2842
1549567172307,1005.29565
1549567172348,1005.2964
1549567172388,1005.2993
1549567172427,1005.2991
1549567172468,1005.30225
1549567172509,1005.30835
1549567172548,1005.3252
1549567172588,1005.3308
1549567172627,1005.33276
1549567172667,1005.34033
1549567172708,1005.34033
1549567172749,1005.34326
1549567172788,1005.3479
1549567172828,1005.35693
1549567172867,1005.3623
1549567172907,1005.3689
1549567172948,1005.3738
1549567172987,1005.3738
1549567173028,1005.3828
1549567173069,1005.40186
1549567173108,1005.4116
1549567173149,1005.4258
1549567173188,1005.4309
1549567173229,1005.4448
1549567173273,1005.45483
1549567173307,1005.4612
1549567173349,1005.47
1549567173388,1005.4756
1549567173429,1005.49097
1549567173469,1005.50073
1549567173511,1005.5044
1549567173552,1005.51733
1549567173588,1005.52466
1549567173628,1005.5303
1549567173668,1005.5354
1549567173708,1005.5415
1549567173750,1005.5498
1549567173792,1005.5586
1549567173829,1005.56934
1549567173868,1005.5791
1549567173907,1005.58765
1549567173949,1005.60376
1549567173988,1005.6084
1549567174029,1005.6155
1549567174068,1005.61914
1549567174106,1005.626
1549567174147,1005.6338
1549567174188,1005.63257
1549567174229,1005.6416
1549567174267,1005.6426
1549567174313,1005.6487
1549567174350,1005.6665
1549567174387,1005.67554
1549567174436,1005.6919
1549567174468,1005.7058
1549567174507,1005.71704
1549567174548,1005.7268
1549567174588,1005.7329
1549567174627,1005.7378
1549567174667,1005.7466
1549567174708,1005.7578
1549567174747,1005.7654
1549567174786,1005.7805
1549567174828,1005.7842
1549567174867,1005.79443
1549567174907,1005.80347
1549567174948,1005.8074
1549567174991,1005.81274
1549567175032,1005.82007
1549567175069,1005.83496
1549567175108,1005.8408
1549567175148,1005.84937
1549567175190,1005.85645
1549567175228,1005.8584
1549567175271,1005.87085
1549567175313,1005.87085
1549567175350,1005.8694
1549567175390,1005.87915
1549567175428,1005.88745
1549567175469,1005.8977
1549567175510,1005.9116
1549567175547,1005.9248
1549567175587,1005.92676
1549567175628,1005.9426
1549567175667,1005.9592
1549567175709,1005.97144
1549567175750,1005.9717
1549567175789,1005.9795
1549567175828,1005.9839
1549567175868,1005.989
1549567175909,1005.999
1549567175959,1006.0017
1549567175988,1006.01416
1549567176028,1006.0261
1549567176069,1006.0288
1549567176108,1006.03345
1549567176149,1006.032
1549567176210,1006.0442
1549567176228,1006.04785
1549567176268,1006.0635
1549567176309,1006.0769
1549567176347,1006.0842
1549567176389,1006.08154
1549567176427,1006.0879
1549567176467,1006.0974
1549567176510,1006.0989
1549567176547,1006.1067
1549567176595,1006.11816
1549567176628,1006.1216
1549567176668,1006.1289
1549567176708,1006.1267
1549567176749,1006.1367
1549567176787,1006.1492
1549567176828,1006.1616
1549567176867,1006.1682
1549567176908,1006.1824
1549567176948,1006.19507
1549567176987,1006.2024
1549567177029,1006.21533
1549567177067,1006.22363
1549567177108,1006.23
1549567177147,1006.2427
1549567177187,1006.2605
1549567177230,1006.2761
1549567177268,1006.29346
1549567177310,1006.3003
1549567177347,1006.3037
1549567177389,1006.3076
1549567177428,1006.32324
1549567177467,1006.3325
1549567177509,1006.34717
1549567177549,1006.3562
1549567177588,1006.36084
1549567177627,1006.3711
1549567177667,1006.3711
1549567177715,1006.3872
1549567177755,1006.38403
1549567177788,1006.3994
1549567177827,1006.40894
1549567177868,1006.4177
1549567177908,1006.4221
1549567177947,1006.43286
1549567177988,1006.448
1549567178028,1006.45825
1549567178068,1006.47
1549567178108,1006.4822
1549567178147,1006.4983
1549567178191,1006.50586
1549567178239,1006.52
1549567178268,1006.5276
1549567178308,1006.54004
1549567178354,1006.5508
1549567178389,1006.5679
1549567178427,1006.57544
1549567178471,1006.5835
1549567178508,1006.584
1549567178566,1006.5928
1549567178589,1006.595
1549567178627,1006.60376
1549567178669,1006.6145
1549567178707,1006.6135
1549567178747,1006.6211
1549567178788,1006.63745
1549567178828,1006.6433
1549567178868,1006.6594
1549567178908,1006.6738
1549567178949,1006.6841
1549567178989,1006.6902
1549567179028,1006.7085
1549567179068,1006.7041
1549567179108,1006.71045
1549567179147,1006.7268
1549567179188,1006.7322
1549567179228,1006.7356
1549567179272,1006.7512
1549567179308,1006.76465
1549567179348,1006.781
1549567179388,1006.791
1549567179429,1006.8025
1549567179475,1006.8096
1549567179509,1006.81396
1549567179547,1006.82544
1549567179589,1006.8325
1549567179627,1006.8445
1549567179668,1006.8533
1549567179708,1006.8628
1549567179749,1006.8689
1549567179788,1006.8738
1549567179827,1006.87915
1549567179880,1006.88525
1549567179909,1006.87476
1549567179948,1006.89453
1549567179989,1006.89453
1549567180028,1006.8994
1549567180069,1006.9004
1549567180108,1006.9133
1549567180149,1006.9248
1549567180189,1006.9314
1549567180239,1006.9419
1549567180270,1006.94946
1549567180309,1006.96387
1549567180348,1006.9785
1549567180390,1006.9795
1549567180430,1006.9778
1549567180470,1006.98535
1549567180507,1006.9949
1549567180549,1007.0066
1549567180589,1007.01514
1549567180628,1007.0237
1549567180669,1007.03174
1549567180709,1007.0386
1549567180747,1007.03613
1549567180790,1007.0437
1549567180832,1007.051
1549567180883,1007.0598
1549567180907,1007.0642
1549567180949,1007.0757
1549567180990,1007.0886
1549567181028,1007.09326
1549567181077,1007.09985
1549567181107,1007.11475
1549567181148,1007.11475
1549567181188,1007.1272
1549567181227,1007.1338
1549567181268,1007.1428
1549567181307,1007.15454
1549567181348,1007.1572
1549567181388,1007.166
1549567181428,1007.1709
1549567181469,1007.17847
1549567181508,1007.1865
1549567181556,1007.19336
1549567181590,1007.1936
1549567181627,1007.2014
1549567181668,1007.2075
1549567181708,1007.2219
1549567181750,1007.22363
1549567181789,1007.23706
1549567181829,1007.2483
1549567181868,1007.2556
1549567181908,1007.26245
1549567181950,1007.27686
1549567181988,1007.2739
1549567182027,1007.2883
1549567182069,1007.3015
1549567182108,1007.30005
1549567182148,1007.3191
1549567182188,1007.3274
1549567182229,1007.34155
1549567182270,1007.3572
1549567182309,1007.3611
1549567182348,1007.3611
1549567182387,1007.36475
1549567182427,1007.3667
1549567182468,1007.36816
1549567182508,1007.37695
1549567182550,1007.3816
1549567182587,1007.39307
1549567182628,1007.3977
1549567182668,1007.4033
1549567182707,1007.41064
1549567182752,1007.4153
1549567182790,1007.4221
1549567182829,1007.42773
1549567182868,1007.4365
1549567182909,1007.45166
1549567182948,1007.4558
1549567182987,1007.46216
1549567183028,1007.4756
1549567183067,1007.4812
1549567183106,1007.4927
1549567183148,1007.5056
1549567183189,1007.51514
1549567183236,1007.5237
1549567183269,1007.52515
1549567183307,1007.5376
1549567183348,1007.5469
1549567183390,1007.5486
1549567183429,1007.5525
1549567183468,1007.5598
1549567183507,1007.5742
1549567183554,1007.58887
1549567183592,1007.5974
1549567183628,1007.60376
1549567183667,1007.61084
1549567183708,1007.6072
1549567183748,1007.6196
1549567183787,1007.6304
1549567183832,1007.63794
1549567183868,1007.6372
1549567183908,1007.6516
1549567183948,1007.65845
1549567183987,1007.65894
1549567184029,1007.6738
1549567184070,1007.6748
1549567184110,1007.687
1549567184148,1007.699
1549567184187,1007.7119
1549567184228,1007.72217
1549567184277,1007.7285
1549567184310,1007.7395
1549567184348,1007.74146
1549567184389,1007.7532
1549567184428,1007.75684
1549567184469,1007.7783
1549567184508,1007.7893
1549567184549,1007.7964
1549567184591,1007.80176
1549567184629,1007.81177
1549567184668,1007.8203
1549567184709,1007.8203
1549567184749,1007.82446
1549567184792,1007.83936
1549567184842,1007.8506
1549567184870,1007.8567
1549567184913,1007.8684
1549567184948,1007.8782
1549567184989,1007.88403
1549567185029,1007.8889
1549567185068,1007.89136
1549567185109,1007.896
1549567185148,1007.9053
1549567185188,1007.90796
1549567185229,1007.91846
1549567185268,1007.93335
1549567185308,1007.94336
1549567185347,1007.9529
1549567185390,1007.9636
1549567185429,1007.9719
1549567185468,1007.979
1549567185509,1007.9868
1549567185549,1007.9973
1549567185589,1008.0122
1549567185628,1008.0222
1549567185667,1008.03467
1549567185709,1008.0454
1549567185747,1008.05054
1549567185787,1008.0657
1549567185827,1008.0642
1549567185867,1008.0725
1549567185908,1008.094
1549567185948,1008.10474
1549567185988,1008.105
1549567186028,1008.11523
1549567186067,1008.1189
1549567186109,1008.1377
1549567186147,1008.1487
1549567186188,1008.15186
1549567186229,1008.16455
1549567186268,1008.17676
1549567186316,1008.1831
1549567186347,1008.19556
1549567186387,1008.2092
1549567186428,1008.21655
1549567186469,1008.2219
1549567186509,1008.2378
1549567186547,1008.2444
1549567186604,1008.24634
1549567186628,1008.25195
1549567186667,1008.2551
1549567186709,1008.27246
1549567186748,1008.28955
1549567186788,1008.30444
1549567186827,1008.3135
1549567186867,1008.3174
1549567186908,1008.33887
1549567186947,1008.3413
1549567186989,1008.35645
1549567187028,1008.35645
1549567187068,1008.3628
1549567187108,1008.3672
1549567187147,1008.374
1549567187188,1008.3867
1549567187229,1008.40967
1549567187267,1008.42456
1549567187312,1008.4324
1549567187348,1008.43994
1549567187390,1008.4487
1549567187427,1008.4673
1549567187467,1008.46924
1549567187513,1008.4812
1549567187547,1008.48975
1549567187593,1008.4929
1549567187628,1008.49927
1549567187667,1008.51465
1549567187712,1008.5315
1549567187747,1008.5364
1549567187790,1008.54614
1549567187830,1008.55444
1549567187868,1008.55664
1549567187907,1008.5642
1549567187948,1008.5762
1549567187992,1008.5803
1549567188028,1008.595
1549567188070,1008.604
1549567188109,1008.61206
1549567188148,1008.62476
1549567188188,1008.6372
1549567188228,1008.6467
1549567188273,1008.6494
1549567188308,1008.64746
1549567188347,1008.65186
1549567188388,1008.6604
1549567188428,1008.67114
1549567188469,1008.6802
1549567188508,1008.6802
1549567188548,1008.6914
1549567188589,1008.6931
1549567188629,1008.7012
1549567188669,1008.7112
1549567188708,1008.72
1549567188749,1008.7197
1549567188791,1008.7246
1549567188830,1008.7383
1549567188869,1008.7468
1549567188907,1008.75195
1549567188947,1008.761
1549567188991,1008.76636
1549567189027,1008.76904
1549567189069,1008.76685
1549567189108,1008.7742
1549567189148,1008.7805
1549567189188,1008.7876
1549567189227,1008.7959
1549567189269,1008.7993
1549567189310,1008.8086
1549567189351,1008.81836
1549567189391,1008.81836
1549567189435,1008.8252
1549567189468,1008.8457
1549567189510,1008.8545
1549567189549,1008.85376
1549567189589,1008.8596
1549567189627,1008.87134
1549567189668,1008.88306
1549567189707,1008.885
1549567189748,1008.88306
1549567189789,1008.88403
1549567189832,1008.8904
1549567189868,1008.8999
1549567189908,1008.9009
1549567189950,1008.9055
1549567189988,1008.9126
1549567190028,1008.9226
1549567190068,1008.92456
1549567190107,1008.937
1549567190148,1008.95337
1549567190187,1008.96313
1549567190227,1008.97876
1549567190268,1008.9863
1549567190307,1008.9995
1549567190348,1009.01196
1549567190387,1009.02856
1549567190427,1009.0303
1549567190470,1009.0381
1549567190509,1009.0491
1549567190549,1009.0598
1549567190589,1009.0593
1549567190628,1009.06226
1549567190668,1009.0657
1549567190707,1009.0725
1549567190749,1009.09155
1549567190788,1009.08813
1549567190829,1009.0923
1549567190868,1009.1033
1549567190907,1009.10815
1549567190950,1009.1155
1549567190988,1009.12256
1549567191029,1009.1316
1549567191069,1009.1389
1549567191108,1009.1455
1549567191149,1009.16406
1549567191188,1009.17065
1549567191228,1009.18164
1549567191269,1009.1819
1549567191314,1009.1931
1549567191352,1009.1987
1549567191388,1009.19727
1549567191429,1009.2029
1549567191472,1009.20825
1549567191509,1009.2156
1549567191550,1009.2312
1549567191589,1009.2368
1549567191627,1009.24756
1549567191668,1009.2578
1549567191707,1009.2656
1549567191748,1009.2656
1549567191788,1009.2761
1549567191828,1009.2859
1549567191880,1009.29565
1549567191912,1009.31323
1549567191948,1009.31226
1549567191991,1009.32544
1549567192028,1009.33496
1549567192068,1009.34155
1549567192109,1009.34814
1549567192149,1009.355
1549567192189,1009.3657
1549567192228,1009.37305
1549567192268,1009.37524
1549567192307,1009.38477
1549567192349,1009.4011
1549567192388,1009.40894
1549567192429,1009.42285
1549567192469,1009.42725
1549567192507,1009.43384
1549567192548,1009.44775
1549567192588,1009.4553
1549567192629,1009.4707
1549567192667,1009.4834
1549567192706,1009.49414
1549567192750,1009.5017
1549567192788,1009.5088
1549567192827,1009.5154
1549567192867,1009.521
1549567192908,1009.5383
1549567192950,1009.54224
1549567192987,1009.5525
1549567193028,1009.5681
1549567193068,1009.5813
1549567193115,1009.5874
1549567193149,1009.5989
1549567193187,1009.6079
1549567193228,1009.6189
1549567193268,1009.62305
1549567193314,1009.6343
1549567193357,1009.6428
1549567193388,1009.647
1549567193428,1009.6599
1549567193468,1009.66797
1549567193508,1009.6738
1549567193548,1009.68335
1549567193588,1009.68677
1549567193632,1009.6924
1549567193674,1009.70166
1549567193709,1009.7156
1549567193748,1009.7219
1549567193789,1009.7324
1549567193828,1009.7388
1549567193868,1009.74316
1549567193907,1009.7468
1549567193948,1009.7534
1549567193988,1009.7512
1549567194029,1009.7561
1549567194069,1009.7561
1549567194115,1009.76904
1549567194148,1009.7737
1549567194188,1009.78613
1549567194229,1009.7969
1549567194271,1009.8137
1549567194308,1009.8154
1549567194348,1009.8198
1549567194389,1009.8279
1549567194432,1009.82886
1549567194469,1009.83496
1549567194514,1009.8508
1549567194548,1009.854
1549567194588,1009.86646
1549567194628,1009.885
1549567194667,1009.89526
1549567194708,1009.9082
1549567194749,1009.91675
1549567194793,1009.9248
1549567194829,1009.93506
1549567194869,1009.9341
1549567194910,1009.9487
1549567194949,1009.96606
1549567194988,1009.9768
1549567195031,1009.98364
1549567195067,1009.9883
1549567195108,1009.99976
1549567195147,1010.011
1549567195188,1010.02246
1549567195228,1010.02515
1549567195268,1010.04517
1549567195322,1010.053
1549567195348,1010.0637
1549567195389,1010.0774
1549567195428,1010.0845
1549567195468,1010.0969
1549567195508,1010.1001
1549567195551,1010.1011
1549567195588,1010.11475
1549567195629,1010.1218
1549567195668,1010.12915
1549567195708,1010.14136
1549567195748,1010.15845
1549567195799,1010.1709
1549567195828,1010.1758
1549567195869,1010.17505
1549567195908,1010.18066
1549567195947,1010.1846
1549567195988,1010.2002
1549567196029,1010.2092
1549567196067,1010.2129
1549567196113,1010.2197
1549567196148,1010.2307
1549567196188,1010.2446
1549567196228,1010.24756
1549567196267,1010.2522
1549567196310,1010.2617
1549567196348,1010.26587
1549567196389,1010.2739
1549567196429,1010.2739
1549567196469,1010.2766
1549567196509,1010.2793
1549567196550,1010.28906
1549567196588,1010.30615
1549567196635,1010.313
1549567196668,1010.3154
1549567196708,1010.3262
1549567196747,1010.33716
1549567196790,1010.3523
1549567196828,1010.35815
1549567196869,1010.3679
1549567196909,1010.3755
1549567196949,1010.3877
1549567196988,1010.3999
1549567197027,1010.40674
1549567197069,1010.4099
1549567197109,1010.4231
1549567197149,1010.4475
1549567197188,1010.4551
1549567197228,1010.4651
1549567197269,1010.47046
1549567197308,1010.4778
1549567197348,1010.4785
1549567197388,1010.48535
1549567197428,1010.4934
1549567197468,1010.5061
1549567197508,1010.51514
1549567197549,1010.5188
1549567197592,1010.5259
1549567197630,1010.5354
1549567197668,1010.54346
1549567197708,1010.5508
1549567197748,1010.5569
1549567197799,1010.5676
1549567197839,1010.5845
1549567197868,1010.58887
1549567197908,1010.59375
1549567197950,1010.5967
1549567197989,1010.59424
1549567198027,1010.6177
1549567198070,1010.62915
1549567198108,1010.635
1549567198148,1010.65454
1549567198188,1010.6653
1549567198227,1010.66626
1549567198268,1010.66895
1549567198307,1010.6797
1549567198347,1010.687
1549567198390,1010.6929
1549567198427,1010.7031
1549567198469,1010.7158
1549567198508,1010.71704
1549567198547,1010.729
1549567198588,1010.7446
1549567198640,1010.7417
1549567198668,1010.7527
1549567198707,1010.7634
1549567198748,1010.7634
1549567198788,1010.77515
1549567198833,1010.7805
1549567198874,1010.7871
1549567198912,1010.79443
1549567198947,1010.80444
1549567198988,1010.8176
1549567199027,1010.8318
1549567199070,1010.83545
1549567199117,1010.8369
1549567199148,1010.83716
1549567199188,1010.85645
1549567199227,1010.8638
1549567199267,1010.8718
1549567199310,1010.88086
1549567199350,1010.886
1549567199388,1010.8906
1549567199433,1010.8948
1549567199474,1010.9126
1549567199508,1010.9109
1549567199550,1010.9236
1549567199588,1010.92993
1549567199631,1010.9324
1549567199668,1010.9431
1549567199707,1010.94385
1549567199749,1010.9558
1549567199787,1010.97314
1549567199828,1010.98364
1549567199868,1010.9939
1549567199908,1011.0034
1549567199949,1011.0117
1549567199989,1011.02124
1549567200027,1011.041
1549567200068,1011.05225
1549567200108,1011.0576
1549567200148,1011.0654
1549567200187,1011.07983
1549567200227,1011.08594
1549567200268,1011.0967
1549567200310,1011.10767
1549567200351,1011.11255
1549567200387,1011.1228
1549567200431,1011.1304
1549567200473,1011.1433
1549567200514,1011.1553
1549567200549,1011.1687
1549567200592,1011.18286
1549567200629,1011.1958
1549567200668,1011.1987
1549567200708,1011.2051
1549567200749,1011.2158
1549567200788,1011.21484
1549567200828,1011.21655
1549567200876,1011.228
1549567200908,1011.2278
1549567200950,1011.23535
1549567200988,1011.2388
1549567201028,1011.25073
1549567201069,1011.2544
1549567201108,1011.2544
1549567201149,1011.26
1549567201187,1011.2661
1549567201228,1011.27515
1549567201268,1011.2798
1549567201309,1011.2898
1549567201358,1011.29736
1549567201387,1011.303
1549567201438,1011.3147
1549567201469,1011.32104
1549567201509,1011.3281
1549567201548,1011.33057
1549567201587,1011.3257
1549567201627,1011.3364
1549567201669,1011.33154
1549567201709,1011.3418
1549567201749,1011.3535
1549567201788,1011.3662
1549567201830,1011.36694
1549567201870,1011.3667
1549567201910,1011.36865
1549567201950,1011.3745
1549567201988,1011.37646
1549567202034,1011.37134
1549567202067,1011.3711
1549567202107,1011.3804
1549567202150,1011.3887
1549567202187,1011.39795
1549567202228,1011.40356
1549567202270,1011.40356
1549567202308,1011.405
1549567202359,1011.407
1549567202388,1011.41504
1549567202436,1011.41284
1549567202468,1011.4204
1549567202507,1011.42285
1549567202550,1011.41235
1549567202587,1011.4114
1549567202628,1011.41626
1549567202668,1011.4226
1549567202708,1011.42554
1549567202748,1011.4331
1549567202788,1011.4319
1549567202835,1011.4324
1549567202869,1011.4314
1549567202908,1011.437
1549567202949,1011.4397
1549567202990,1011.4404
1549567203027,1011.44116
1549567203067,1011.4363
1549567203108,1011.4353
1549567203147,1011.4392
1549567203188,1011.43774
1549567203228,1011.4326
1549567203268,1011.4302
1549567203307,1011.4314
1549567203349,1011.43286
1549567203391,1011.43286
1549567203428,1011.43286
1549567203467,1011.4282
1549567203507,1011.4314
1549567203549,1011.4304
1549567203597,1011.4304
1549567203630,1011.43115
1549567203668,1011.43506
1549567203708,1011.4353
1549567203748,1011.43774
1549567203787,1011.4407
1549567203828,1011.4392
1549567203880,1011.4402
1549567203908,1011.4343
1549567203952,1011.43823
1549567203989,1011.4336
1549567204031,1011.43945
1549567204067,1011.44556
1549567204108,1011.4492
1549567204148,1011.4497
1549567204188,1011.4612
1549567204228,1011.4541
1549567204267,1011.468
1549567204309,1011.46924
1549567204347,1011.4756
1549567204395,1011.4863
1549567204432,1011.4917
1549567204468,1011.4966
1549567204508,1011.5032
1549567204548,1011.50244
1549567204586,1011.5078
1549567204627,1011.5115
1549567204667,1011.5171
1549567204708,1011.51855
1549567204747,1011.5244
1549567204787,1011.5237
1549567204830,1011.5276
1549567204868,1011.5222
1549567204910,1011.51904
1549567204947,1011.52295
1549567204987,1011.522
1549567205029,1011.5198
1549567205070,1011.5139
1549567205108,1011.50024
1549567205150,1011.50024
1549567205187,1011.49536
1549567205228,1011.4946
1549567205267,1011.48706
1549567205311,1011.4885
1549567205348,1011.4956
1549567205388,1011.4966
1549567205432,1011.4895
1549567205468,1011.4907
1549567205507,1011.48804
1549567205550,1011.4817
1549567205588,1011.4888
1549567205628,1011.4761
1549567205672,1011.4717
1549567205708,1011.4746
1549567205748,1011.4746
1549567205788,1011.4883
1549567205829,1011.4807
1549567205876,1011.48486
1549567205910,1011.48535
1549567205947,1011.4729
1549567205989,1011.4624
1549567206039,1011.45776
1549567206067,1011.4492
1549567206110,1011.43066
1549567206148,1011.4219
1549567206187,1011.42847
1549567206226,1011.4187
1549567206266,1011.4104
1549567206308,1011.4011
1549567206348,1011.40015
1549567206387,1011.39844
1549567206427,1011.4065
1549567206467,1011.4004
1549567206512,1011.40967
1549567206548,1011.4131
1549567206600,1011.427
1549567206627,1011.42944
1549567206667,1011.4314
1549567206708,1011.4292
1549567206749,1011.43506
1549567206788,1011.4324
1549567206828,1011.4343
1549567206869,1011.42944
1549567206909,1011.42773
1549567206948,1011.427
1549567206998,1011.4248
1549567207028,1011.43115
1549567207067,1011.4331
1549567207108,1011.43604
1549567207147,1011.43506
1549567207188,1011.4375
1549567207228,1011.43896
1549567207268,1011.438
1549567207307,1011.4407
1549567207348,1011.438
1549567207389,1011.428
1549567207436,1011.4197
1549567207470,1011.41895
1549567207508,1011.4258
1549567207547,1011.4221
1549567207589,1011.4365
1549567207628,1011.437
1549567207667,1011.4331
1549567207708,1011.4341
1549567207747,1011.4326
1549567207787,1011.43677
1549567207830,1011.4397
1549567207869,1011.4485
1549567207906,1011.44727
1549567207946,1011.44507
1549567207987,1011.4404
1549567208027,1011.449
1549567208068,1011.449
1549567208111,1011.4658
1549567208147,1011.47217
1549567208190,1011.4822
1549567208227,1011.4707
1549567208268,1011.46533
1549567208307,1011.4663
1549567208351,1011.4663
1549567208388,1011.4685
1549567208429,1011.4617
1549567208468,1011.46216
1549567208509,1011.47
1549567208548,1011.4656
1549567208590,1011.4717
1549567208627,1011.46313
1549567208668,1011.46484
1549567208707,1011.4651
1549567208747,1011.4612
1549567208788,1011.4685
1549567208827,1011.4712
1549567208867,1011.4729
1549567208907,1011.47144
1549567208947,1011.46387
1549567208987,1011.4685
1549567209028,1011.4597
1549567209072,1011.46313
1549567209111,1011.4529
1549567209150,1011.44824
1549567209189,1011.44946
1549567209227,1011.45435
1549567209268,1011.45166
1549567209308,1011.4536
1549567209348,1011.4575
1549567209389,1011.4624
1549567209433,1011.46094
1549567209469,1011.46655
1549567209510,1011.47437
1549567209554,1011.47485
1549567209588,1011.4724
1549567209628,1011.4702
1549567209670,1011.4707
1549567209706,1011.48096
1549567209747,1011.4697
1549567209787,1011.4646
1549567209836,1011.4668
1549567209868,1011.4729
1549567209908,1011.4795
1549567209948,1011.48193
1549567209989,1011.48926
1549567210036,1011.4856
1549567210075,1011.49023
1549567210109,1011.4983
1549567210149,1011.5051
1549567210187,1011.5012
1549567210226,1011.5029
1549567210268,1011.511
1549567210309,1011.50977
1549567210348,1011.5017
1549567210389,1011.5105
1549567210428,1011.5105
1549567210470,1011.51685
1549567210509,1011.51904
1549567210548,1011.51904
1549567210588,1011.52856
1549567210627,1011.5271
1549567210668,1011.5349
1549567210708,1011.5447
1549567210748,1011.5469
1549567210788,1011.5486
1549567210828,1011.54565
1549567210867,1011.5537
1549567210907,1011.5598
1549567210950,1011.55884
1549567210988,1011.5664
1549567211028,1011.5759
1549567211068,1011.5752
1549567211108,1011.5698
1549567211153,1011.5713
1549567211187,1011.5703
1549567211226,1011.5657
1549567211267,1011.57056
1549567211307,1011.5752
1549567211348,1011.57056
1549567211387,1011.5696
1549567211428,1011.573
1549567211468,1011.57275
1549567211518,1011.57275
1549567211549,1011.56885
1549567211587,1011.5586
1549567211628,1011.56006
1549567211668,1011.5476
1549567211707,1011.54224
1549567211748,1011.5393
1549567211788,1011.5332
1549567211828,1011.5322
1549567211870,1011.52466
1549567211907,1011.5122
1549567211957,1011.5166
1549567211988,1011.5156
1549567212027,1011.52026
1549567212076,1011.522
1549567212114,1011.52344
1549567212148,1011.5171
1549567212188,1011.5178
1549567212227,1011.5166
1549567212268,1011.51294
1549567212308,1011.5115
1549567212362,1011.5115
1549567212389,1011.5071
1549567212429,1011.5
1549567212468,1011.5012
1549567212508,1011.50146
1549567212547,1011.4968
1549567212589,1011.5005
1549567212627,1011.49927
1549567212668,1011.49976
1549567212707,1011.49
1549567212747,1011.49
1549567212787,1011.4927
1549567212828,1011.4878
1549567212868,1011.4946
1549567212910,1011.4983
1549567212947,1011.4907
1549567212987,1011.49927
1549567213027,1011.49756
1549567213068,1011.501
1549567213109,1011.50073
1549567213149,1011.5044
1549567213190,1011.49805
1549567213229,1011.49634
1549567213267,1011.4966
1549567213309,1011.4944
1549567213347,1011.4995
1549567213388,1011.4907
1549567213428,1011.49097
1549567213471,1011.4878
1549567213506,1011.4973
1549567213549,1011.4995
1549567213587,1011.5005
1549567213627,1011.4944
1549567213668,1011.49634
1549567213720,1011.50024
1549567213750,1011.4961
1549567213787,1011.4934
1549567213828,1011.4863
1549567213867,1011.48
1549567213909,1011.4763
1549567213947,1011.4678
1549567213987,1011.4595
1549567214029,1011.4592
1549567214067,1011.45776
1549567214109,1011.4573
1549567214148,1011.4563
1549567214187,1011.448
1549567214227,1011.44653
1549567214268,1011.438
1549567214308,1011.42456
1549567214349,1011.4238
1549567214387,1011.40845
1549567214429,1011.4055
1549567214468,1011.3967
1549567214509,1011.3943
1549567214549,1011.3872
1549567214590,1011.3782
1549567214635,1011.37427
1549567214667,1011.3689
1549567214708,1011.37256
1549567214748,1011.36646
1549567214787,1011.35986
1549567214827,1011.3623
1549567214869,1011.3645
1549567214909,1011.3667
1549567214950,1011.3655
1549567214988,1011.3657
1549567215041,1011.37036
1549567215068,1011.3716
1549567215108,1011.3716
1549567215158,1011.37305
1549567215188,1011.3635
1549567215227,1011.3738
1549567215267,1011.3716
1549567215308,1011.3696
1549567215347,1011.3718
1549567215387,1011.3784
1549567215429,1011.3772
1549567215467,1011.375
1549567215509,1011.36865
1549567215548,1011.3667
1549567215588,1011.36743
1549567215637,1011.36597
1549567215667,1011.3716
1549567215708,1011.3706
1549567215747,1011.37354
1549567215788,1011.37646
1549567215828,1011.38135
1549567215869,1011.38354
1549567215912,1011.37695
1549567215947,1011.36475
1549567215988,1011.36475
1549567216031,1011.37036
1549567216069,1011.3701
1549567216117,1011.3677
1549567216150,1011.3667
1549567216188,1011.3618
1549567216227,1011.3594
1549567216266,1011.3645
1549567216308,1011.3638
1549567216350,1011.3645
1549567216389,1011.3611
1549567216429,1011.3672
1549567216467,1011.3633
1549567216507,1011.3638
1549567216547,1011.36035
1549567216588,1011.3594
1549567216627,1011.3638
1549567216667,1011.3696
1549567216708,1011.37305
1549567216748,1011.385
1549567216788,1011.3916
1549567216827,1011.4011
1549567216869,1011.3992
1549567216908,1011.386
1549567216947,1011.39136
1549567216987,1011.39404
1549567217027,1011.3906
1549567217067,1011.38525
1549567217108,1011.38745
1549567217147,1011.3821
1549567217187,1011.3806
1549567217227,1011.386
1549567217266,1011.3882
1549567217308,1011.3884
1549567217348,1011.38745
1549567217388,1011.39136
1549567217427,1011.38916
1549567217467,1011.38916
1549567217508,1011.3967
1549567217547,1011.4031
1549567217587,1011.4116
1549567217627,1011.4136
1549567217667,1011.4221
1549567217709,1011.4238
1549567217748,1011.4248
1549567217788,1011.4241
1549567217827,1011.4314
1549567217867,1011.42896
1549567217908,1011.43286
1549567217954,1011.44604
1549567217988,1011.448
1549567218027,1011.4558
1549567218069,1011.4563
1549567218108,1011.45044
1549567218147,1011.46045
1549567218188,1011.4707
1549567218228,1011.47974
1549567218267,1011.47876
1549567218307,1011.48267
1549567218349,1011.49146
1549567218387,1011.4988
1549567218427,1011.511
1549567218469,1011.5117
1549567218508,1011.52026
1549567218548,1011.52124
1549567218588,1011.53174
1549567218628,1011.5381
1549567218667,1011.54663
1549567218708,1011.55493
1549567218748,1011.56396
1549567218788,1011.57104
1549567218827,1011.57886
1549567218869,1011.5913
1549567218907,1011.59863
1549567218949,1011.60767
1549567218988,1011.62573
1549567219029,1011.64404
1549567219067,1011.6489
1549567219108,1011.6631
1549567219147,1011.6765
1549567219188,1011.68066
1549567219226,1011.6924
1549567219267,1011.6941
1549567219307,1011.70874
1549567219347,1011.72095
1549567219388,1011.73
1549567219427,1011.7383
1549567219467,1011.74805
1549567219508,1011.7593
1549567219549,1011.7634
1549567219587,1011.7632
1549567219629,1011.7688
1549567219668,1011.7793
1549567219708,1011.7881
1549567219747,1011.79614
1549567219787,1011.79614
1549567219833,1011.8015
1549567219869,1011.80664
1549567219908,1011.8137
1549567219948,1011.8179
1549567219988,1011.82935
1549567220027,1011.83154
1549567220068,1011.8425
1549567220108,1011.8452
1549567220148,1011.84985
1549567220188,1011.8501
1549567220229,1011.8716
1549567220267,1011.8816
1549567220307,1011.8801
1549567220349,1011.8862
1549567220388,1011.8889
1549567220427,1011.89526
1549567220468,1011.8933
1549567220507,1011.89795
1549567220548,1011.90405
1549567220588,1011.91943
1549567220627,1011.9236
1549567220669,1011.92114
1549567220708,1011.92554
1549567220747,1011.9209
1549567220787,1011.91895
1549567220827,1011.9204
1549567220867,1011.9282
1549567220907,1011.9326
1549567220955,1011.93726
1549567220986,1011.93774
1549567221027,1011.95044
1549567221067,1011.9524
1549567221108,1011.9524
1549567221147,1011.9595
1549567221189,1011.9668
1549567221227,1011.97437
1549567221267,1011.979
1549567221307,1011.97876
1549567221350,1011.98
1549567221387,1011.97705
1549567221427,1011.9839
1549567221469,1011.9856
1549567221507,1011.97485
1549567221549,1011.9783
1549567221592,1011.9717
1549567221628,1011.96826
1549567221675,1011.969
1549567221707,1011.9636
1549567221748,1011.9695
1549567221787,1011.96484
1549567221829,1011.9729
1549567221867,1011.9751
1549567221907,1011.9602
1549567221948,1011.9546
1549567221987,1011.95874
1549567222028,1011.96533
1549567222067,1011.9756
1549567222112,1011.9807
1549567222149,1011.9807
1549567222188,1011.97876
1549567222229,1011.97925
1549567222267,1011.97437
1549567222307,1011.98315
1549567222349,1011.9873
1549567222387,1011.9851
1549567222428,1011.97485
1549567222467,1011.9629
1549567222507,1011.97
1549567222549,1011.9739
1549567222587,1011.97974
1549567222630,1011.9966
1549567222668,1011.9983
1549567222707,1012.00366
1549567222747,1011.99756
1549567222787,1012.00146
1549567222828,1012.0029
1549567222868,1012.0132
1549567222907,1012.0166
1549567222948,1012.0088
1549567222987,1011.98193
1549567223028,1011.97046
1549567223067,1011.9729
1549567223107,1011.97
1549567223150,1011.98096
1549567223187,1012.0005
1549567223227,1012.0303
1549567223266,1012.0564
1549567223306,1012.05884
1549567223348,1012.0635
1549567223387,1012.0593
1549567223429,1012.07104
1549567223468,1012.0847
1549567223507,1012.0945
1549567223548,1012.10254
1549567223587,1012.093
1549567223628,1012.0957
1549567223668,1012.095
1549567223707,1012.1084
1549567223747,1012.11304
1549567223787,1012.1113
1549567223827,1012.1084
1549567223868,1012.1116
1549567223914,1012.10254
1549567223948,1012.1033
1549567223987,1012.10205
1549567224029,1012.10425
1549567224068,1012.10815
1549567224115,1012.1094
1549567224147,1012.10864
1549567224187,1012.1184
1549567224229,1012.1084
1549567224268,1012.11475
1549567224308,1012.11646
1549567224348,1012.115
1549567224387,1012.12476
1549567224430,1012.11646
1549567224467,1012.11084
1549567224509,1012.11084
1549567224547,1012.11646
1549567224587,1012.1089
1549567224628,1012.1101
1549567224667,1012.11743
1549567224708,1012.1284
1549567224747,1012.1233
1549567224787,1012.1172
1549567224827,1012.10913
1549567224866,1012.0989
1549567224908,1012.08716
1549567224948,1012.0896
1549567224988,1012.08813
1549567225030,1012.0796
1549567225066,1012.0637
1549567225107,1012.0525
1549567225147,1012.03906
1549567225187,1012.0371
1549567225227,1012.0344
1549567225271,1012.03174
1549567225308,1012.02246
1549567225347,1012.02026
1549567225388,1012.0093
1549567225428,1012.0012
1549567225467,1011.99756
1549567225508,1011.99585
1549567225547,1012.00195
1549567225587,1012.00195
1549567225629,1012.0044
1549567225667,1012.00684
1549567225708,1012.01733
1549567225748,1012.01733
1549567225787,1012.0122
1549567225827,1012.0078
1549567225868,1011.9934
1549567225909,1011.9768
1549567225949,1011.9658
1549567225988,1011.9563
1549567226028,1011.9519
1549567226067,1011.9558
1549567226107,1011.95654
1549567226148,1011.9575
1549567226188,1011.9553
1549567226228,1011.95044
1549567226266,1011.9529
1549567226307,1011.958
1549567226346,1011.9553
1549567226387,1011.958
1549567226427,1011.95996
1549567226466,1011.958
1549567226507,1011.96094
1549567226548,1011.9563
1549567226588,1011.94995
1549567226627,1011.93384
1549567226666,1011.93066
1549567226707,1011.9275
1549567226747,1011.9326
1549567226788,1011.9192
1549567226826,1011.91504
1549567226867,1011.91504
1549567226907,1011.90625
1549567226947,1011.9126
1549567226987,1011.9155
1549567227028,1011.91284
1549567227067,1011.9114
1549567227106,1011.9153
1549567227146,1011.91797
1549567227187,1011.91284
