1549565190821,1009.85944
1549565190857,1009.85944
1549565190896,1009.85944
1549565190934,1009.8624
1549565190975,1009.8624
1549565191012,1009.8624
1549565191050,1009.8624
1549565191089,1009.8819
1549565191129,1009.8819
1549565191165,1009.8819
1549565191205,1009.8819
1549565191243,1009.8795
1549565191294,1009.8795
1549565191319,1009.8795
1549565191357,1009.8795
1549565191396,1009.8587
1549565191435,1009.8587
1549565191472,1009.8587
1549565191511,1009.8587
1549565191553,1009.86316
1549565191589,1009.86316
1549565191641,1009.86316
1549565191668,1009.86316
1549565191703,1009.8548
1549565191742,1009.8548
1549565191782,1009.8548
1549565191821,1009.8548
1549565191860,1009.8264
1549565191898,1009.8264
1549565191936,1009.8264
1549565191974,1009.8264
1549565192013,1009.8457
1549565192054,1009.8457
1549565192090,1009.8457
1549565192130,1009.8457
1549565192167,1009.903
1549565192236,1009.903
1549565192255,1009.903
1549565192284,1009.903
1549565192318,1009.998
1549565192358,1009.998
1549565192399,1009.998
1549565192434,1009.998
1549565192473,1010.013
1549565192517,1010.013
1549565192550,1010.013
1549565192588,1010.013
1549565192628,1009.9282
1549565192668,1009.9282
1549565192703,1009.9282
1549565192743,1009.9282
1549565192781,1009.9661
1549565192818,1009.9661
1549565192857,1009.9661
1549565192897,1009.9661
1549565192936,1009.7907
1549565192972,1009.7907
1549565193011,1009.7907
1549565193050,1009.7907
1549565193089,1009.79565
1549565193127,1009.79565
1549565193166,1009.79565
1549565193204,1009.79565
1549565193244,1009.8134
1549565193280,1009.8134
1549565193319,1009.8134
1549565193361,1009.8134
1549565193395,1009.851
1549565193434,1009.851
1549565193473,1009.851
1549565193510,1009.851
1549565193551,1009.88965
1549565193589,1009.88965
1549565193629,1009.88965
1549565193674,1009.88965
1549565193704,1009.88965
1549565193743,1009.9182
1549565193782,1009.9182
1549565193820,1009.9182
1549565193858,1009.9182
1549565193900,1009.9602
1549565193939,1009.9602
1549565193975,1009.9602
1549565194014,1009.9602
1549565194052,1009.9787
1549565194090,1009.9787
1549565194132,1009.9787
1549565194164,1009.9787
1549565194205,1009.9949
1549565194284,1009.9949
1549565194285,1009.9949
1549565194322,1009.9949
1549565194368,1010.01
1549565194397,1010.01
1549565194437,1010.01
1549565194474,1010.01
1549565194517,1010.0241
1549565194555,1010.0241
1549565194592,1010.0241
1549565194629,1010.0241
1549565194670,1010.04
1549565194707,1010.04
1549565194748,1010.04
1549565194788,1010.04
1549565194818,1010.0552
1549565194857,1010.0552
1549565194895,1010.0552
1549565194934,1010.0552
1549565194974,1010.07605
1549565195013,1010.07605
1549565195049,1010.07605
1549565195091,1010.07605
1549565195126,1010.09393
1549565195165,1010.09393
1549565195205,1010.09393
1549565195242,1010.09393
1549565195280,1010.1098
1549565195321,1010.1098
1549565195357,1010.1098
1549565195397,1010.1098
1549565195436,1010.1254
1549565195474,1010.1254
1549565195512,1010.1254
1549565195550,1010.1254
1549565195587,1010.13727
1549565195626,1010.13727
1549565195666,1010.13727
1549565195705,1010.13727
1549565195742,1010.1448
1549565195783,1010.1448
1549565195818,1010.1448
1549565195858,1010.1448
1549565195896,1010.159
1549565195935,1010.159
1549565195973,1010.159
1549565196010,1010.159
1549565196051,1010.16815
1549565196088,1010.16815
1549565196130,1010.16815
1549565196164,1010.16815
1549565196202,1010.1791
1549565196243,1010.1791
1549565196312,1010.1791
1549565196335,1010.1791
1549565196367,1010.19495
1549565196396,1010.19495
1549565196432,1010.19495
1549565196471,1010.19495
1549565196513,1010.2109
1549565196550,1010.2109
1549565196587,1010.2109
1549565196625,1010.2109
1549565196677,1010.22845
1549565196702,1010.22845
1549565196741,1010.22845
1549565196783,1010.22845
1549565196818,1010.2367
1549565196857,1010.2367
1549565196896,1010.2367
1549565196935,1010.2367
1549565196973,1010.2492
1549565197010,1010.2492
1549565197050,1010.2492
1549565197087,1010.2492
1549565197126,1010.25507
1549565197165,1010.25507
1549565197203,1010.25507
1549565197242,1010.25507
1549565197280,1010.27496
1549565197319,1010.27496
1549565197356,1010.27496
1549565197397,1010.27496
1549565197434,1010.2902
1549565197474,1010.2902
1549565197510,1010.2902
1549565197550,1010.2902
1549565197590,1010.3024
1549565197626,1010.3024
1549565197672,1010.3024
1549565197703,1010.3024
1549565197740,1010.31775
1549565197779,1010.31775
1549565197819,1010.31775
1549565197859,1010.31775
1549565197898,1010.33026
1549565197934,1010.33026
1549565197973,1010.33026
1549565198012,1010.33026
1549565198052,1010.3385
1549565198087,1010.3385
1549565198130,1010.3385
1549565198176,1010.3385
1549565198202,1010.3484
1549565198244,1010.3484
1549565198282,1010.3484
1549565198388,1010.3484
1549565198389,1010.3566
1549565198399,1010.3566
1549565198433,1010.3566
1549565198473,1010.3566
1549565198511,1010.3769
1549565198552,1010.3769
1549565198589,1010.3769
1549565198626,1010.3769
1549565198664,1010.3928
1549565198706,1010.3928
1549565198744,1010.3928
1549565198780,1010.3928
1549565198819,1010.4067
1549565198858,1010.4067
1549565198894,1010.4067
1549565198935,1010.4067
1549565198973,1010.41925
1549565199011,1010.41925
1549565199051,1010.41925
1549565199090,1010.41925
1549565199128,1010.4378
1549565199164,1010.4378
1549565199203,1010.4378
1549565199241,1010.4378
1549565199282,1010.452
1549565199321,1010.452
1549565199357,1010.452
1549565199397,1010.452
1549565199437,1010.4629
1549565199511,1010.4629
1549565199511,1010.4629
1549565199550,1010.4629
1549565199588,1010.47943
1549565199627,1010.47943
1549565199668,1010.47943
1549565199703,1010.47943
1549565199741,1010.49194
1549565199782,1010.49194
1549565199821,1010.49194
1549565199859,1010.49194
1549565199894,1010.50543
1549565199935,1010.50543
1549565199975,1010.50543
1549565200012,1010.50543
1549565200051,1010.52136
1549565200088,1010.52136
1549565200126,1010.52136
1549565200168,1010.52136
1549565200203,1010.5356
1549565200241,1010.5356
1549565200280,1010.5356
1549565200319,1010.5356
1549565200359,1010.5565
1549565200394,1010.5565
1549565200436,1010.5565
1549565200473,1010.5565
1549565200511,1010.57306
1549565200550,1010.57306
1549565200588,1010.57306
1549565200627,1010.57306
1549565200669,1010.5856
1549565200702,1010.5856
1549565200741,1010.5856
1549565200779,1010.5856
1549565200822,1010.6015
1549565200856,1010.6015
1549565200897,1010.6015
1549565200934,1010.6015
1549565200973,1010.6335
1549565201012,1010.6335
1549565201060,1010.6335
1549565201089,1010.6335
1549565201126,1010.6434
1549565201171,1010.6434
1549565201201,1010.6434
1549565201242,1010.6434
1549565201280,1010.6559
1549565201318,1010.6559
1549565201356,1010.6559
1549565201396,1010.6559
1549565201434,1010.6684
1549565201472,1010.6684
1549565201511,1010.6684
1549565201551,1010.6684
1549565201589,1010.68097
1549565201627,1010.68097
1549565201668,1010.68097
1549565201701,1010.68097
1549565201741,1010.6875
1549565201779,1010.6875
1549565201819,1010.6875
1549565201856,1010.6875
1549565201896,1010.71173
1549565201934,1010.71173
1549565201973,1010.71173
1549565202014,1010.71173
1549565202050,1010.7344
1549565202089,1010.7344
1549565202126,1010.7344
1549565202164,1010.7344
1549565202202,1010.7516
1549565202242,1010.7516
1549565202281,1010.7516
1549565202317,1010.7516
1549565202358,1010.76483
1549565202398,1010.76483
1549565202435,1010.76483
1549565202473,1010.76483
1549565202511,1010.7807
1549565202551,1010.7807
1549565202588,1010.7807
1549565202629,1010.7807
1549565202702,1010.79663
1549565202702,1010.79663
1549565202740,1010.79663
1549565202780,1010.79663
1549565202817,1010.8048
1549565202856,1010.8048
1549565202895,1010.8048
1549565202936,1010.8048
1549565202974,1010.814
1549565203012,1010.814
1549565203048,1010.814
1549565203087,1010.814
1549565203126,1010.8239
1549565203181,1010.8239
1549565203208,1010.8239
1549565203244,1010.8239
1549565203278,1010.83716
1549565203322,1010.83716
1549565203354,1010.83716
1549565203396,1010.83716
1549565203434,1010.8487
1549565203471,1010.8487
1549565203510,1010.8487
1549565203548,1010.8487
1549565203589,1010.85956
1549565203626,1010.85956
1549565203666,1010.85956
1549565203701,1010.85956
1549565203739,1010.86475
1549565203780,1010.86475
1549565203820,1010.86475
1549565203856,1010.86475
1549565203894,1010.8763
1549565203933,1010.8763
1549565203972,1010.8763
1549565204012,1010.8763
1549565204049,1010.89386
1549565204087,1010.89386
1549565204126,1010.89386
1549565204164,1010.89386
1549565204204,1010.91046
1549565204241,1010.91046
1549565204282,1010.91046
1549565204320,1010.91046
1549565204357,1010.93134
1549565204396,1010.93134
1549565204433,1010.93134
1549565204471,1010.93134
1549565204510,1010.95654
1549565204550,1010.9395
1549565204587,1010.9395
1549565204625,1010.9395
1549565204669,1010.9395
1549565204702,1010.94604
1549565204740,1010.94604
1549565204779,1010.94604
1549565204820,1010.94604
1549565204856,1010.95184
1549565204894,1010.95184
1549565204934,1010.95184
1549565204973,1010.95184
1549565205010,1010.94696
1549565205050,1010.94696
1549565205090,1010.94696
1549565205125,1010.94696
1549565205166,1010.95
1549565205205,1010.95
1549565205243,1010.95
1549565205280,1010.95
1549565205318,1010.9508
1549565205357,1010.9508
1549565205394,1010.9508
1549565205433,1010.9508
1549565205471,1010.9499
1549565205511,1010.9499
1549565205550,1010.9499
1549565205589,1010.9499
1549565205628,1010.9557
1549565205666,1010.9557
1549565205701,1010.9557
1549565205741,1010.9557
1549565205778,1010.95984
1549565205822,1010.95984
1549565205855,1010.95984
1549565205897,1010.95984
1549565205934,1010.96564
1549565205973,1010.96564
1549565206010,1010.96564
1549565206050,1010.96564
1549565206086,1010.9687
1549565206126,1010.9687
1549565206167,1010.9687
1549565206201,1010.9687
1549565206238,1010.96875
1549565206278,1010.96875
1549565206317,1010.96875
1549565206354,1010.96875
1549565206396,1010.9628
1549565206437,1010.9628
1549565206471,1010.9628
1549565206512,1010.9628
1549565206550,1010.96857
1549565206585,1010.96857
1549565206623,1010.96857
1549565206662,1010.96857
1549565206701,1010.9686
1549565206741,1010.9686
1549565206779,1010.9686
1549565206817,1010.9686
1549565206857,1010.9687
1549565206894,1010.9687
1549565206932,1010.9687
1549565206972,1010.9687
1549565207009,1010.9744
1549565207047,1010.9744
1549565207088,1010.9744
1549565207128,1010.9744
1549565207165,1010.97845
1549565207203,1010.97845
1549565207241,1010.97845
1549565207279,1010.97845
1549565207318,1010.9711
1549565207357,1010.9711
1549565207395,1010.9711
1549565207435,1010.9711
1549565207470,1010.96844
1549565207510,1010.96844
1549565207549,1010.96844
1549565207585,1010.96844
1549565207624,1010.97784
1549565207666,1010.97784
1549565207710,1010.97784
1549565207739,1010.97784
1549565207780,1010.9752
1549565207815,1010.9752
1549565207854,1010.9752
1549565207893,1010.9752
1549565207932,1010.9786
1549565207970,1010.9786
1549565208009,1010.9786
1549565208046,1010.9786
1549565208085,1010.98694
1549565208125,1010.98694
1549565208165,1010.98694
1549565208200,1010.98694
1549565208238,1010.9997
1549565208281,1010.9997
1549565208318,1010.9997
1549565208353,1010.9997
1549565208392,1011.007
1549565208432,1011.007
1549565208471,1011.007
1549565208508,1011.007
1549565208546,1011.0053
1549565208585,1011.0053
1549565208631,1011.0053
1549565208665,1011.0053
1549565208702,1011.0123
1549565208739,1011.0123
1549565208779,1011.0123
1549565208819,1011.0123
1549565208854,1011.0096
1549565208893,1011.0096
1549565208931,1011.0096
1549565208971,1011.0096
1549565209011,1011.00726
1549565209047,1011.00726
1549565209087,1011.00726
1549565209123,1011.00726
1549565209168,1011.0099
1549565209200,1011.0099
1549565209238,1011.0099
1549565209277,1011.0099
1549565209315,1011.01056
1549565209354,1011.01056
1549565209400,1011.01056
1549565209435,1011.01056
1549565209470,1011.0091
1549565209508,1011.0091
1549565209546,1011.0091
1549565209585,1011.0091
1549565209624,1011.0064
1549565209662,1011.0064
1549565209702,1011.0064
1549565209742,1011.0064
1549565209777,1011.01337
1549565209815,1011.01337
1549565209854,1011.01337
1549565209893,1011.01337
1549565209934,1011.0133
1549565209970,1011.0133
1549565210008,1011.0133
1549565210046,1011.0133
1549565210086,1011.0109
1549565210123,1011.0109
1549565210162,1011.0109
1549565210201,1011.0109
1549565210240,1011.00415
1549565210279,1011.00415
1549565210316,1011.00415
1549565210354,1011.00415
1549565210395,1011.01013
1549565210433,1011.01013
1549565210468,1011.01013
1549565210507,1011.01013
1549565210548,1011.02045
1549565210597,1011.02045
1549565210628,1011.02045
1549565210661,1011.02045
1549565210705,1011.0153
1549565210738,1011.0153
1549565210777,1011.0153
1549565210829,1011.0153
1549565210854,1011.0136
1549565210892,1011.0136
1549565210930,1011.0136
1549565210968,1011.0136
1549565211009,1011.01056
1549565211046,1011.01056
1549565211088,1011.01056
1549565211122,1011.01056
1549565211162,1011.00543
1549565211204,1011.00543
1549565211237,1011.00543
1549565211278,1011.00543
1549565211314,1011.0057
1549565211353,1011.0057
1549565211397,1011.0057
1549565211430,1011.0057
1549565211469,1011.0124
1549565211507,1011.0124
1549565211546,1011.0124
1549565211584,1011.0124
1549565211623,1011.02167
1549565211660,1011.02167
1549565211699,1011.02167
1549565211738,1011.02167
1549565211776,1011.0226
1549565211816,1011.0226
1549565211853,1011.0226
1549565211893,1011.0226
1549565211930,1011.04297
1549565211968,1011.04297
1549565212008,1011.04297
1549565212045,1011.04297
1549565212083,1011.101
1549565212124,1011.101
1549565212161,1011.101
1549565212198,1011.101
1549565212239,1011.0868
1549565212277,1011.0868
1549565212316,1011.0868
1549565212352,1011.0868
1549565212393,1011.0246
1549565212429,1011.0246
1549565212468,1011.0246
1549565212506,1011.0246
1549565212546,1011.01373
1549565212586,1011.01373
1549565212624,1011.01373
1549565212663,1011.01373
1549565212698,1011.0717
1549565212738,1011.0717
1549565212780,1011.0717
1549565212814,1011.0717
1549565212852,1011.0636
1549565212893,1011.0636
1549565212929,1011.0636
1549565212968,1011.0636
1549565213010,1011.12164
1549565213046,1011.12164
1549565213086,1011.12164
1549565213128,1011.12164
1549565213160,1011.0443
1549565213200,1011.0443
1549565213237,1011.0443
1549565213275,1011.0443
1549565213314,1011.05365
1549565213352,1011.05365
1549565213391,1011.05365
1549565213429,1011.05365
1549565213468,1010.984
1549565213507,1010.984
1549565213545,1010.984
1549565213583,1010.984
1549565213622,1010.9245
1549565213663,1010.9245
1549565213699,1010.9245
1549565213737,1010.9245
1549565213775,1010.8918
1549565213814,1010.8918
1549565213853,1010.8918
1549565213892,1010.8918
1549565213930,1010.9162
1549565213967,1010.9162
1549565214006,1010.9162
1549565214045,1010.9162
1549565214084,1010.9299
1549565214122,1010.9299
1549565214159,1010.9299
1549565214199,1010.9299
1549565214237,1010.94525
1549565214277,1010.94525
1549565214316,1010.94525
1549565214357,1010.94525
1549565214392,1010.9495
1549565214431,1010.9495
1549565214469,1010.9495
1549565214506,1010.9495
1549565214545,1010.96716
1549565214586,1010.96716
1549565214622,1010.96716
1549565214660,1010.96716
1549565214754,1010.96643
1549565214754,1010.96643
1549565214828,1010.96643
1549565214828,1010.96643
1549565214876,1010.9731
1549565214920,1010.9731
1549565214935,1010.9731
1549565214970,1010.9731
1549565215007,1010.98175
1549565215047,1010.98175
1549565215090,1010.98175
1549565215121,1010.98175
1549565215159,1010.9834
1549565215199,1010.99176
1549565215236,1010.99176
1549565215275,1010.99176
1549565215313,1010.99176
1549565215352,1010.9947
1549565215392,1010.9947
1549565215428,1010.9947
1549565215467,1010.9947
1549565215511,1010.9946
1549565215545,1010.9946
1549565215583,1010.9946
1549565215621,1010.9946
1549565215662,1010.99225
1549565215701,1010.99225
1549565215736,1010.99225
1549565215774,1010.99225
1549565215814,1010.9929
1549565215858,1010.9929
1549565215890,1010.9929
1549565215927,1010.9929
1549565215966,1010.98114
1549565216058,1010.98114
1549565216059,1010.98114
1549565216093,1010.98114
1549565216126,1010.97876
1549565216159,1010.97876
1549565216198,1010.97876
1549565216237,1010.97876
1549565216277,1010.9814
1549565216312,1010.9814
1549565216351,1010.9814
1549565216392,1010.9814
1549565216429,1010.9787
1549565216469,1010.9787
1549565216508,1010.9787
1549565216548,1010.9787
1549565216582,1010.9787
1549565216621,1010.9787
1549565216667,1010.9787
1549565216710,1010.9787
1549565216735,1010.9797
1549565216777,1010.9797
1549565216814,1010.9797
1549565216851,1010.9797
1549565216892,1010.98065
1549565216930,1010.98065
1549565216966,1010.98065
1549565217007,1010.98065
1549565217044,1010.97656
1549565217082,1010.97656
1549565217120,1010.97656
1549565217160,1010.97656
1549565217197,1010.97156
1549565217236,1010.97156
1549565217275,1010.97156
1549565217313,1010.97156
1549565217352,1010.97723
1549565217390,1010.97723
1549565217429,1010.97723
1549565217471,1010.97723
1549565217510,1010.9832
1549565217550,1010.9832
1549565217584,1010.9832
1549565217623,1010.9832
1549565217665,1010.9866
1549565217700,1010.9866
1549565217736,1010.9866
1549565217778,1010.9866
1549565217815,1010.9959
1549565217854,1010.9959
1549565217891,1010.9959
1549565217929,1010.9959
1549565217968,1010.99493
1549565218006,1010.99493
1549565218045,1010.99493
1549565218085,1010.99493
1549565218122,1010.9892
1549565218160,1010.9892
1549565218202,1010.9892
1549565218237,1010.9892
1549565218276,1010.98846
1549565218314,1010.98846
1549565218354,1010.98846
1549565218391,1010.98846
1549565218429,1010.9841
1549565218468,1010.9841
1549565218512,1010.9841
1549565218545,1010.9841
1549565218584,1010.98267
1549565218622,1010.98267
1549565218661,1010.98267
1549565218718,1010.98267
1549565218738,1010.9893
1549565218775,1010.9893
1549565218814,1010.9893
1549565218856,1010.9893
1549565218890,1010.9852
1549565218931,1010.9852
1549565218970,1010.9852
1549565219006,1010.9852
1549565219045,1010.98517
1549565219094,1010.98517
1549565219123,1010.98517
1549565219159,1010.98517
1549565219197,1010.9888
1549565219243,1010.9888
1549565219274,1010.9888
1549565219313,1010.9888
1549565219354,1010.9988
1549565219392,1010.9988
1549565219430,1010.9988
1549565219468,1010.9988
1549565219506,1010.992
1549565219548,1010.992
1549565219582,1010.992
1549565219626,1010.992
1549565219659,1010.99225
1549565219702,1010.99225
1549565219735,1010.99225
1549565219777,1010.99225
1549565219816,1010.9871
1549565219853,1010.9871
1549565219893,1010.9871
1549565219930,1010.9871
1549565219969,1010.9871
1549565220007,1010.9871
1549565220044,1010.9871
1549565220081,1010.9871
1549565220122,1010.984
1549565220158,1010.984
1549565220198,1010.984
1549565220236,1010.984
1549565220275,1010.9856
1549565220315,1010.9856
1549565220355,1010.9856
1549565220393,1010.9856
1549565220432,1010.9825
1549565220469,1010.9825
1549565220506,1010.9825
1549565220547,1010.9825
1549565220583,1010.9875
1549565220623,1010.9875
1549565220660,1010.9875
1549565220698,1010.9875
1549565220737,1010.9867
1549565220776,1010.9867
1549565220815,1010.9867
1549565220853,1010.9867
1549565220891,1010.9893
1549565220929,1010.9893
1549565220969,1010.9893
1549565221006,1010.9893
1549565221049,1010.98956
1549565221086,1010.98956
1549565221120,1010.98956
1549565221160,1010.98956
1549565221197,1010.98944
1549565221242,1010.98944
1549565221274,1010.98944
1549565221315,1010.98944
1549565221355,1010.99445
1549565221388,1010.99445
1549565221427,1010.99445
1549565221480,1010.99445
1549565221513,1010.9897
1549565221543,1010.9897
1549565221581,1010.9897
1549565221621,1010.9897
1549565221659,1010.99054
1549565221697,1010.99054
1549565221734,1010.99054
1549565221774,1010.99054
1549565221814,1010.98883
1549565221850,1010.98883
1549565221888,1010.98883
1549565221931,1010.98883
1549565221970,1010.9874
1549565222007,1010.9874
1549565222044,1010.9874
1549565222082,1010.9874
1549565222121,1010.98663
1549565222159,1010.98663
1549565222199,1010.98663
1549565222237,1010.98663
1549565222275,1010.99493
1549565222312,1010.99493
1549565222353,1010.99493
1549565222390,1010.99493
1549565222430,1011.0251
1549565222467,1011.0251
1549565222505,1011.0251
1549565222544,1011.0251
1549565222584,1011.0462
1549565222621,1011.0462
1549565222658,1011.0462
1549565222697,1011.0462
1549565222758,1010.9883
1549565222776,1010.9883
1549565222813,1010.9883
1549565222851,1010.9883
1549565222890,1010.9768
1549565222928,1010.9768
1549565222966,1010.9768
1549565223007,1010.9768
1549565223043,1011.0062
1549565223085,1011.0062
1549565223127,1011.0062
1549565223159,1011.0062
1549565223210,1011.0196
1549565223239,1011.0196
1549565223275,1011.0196
1549565223313,1011.0196
1549565223351,1011.04065
1549565223392,1011.04065
1549565223428,1011.04065
1549565223550,1011.04065
1549565223550,1011.0197
1549565223551,1011.0197
1549565223580,1011.0197
1549565223621,1011.0197
1549565223657,1011.0183
1549565223697,1011.0183
1549565223737,1011.0183
1549565223773,1011.0183
1549565223812,1011.03766
1549565223860,1011.03766
1549565223888,1011.03766
1549565223929,1011.03766
1549565223965,1011.02924
1549565224006,1011.02924
1549565224044,1011.02924
1549565224080,1011.02924
1549565224121,1011.0368
1549565224160,1011.0368
1549565224196,1011.0368
1549565224236,1011.0368
1549565224274,1011.0371
1549565224314,1011.0371
1549565224351,1011.0371
1549565224392,1011.0371
1549565224428,1011.04974
1549565224473,1011.04974
1549565224504,1011.04974
1549565224549,1011.04974
1549565224582,1011.0523
1549565224623,1011.0523
1549565224657,1011.0523
1549565224697,1011.0523
1549565224736,1011.0472
1549565224776,1011.0472
1549565224813,1011.0472
1549565224851,1011.0472
1549565224891,1011.0475
1549565224929,1011.0475
1549565224974,1011.0475
1549565225005,1011.0475
1549565225043,1011.039
1549565225091,1011.039
1549565225118,1011.039
1549565225158,1011.039
1549565225195,1011.02545
1549565225238,1011.02545
1549565225273,1011.02545
1549565225314,1011.02545
1549565225350,1011.0257
1549565225389,1011.0257
1549565225427,1011.0257
1549565225465,1011.0257
1549565225504,1011.02094
1549565225543,1011.02094
1549565225582,1011.02094
1549565225621,1011.02094
1549565225657,1011.03186
1549565225697,1011.03186
1549565225737,1011.03186
1549565225773,1011.03186
1549565225811,1011.0345
1549565225850,1011.0345
1549565225887,1011.0345
1549565225927,1011.0345
1549565225964,1011.03436
1549565226002,1011.03436
1549565226041,1011.03436
1549565226079,1011.03436
1549565226121,1011.03436
1549565226157,1011.0463
1549565226197,1011.0463
1549565226234,1011.0463
1549565226274,1011.0463
1549565226311,1011.0429
1549565226349,1011.0429
1549565226387,1011.0429
1549565226426,1011.0429
1549565226467,1011.04315
1549565226504,1011.04315
1549565226541,1011.04315
1549565226583,1011.04315
1549565226619,1011.04474
1549565226657,1011.04474
1549565226697,1011.04474
1549565226735,1011.04474
1549565226774,1011.0514
1549565226810,1011.0514
1549565226852,1011.0514
1549565226889,1011.0514
1549565226926,1011.0523
1549565226968,1011.0523
1549565227004,1011.0523
1549565227045,1011.0523
1549565227082,1011.0441
1549565227124,1011.0441
1549565227156,1011.0441
1549565227195,1011.0441
1549565227240,1011.0434
1549565227274,1011.0434
1549565227311,1011.0434
1549565227349,1011.0434
1549565227389,1011.0399
1549565227427,1011.0399
1549565227465,1011.0399
1549565227504,1011.0399
1549565227542,1011.0385
1549565227580,1011.0385
1549565227627,1011.0385
1549565227657,1011.0385
1549565227697,1011.0394
1549565227735,1011.0394
1549565227773,1011.0394
1549565227811,1011.0394
1549565227849,1011.0461
1549565227887,1011.0461
1549565227932,1011.0461
1549565227966,1011.0461
1549565228004,1011.0362
1549565228045,1011.0362
1549565228082,1011.0362
1549565228124,1011.0362
1549565228157,1011.0294
1549565228196,1011.0294
1549565228235,1011.0294
1549565228274,1011.0294
1549565228312,1011.0193
1549565228352,1011.0193
1549565228389,1011.0193
1549565228426,1011.0193
1549565228467,1010.9994
1549565228504,1010.9994
1549565228545,1010.9994
1549565228582,1010.9994
1549565228621,1010.9868
1549565228659,1010.9868
1549565228697,1010.9868
1549565228736,1010.9868
1549565228772,1010.96826
1549565228811,1010.96826
1549565228855,1010.96826
1549565228888,1010.96826
1549565228929,1010.9474
1549565228967,1010.9474
1549565229003,1010.9474
1549565229044,1010.9474
1549565229080,1010.9339
1549565229125,1010.9339
1549565229158,1010.9339
1549565229195,1010.9339
1549565229233,1010.91565
1549565229274,1010.91565
1549565229313,1010.91565
1549565229351,1010.91565
1549565229388,1010.89374
1549565229428,1010.89374
1549565229466,1010.89374
1549565229504,1010.89374
1549565229542,1010.87714
1549565229580,1010.87714
1549565229621,1010.87714
1549565229658,1010.87714
1549565229696,1010.86566
1549565229735,1010.86566
1549565229774,1010.86566
1549565229812,1010.86566
1549565229851,1010.8548
1549565229887,1010.8548
1549565229925,1010.8548
1549565229968,1010.8548
1549565230003,1010.83453
1549565230041,1010.83453
1549565230081,1010.83453
1549565230123,1010.83453
1549565230156,1010.8264
1549565230195,1010.8264
1549565230235,1010.8264
1549565230275,1010.8264
1549565230311,1010.8045
1549565230349,1010.8045
1549565230388,1010.8045
1549565230427,1010.8045
1549565230466,1010.79193
1549565230521,1010.79193
1549565230542,1010.79193
1549565230582,1010.79193
1549565230620,1010.77673
1549565230657,1010.77673
1549565230696,1010.77673
1549565230739,1010.77673
1549565230772,1010.7585
1549565230810,1010.7585
1549565230849,1010.7585
1549565230887,1010.7585
1549565230927,1010.74835
1549565230967,1010.74835
1549565231005,1010.74835
1549565231046,1010.74835
1549565231082,1010.7425
1549565231119,1010.7425
1549565231158,1010.7425
1549565231194,1010.7425
1549565231235,1010.7299
1549565231272,1010.7299
1549565231311,1010.7299
1549565231350,1010.7299
1549565231388,1010.715
1549565231426,1010.715
1549565231468,1010.715
1549565231503,1010.715
1549565231542,1010.69916
1549565231581,1010.69916
1549565231623,1010.69916
1549565231659,1010.69916
1549565231695,1010.6883
1549565231734,1010.6883
1549565231773,1010.6883
1549565231811,1010.6883
1549565231848,1010.674
1549565231890,1010.674
1549565231927,1010.674
1549565231963,1010.674
1549565232003,1010.6588
1549565232042,1010.6588
1549565232079,1010.6588
1549565232119,1010.6588
1549565232159,1010.64795
1549565232197,1010.64795
1549565232235,1010.64795
1549565232273,1010.64795
1549565232313,1010.6364
1549565232349,1010.6364
1549565232388,1010.6364
1549565232426,1010.6364
1549565232468,1010.62286
1549565232502,1010.62286
1549565232545,1010.62286
1549565232581,1010.62286
1549565232617,1010.60864
1549565232669,1010.60864
1549565232694,1010.60864
1549565232736,1010.60864
1549565232772,1010.6005
1549565232811,1010.6005
1549565232849,1010.6005
1549565232887,1010.6005
1549565232928,1010.587
1549565232962,1010.587
1549565233004,1010.587
1549565233042,1010.587
1549565233080,1010.5718
1549565233117,1010.5718
1549565233165,1010.5718
1549565233195,1010.5718
1549565233234,1010.5592
1549565233272,1010.5592
1549565233311,1010.5592
1549565233349,1010.5592
1549565233393,1010.5527
1549565233425,1010.5527
1549565233463,1010.5527
1549565233503,1010.5527
1549565233542,1010.5428
1549565233580,1010.5428
1549565233620,1010.5428
1549565233657,1010.5428
1549565233694,1010.5336
1549565233736,1010.5336
1549565233772,1010.5336
1549565233811,1010.5336
1549565233848,1010.516
1549565233888,1010.516
1549565233926,1010.516
1549565233963,1010.516
1549565234004,1010.51184
1549565234042,1010.51184
1549565234083,1010.51184
1549565234119,1010.51184
1549565234159,1010.4916
1549565234194,1010.4916
1549565234233,1010.4916
1549565234273,1010.4916
1549565234311,1010.48175
1549565234348,1010.48175
1549565234388,1010.48175
1549565234426,1010.48175
1549565234464,1010.4622
1549565234503,1010.4622
1549565234542,1010.4622
1549565234581,1010.4622
1549565234620,1010.44904
1549565234659,1010.44904
1549565234694,1010.44904
1549565234736,1010.44904
1549565234771,1010.44293
1549565234809,1010.44293
1549565234848,1010.44293
1549565234889,1010.44293
1549565234924,1010.4288
1549565234965,1010.4288
1549565235005,1010.4288
1549565235042,1010.4288
1549565235081,1010.43304
1549565235117,1010.43304
1549565235162,1010.43304
1549565235197,1010.43304
1549565235234,1010.41626
1549565235273,1010.41626
1549565235313,1010.41626
1549565235349,1010.41626
1549565235390,1010.4068
1549565235425,1010.4068
1549565235464,1010.4068
1549565235503,1010.4068
1549565235542,1010.3934
1549565235579,1010.3934
1549565235619,1010.3934
1549565235657,1010.3934
1549565235696,1010.3859
1549565235736,1010.3859
1549565235771,1010.3859
1549565235814,1010.3859
1549565235849,1010.37585
1549565235891,1010.37585
1549565235926,1010.37585
1549565235967,1010.37585
1549565236001,1010.3658
1549565236044,1010.3658
1549565236079,1010.3658
1549565236119,1010.3658
1549565236158,1010.34894
1549565236193,1010.34894
1549565236233,1010.34894
1549565236274,1010.34894
1549565236311,1010.33716
1549565236350,1010.33716
1549565236387,1010.33716
1549565236428,1010.33716
1549565236462,1010.3288
1549565236503,1010.3288
1549565236542,1010.3288
1549565236580,1010.3288
1549565236617,1010.323
1549565236656,1010.323
1549565236695,1010.323
1549565236737,1010.323
1549565236772,1010.3086
1549565236812,1010.3086
1549565236848,1010.3086
1549565236887,1010.3086
1549565236927,1010.30286
1549565236967,1010.30286
1549565237002,1010.30286
1549565237040,1010.30286
1549565237081,1010.28937
1549565237119,1010.2934
1549565237157,1010.2934
1549565237193,1010.2934
1549565237236,1010.2934
1549565237272,1010.28326
1549565237310,1010.28326
1549565237347,1010.28326
1549565237386,1010.28326
1549565237424,1010.2624
1549565237463,1010.2624
1549565237502,1010.2624
1549565237542,1010.2624
1549565237580,1010.2516
1549565237617,1010.2516
1549565237658,1010.2516
1549565237695,1010.2516
1549565237734,1010.2358
1549565237769,1010.2358
1549565237810,1010.2358
1549565237854,1010.2358
1549565237886,1010.22565
1549565237926,1010.22565
1549565237963,1010.22565
1549565238003,1010.22565
1549565238039,1010.2112
1549565238083,1010.2112
1549565238118,1010.2112
1549565238175,1010.2112
1549565238194,1010.191
1549565238230,1010.191
1549565238269,1010.191
1549565238308,1010.191
1549565238347,1010.16675
1549565238385,1010.16675
1549565238426,1010.16675
1549565238465,1010.16675
1549565238500,1010.1459
1549565238540,1010.1459
1549565238580,1010.1459
1549565238617,1010.1459
1549565238654,1010.13306
1549565238694,1010.13306
1549565238734,1010.13306
1549565238772,1010.13306
1549565238810,1010.123
1549565238848,1010.123
1549565238886,1010.123
1549565238924,1010.123
1549565238965,1010.1148
1549565239012,1010.1148
1549565239041,1010.1148
1549565239078,1010.1148
1549565239117,1010.0812
1549565239158,1010.0812
1549565239195,1010.0812
1549565239234,1010.0812
1549565239268,1010.0633
1549565239308,1010.0633
1549565239350,1010.0633
1549565239384,1010.0633
1549565239424,1010.03235
1549565239464,1010.03235
1549565239508,1010.03235
1549565239541,1010.03235
1549565239581,1010.00366
1549565239616,1010.00366
1549565239657,1010.00366
1549565239693,1010.00366
1549565239732,1009.9854
1549565239771,1009.9854
1549565239809,1009.9854
1549565239848,1009.9854
1549565239890,1009.9696
1549565239925,1009.9696
1549565239963,1009.9696
1549565240002,1009.9696
1549565240040,1009.9568
1549565240078,1009.9568
1549565240119,1009.9568
1549565240155,1009.9568
1549565240194,1009.9553
1549565240234,1009.9553
1549565240271,1009.9553
1549565240308,1009.9553
1549565240349,1009.961
1549565240386,1009.961
1549565240426,1009.961
1549565240464,1009.961
1549565240501,1009.96967
1549565240541,1009.96967
1549565240580,1009.96967
1549565240619,1009.96967
1549565240658,1009.96857
1549565240693,1009.96857
1549565240733,1009.96857
1549565240773,1009.96857
1549565240808,1009.96454
1549565240848,1009.96454
1549565240888,1009.96454
1549565240924,1009.96454
1549565240964,1009.9688
1549565241004,1009.9688
1549565241044,1009.9688
1549565241082,1009.9688
1549565241116,1009.9654
1549565241155,1009.9654
1549565241195,1009.9654
1549565241231,1009.9654
1549565241272,1009.9764
1549565241307,1009.9764
1549565241346,1009.9764
1549565241387,1009.9764
1549565241423,1009.9706
1549565241462,1009.9706
1549565241502,1009.9706
1549565241540,1009.9706
1549565241579,1009.97217
1549565241616,1009.97217
1549565241655,1009.97217
1549565241697,1009.97217
1549565241733,1009.97986
1549565241770,1009.97986
1549565241809,1009.97986
1549565241848,1009.97986
1549565241886,1009.96967
1549565241924,1009.96967
1549565241963,1009.96967
1549565242002,1009.96967
1549565242039,1009.9622
1549565242078,1009.9622
1549565242118,1009.9622
1549565242155,1009.9622
1549565242196,1009.9588
1549565242232,1009.9588
1549565242271,1009.9588
1549565242307,1009.9588
1549565242347,1009.93787
1549565242384,1009.93787
1549565242425,1009.93787
1549565242462,1009.93787
1549565242501,1009.94116
1549565242542,1009.94116
1549565242578,1009.94116
1549565242616,1009.94116
1549565242655,1009.9465
1549565242691,1009.9465
1549565242732,1009.9465
1549565242771,1009.9465
1549565242811,1009.9598
1549565242848,1009.9598
1549565242884,1009.9598
1549565242923,1009.9598
1549565242964,1009.96246
1549565243002,1009.96246
1549565243040,1009.96246
1549565243076,1009.96246
1549565243128,1009.96674
1549565243154,1009.96674
1549565243198,1009.96674
1549565243230,1009.96674
1549565243269,1009.97266
1549565243308,1009.97266
1549565243345,1009.97266
1549565243387,1009.97266
1549565243424,1009.96826
1549565243467,1009.96826
1549565243499,1009.96826
1549565243539,1009.96826
1549565243577,1009.96686
1549565243617,1009.96686
1549565243652,1009.96686
1549565243695,1009.96686
1549565243730,1009.96075
1549565243768,1009.96075
1549565243807,1009.96075
1549565243850,1009.96075
1549565243885,1009.95496
1549565243922,1009.95496
1549565243961,1009.95496
1549565244001,1009.95496
1549565244041,1009.95355
1549565244077,1009.95355
1549565244118,1009.95355
1549565244153,1009.95355
1549565244191,1009.9484
1549565244240,1009.9484
1549565244269,1009.9484
1549565244307,1009.9484
1549565244346,1009.91907
1549565244384,1009.91907
1549565244423,1009.91907
1549565244463,1009.91907
1549565244505,1009.9291
1549565244539,1009.9291
1549565244576,1009.9291
1549565244617,1009.9291
1549565244654,1009.9475
1549565244691,1009.9475
1549565244730,1009.9475
1549565244772,1009.9475
1549565244808,1009.9602
1549565244845,1009.9602
1549565244886,1009.9602
1549565244923,1009.9602
1549565244963,1009.9685
1549565245003,1009.9685
1549565245039,1009.9685
1549565245076,1009.9685
1549565245113,1009.9644
1549565245152,1009.9644
1549565245194,1009.9644
1549565245231,1009.9644
1549565245277,1009.9697
1549565245306,1009.9697
1549565245346,1009.9697
1549565245383,1009.9697
1549565245421,1010.05707
1549565245468,1010.05707
1549565245499,1010.05707
1549565245536,1010.05707
1549565245575,1010.0469
1549565245615,1010.0469
1549565245653,1010.0469
1549565245693,1010.0469
1549565245730,1010.0865
1549565245768,1010.0865
1549565245809,1010.0865
1549565245847,1010.0865
1549565245884,1010.069
1549565245922,1010.069
1549565245961,1010.069
1549565245999,1010.069
1549565246041,1010.0252
1549565246075,1010.0252
1549565246115,1010.0252
1549565246152,1010.0252
1549565246196,1009.90906
1549565246233,1009.90906
1549565246267,1009.90906
1549565246306,1009.90906
1549565246347,1009.8404
1549565246383,1009.8404
1549565246422,1009.8404
1549565246478,1009.8404
1549565246543,1009.8276
1549565246543,1009.8276
1549565246577,1009.8276
1549565246615,1009.8276
1549565246652,1009.8352
1549565246694,1009.8352
1549565246730,1009.8352
1549565246768,1009.8352
1549565246808,1009.8497
1549565246844,1009.8497
1549565246883,1009.8497
1549565246921,1009.8497
1549565246961,1009.8506
1549565247005,1009.8506
1549565247038,1009.8506
1549565247075,1009.8506
1549565247115,1009.8529
1549565247173,1009.8529
1549565247193,1009.8529
1549565247230,1009.8529
1549565247267,1009.8481
1549565247306,1009.8481
1549565247345,1009.8481
1549565247384,1009.8481
1549565247421,1009.85376
1549565247459,1009.85376
1549565247497,1009.85376
1549565247541,1009.85376
1549565247575,1009.8594
1549565247613,1009.8594
1549565247652,1009.8594
1549565247690,1009.8594
1549565247729,1009.8701
1549565247767,1009.8701
1549565247806,1009.8701
1549565247843,1009.8701
1549565247882,1009.8593
1549565247959,1009.8593
1549565247959,1009.8593
1549565248032,1009.8593
1549565248037,1009.8609
1549565248093,1009.8609
1549565248118,1009.8609
1549565248151,1009.8609
1549565248190,1009.8609
1549565248228,1009.8551
1549565248269,1009.8551
1549565248306,1009.8551
1549565248343,1009.8551
1549565248384,1009.86206
1549565248421,1009.86206
1549565248460,1009.86206
1549565248497,1009.86206
1549565248538,1009.8728
1549565248575,1009.8728
1549565248613,1009.8728
1549565248653,1009.8728
1549565248695,1009.8831
1549565248728,1009.8831
1549565248768,1009.8831
1549565248806,1009.8831
1549565248844,1009.88544
1549565248883,1009.88544
1549565248921,1009.88544
1549565248958,1009.88544
1549565248998,1009.8753
1549565249109,1009.8753
1549565249110,1009.8753
1549565249126,1009.8753
1549565249153,1009.8857
1549565249190,1009.8857
1549565249228,1009.8857
1549565249267,1009.8857
1549565249305,1009.8924
1549565249344,1009.8924
1549565249381,1009.8924
1549565249422,1009.8924
1549565249459,1009.89734
1549565249497,1009.89734
1549565249536,1009.89734
1549565249575,1009.89734
1549565249613,1009.89996
1549565249651,1009.89996
1549565249688,1009.89996
1549565249728,1009.89996
1549565249776,1009.89386
1549565249815,1009.89386
1549565249847,1009.89386
1549565249886,1009.89386
1549565249922,1009.89484
1549565249960,1009.89484
1549565249998,1009.89484
1549565250036,1009.89484
1549565250090,1009.8941
1549565250114,1009.8941
1549565250150,1009.8941
1549565250198,1009.8941
1549565250228,1009.9018
