1549565366288,1011.13837
1549565366288,1011.13837
1549565366316,1011.13837
1549565366353,1011.13837
1549565366391,1011.16156
1549565366431,1011.16156
1549565366468,1011.16156
1549565366507,1011.16156
1549565366548,1011.16876
1549565366585,1011.16876
1549565366624,1011.16876
1549565366663,1011.16876
1549565366702,1011.20026
1549565366738,1011.20026
1549565366776,1011.20026
1549565366819,1011.20026
1549565366853,1011.1955
1549565366896,1011.1955
1549565366931,1011.1955
1549565366969,1011.1955
1549565367010,1011.21985
1549565367047,1011.21985
1549565367084,1011.21985
1549565367124,1011.21985
1549565367162,1011.23004
1549565367203,1011.23004
1549565367239,1011.23004
1549565367278,1011.23004
1549565367318,1011.21375
1549565367354,1011.21375
1549565367393,1011.21375
1549565367434,1011.21375
1549565367469,1011.2168
1549565367516,1011.2168
1549565367551,1011.2168
1549565367591,1011.2168
1549565367622,1011.27563
1549565367661,1011.27563
1549565367699,1011.27563
1549565367738,1011.27563
1549565367775,1011.2753
1549565367814,1011.2753
1549565367854,1011.2753
1549565367892,1011.2753
1549565367930,1011.2586
1549565367968,1011.2586
1549565368007,1011.2586
1549565368047,1011.2586
1549565368088,1011.2512
1549565368144,1011.2512
1549565368189,1011.2512
1549565368198,1011.2512
1549565368242,1011.2465
1549565368278,1011.2465
1549565368314,1011.2465
1549565368356,1011.2465
1549565368391,1011.2519
1549565368431,1011.2519
1549565368471,1011.2519
1549565368507,1011.2519
1549565368546,1011.304
1549565368583,1011.304
1549565368627,1011.304
1549565368661,1011.304
1549565368728,1011.3197
1549565368738,1011.3197
1549565368775,1011.3197
1549565368815,1011.3197
1549565368856,1011.34674
1549565368899,1011.34674
1549565368931,1011.34674
1549565368972,1011.34674
1549565369010,1011.21375
1549565369047,1011.21375
1549565369085,1011.21375
1549565369122,1011.21375
1549565369165,1011.33203
1549565369199,1011.33203
1549565369238,1011.33203
1549565369287,1011.33203
1549565369322,1011.51373
1549565369354,1011.51373
1549565369391,1011.51373
1549565369436,1011.51373
1549565369468,1011.51373
1549565369507,1011.3584
1549565369547,1011.3584
1549565369584,1011.3584
1549565369624,1011.3584
1549565369661,1011.3564
1549565369701,1011.3564
1549565369739,1011.3564
1549565369813,1011.3564
1549565369818,1011.1372
1549565369852,1011.1372
1549565369893,1011.1372
1549565369930,1011.1372
1549565369971,1011.21606
1549565370006,1011.21606
1549565370046,1011.21606
1549565370086,1011.21606
1549565370121,1011.0898
1549565370173,1011.0898
1549565370205,1011.0898
1549565370236,1011.0898
1549565370275,1011.0854
1549565370316,1011.0854
1549565370352,1011.0854
1549565370391,1011.0854
1549565370431,1011.1128
1549565370468,1011.1128
1549565370507,1011.1128
1549565370547,1011.1128
1549565370584,1011.0817
1549565370621,1011.0817
1549565370659,1011.0817
1549565370699,1011.0817
1549565370737,1011.3236
1549565370776,1011.3236
1549565370814,1011.3236
1549565370854,1011.3236
1549565370893,1011.16656
1549565370932,1011.16656
1549565370969,1011.16656
1549565371007,1011.16656
1549565371046,1011.1712
1549565371083,1011.1712
1549565371122,1011.1712
1549565371159,1011.1712
1549565371203,1011.06
1549565371236,1011.06
1549565371277,1011.06
1549565371315,1011.06
1549565371355,1011.0456
1549565371392,1011.0456
1549565371429,1011.0456
1549565371469,1011.0456
1549565371506,1011.1431
1549565371545,1011.1431
1549565371583,1011.1431
1549565371622,1011.1431
1549565371661,1011.0803
1549565371699,1011.0803
1549565371737,1011.0803
1549565371775,1011.0803
1549565371815,1011.0853
1549565371853,1011.0853
1549565371892,1011.0853
1549565371929,1011.0853
1549565371968,1010.9775
1549565372006,1010.9775
1549565372044,1010.9775
1549565372083,1010.9775
1549565372122,1011.26434
1549565372182,1011.26434
1549565372202,1011.26434
1549565372244,1011.26434
1549565372274,1011.09
1549565372314,1011.09
1549565372354,1011.09
1549565372391,1011.09
1549565372442,1011.1291
1549565372467,1011.1291
1549565372506,1011.1291
1549565372544,1011.1291
1549565372583,1011.1197
1549565372623,1011.1197
1549565372660,1011.1197
1549565372697,1011.1197
1549565372740,1011.15247
1549565372776,1011.15247
1549565372813,1011.15247
1549565372851,1011.15247
1549565372894,1011.3853
1549565372930,1011.3853
1549565372967,1011.3853
1549565373005,1011.3853
1549565373044,1011.2266
1549565373082,1011.2266
1549565373124,1011.2266
1549565373161,1011.2266
1549565373198,1011.25336
1549565373238,1011.25336
1549565373277,1011.25336
1549565373316,1011.25336
1549565373352,1011.1692
1549565373390,1011.1692
1549565373428,1011.1692
1549565373466,1011.1692
1549565373506,1011.3512
1549565373544,1011.3512
1549565373582,1011.3512
1549565373620,1011.3512
1549565373659,1011.4404
1549565373698,1011.4404
1549565373736,1011.4404
1549565373776,1011.4404
1549565373816,1011.3101
1549565373852,1011.3101
1549565373894,1011.3101
1549565373930,1011.3101
1549565373968,1011.4488
1549565374005,1011.4488
1549565374046,1011.4488
1549565374083,1011.4488
1549565374122,1011.383
1549565374161,1011.383
1549565374197,1011.383
1549565374235,1011.383
1549565374274,1011.2854
1549565374315,1011.2854
1549565374351,1011.2854
1549565374391,1011.2854
1549565374431,1011.3105
1549565374467,1011.3105
1549565374506,1011.3105
1549565374545,1011.3105
1549565374583,1011.2998
1549565374621,1011.2998
1549565374659,1011.2998
1549565374701,1011.2998
1549565374737,1011.35657
1549565374776,1011.35657
1549565374813,1011.35657
1549565374853,1011.35657
1549565374893,1011.082
1549565374931,1011.082
1549565374969,1011.082
1549565375006,1011.082
1549565375046,1011.01355
1549565375083,1011.01355
1549565375124,1011.01355
1549565375160,1011.01355
1549565375199,1011.063
1549565375241,1011.063
1549565375275,1011.063
1549565375317,1011.063
1549565375353,1011.1976
1549565375391,1011.1976
1549565375428,1011.1976
1549565375468,1011.1976
1549565375507,1011.231
1549565375544,1011.231
1549565375583,1011.231
1549565375622,1011.231
1549565375659,1011.03827
1549565375698,1011.03827
1549565375737,1011.03827
1549565375775,1011.03827
1549565375814,1011.1763
1549565375856,1011.1763
1549565375891,1011.1763
1549565375928,1011.1763
1549565375969,1011.0179
1549565376007,1011.0179
1549565376047,1011.0179
1549565376083,1011.0179
1549565376127,1010.99286
1549565376159,1010.99286
1549565376197,1010.99286
1549565376236,1010.99286
1549565376277,1010.93536
1549565376313,1010.93536
1549565376352,1010.93536
1549565376391,1010.93536
1549565376431,1010.81445
1549565376491,1010.81445
1549565376505,1010.81445
1549565376545,1010.81445
1549565376583,1011.0777
1549565376624,1011.0777
1549565376660,1011.0777
1549565376699,1011.0777
1549565376738,1010.9872
1549565376774,1010.9872
1549565376814,1010.9872
1549565376853,1010.9872
1549565376893,1011.26447
1549565376930,1011.26447
1549565376967,1011.26447
1549565377005,1011.26447
1549565377045,1011.1666
1549565377084,1011.1666
1549565377124,1011.1666
1549565377160,1011.1666
1549565377199,1011.0798
1549565377236,1011.0798
1549565377276,1011.0798
1549565377314,1011.0798
1549565377352,1011.1476
1549565377392,1011.1476
1549565377432,1011.1476
1549565377467,1011.1476
1549565377506,1011.0961
1549565377546,1011.0961
1549565377597,1011.0961
1549565377625,1011.0961
1549565377658,1011.1923
1549565377698,1011.1923
1549565377738,1011.1923
1549565377775,1011.1923
1549565377813,1010.9862
1549565377854,1010.9862
1549565377890,1010.9862
1549565377930,1010.9862
1549565377966,1011.1249
1549565378005,1011.1249
1549565378043,1011.1249
1549565378083,1011.1249
1549565378121,1010.904
1549565378158,1010.904
1549565378197,1010.904
1549565378236,1010.904
1549565378275,1011.0253
1549565378314,1011.0253
1549565378353,1011.0253
1549565378390,1011.0253
1549565378428,1010.94946
1549565378471,1010.94946
1549565378505,1010.94946
1549565378542,1010.94946
1549565378583,1011.01227
1549565378631,1011.01227
1549565378659,1011.01227
1549565378698,1011.01227
1549565378736,1011.2562
1549565378775,1011.2562
1549565378815,1011.2562
1549565378851,1011.2562
1549565378891,1011.0444
1549565378930,1011.0444
1549565378968,1011.0444
1549565379006,1011.0444
1549565379044,1011.2191
1549565379083,1011.2191
1549565379123,1011.2191
1549565379157,1011.2191
1549565379197,1011.20776
1549565379236,1011.20776
1549565379277,1011.20776
1549565379313,1011.20776
1549565379351,1011.20776
1549565379389,1011.08246
1549565379428,1011.08246
1549565379470,1011.08246
1549565379505,1011.08246
1549565379543,1011.1697
1549565379584,1011.1697
1549565379627,1011.1697
1549565379659,1011.1697
1549565379697,1011.1573
1549565379738,1011.1573
1549565379775,1011.1573
1549565379816,1011.1573
1549565379851,1011.18774
1549565379889,1011.18774
1549565379929,1011.18774
1549565379967,1011.18774
1549565380007,1010.96484
1549565380043,1010.96484
1549565380082,1010.96484
1549565380124,1010.96484
1549565380157,1011.1747
1549565380197,1011.1747
1549565380235,1011.1747
1549565380276,1011.1747
1549565380313,1011.03467
1549565380351,1011.03467
1549565380392,1011.03467
1549565380429,1011.03467
1549565380467,1011.0808
1549565380504,1011.0808
1549565380542,1011.0808
1549565380583,1011.0808
1549565380624,1010.99994
1549565380657,1010.99994
1549565380697,1010.99994
1549565380737,1010.99994
1549565380775,1011.021
1549565380812,1011.021
1549565380856,1011.021
1549565380891,1011.021
1549565380928,1011.20245
1549565380967,1011.20245
1549565381006,1011.20245
1549565381043,1011.20245
1549565381082,1011.1015
1549565381121,1011.1015
1549565381158,1011.1015
1549565381197,1011.1015
1549565381234,1011.2272
1549565381274,1011.2272
1549565381313,1011.2272
1549565381351,1011.2272
1549565381389,1010.9291
1549565381428,1010.9291
1549565381465,1010.9291
1549565381510,1010.9291
1549565381544,1011.0788
1549565381581,1011.0788
1549565381627,1011.0788
1549565381663,1011.0788
1549565381696,1010.9461
1549565381736,1010.9461
1549565381776,1010.9461
1549565381814,1010.9461
1549565381852,1011.05237
1549565381891,1011.05237
1549565381929,1011.05237
1549565381968,1011.05237
1549565382007,1011.02997
1549565382043,1011.02997
1549565382082,1011.02997
1549565382126,1011.02997
1549565382158,1010.8956
1549565382196,1010.8956
1549565382234,1010.8956
1549565382275,1010.8956
1549565382324,1011.0988
1549565382349,1011.0988
1549565382388,1011.0988
1549565382428,1011.0988
1549565382466,1010.9711
1549565382505,1010.9711
1549565382546,1010.9711
1549565382581,1010.9711
1549565382620,1011.17267
1549565382659,1011.17267
1549565382696,1011.17267
1549565382742,1011.17267
1549565382774,1010.92303
1549565382813,1010.92303
1549565382852,1010.92303
1549565382889,1010.92303
1549565382927,1010.94604
1549565382966,1010.94604
1549565383003,1010.94604
1549565383041,1010.94604
1549565383080,1010.81335
1549565383118,1010.81335
1549565383157,1010.81335
1549565383195,1010.81335
1549565383235,1010.89624
1549565383274,1010.89624
1549565383313,1010.89624
1549565383354,1010.89624
1549565383388,1010.9373
1549565383429,1010.9373
1549565383466,1010.9373
1549565383505,1010.9373
1549565383544,1010.8481
1549565383581,1010.8481
1549565383624,1010.8481
1549565383657,1010.8481
1549565383696,1011.05133
1549565383743,1011.05133
1549565383774,1011.05133
1549565383811,1011.05133
1549565383851,1010.942
1549565383888,1010.942
1549565383927,1010.942
1549565383967,1010.942
1549565384017,1011.26056
1549565384042,1011.26056
1549565384082,1011.26056
1549565384120,1011.26056
1549565384160,1011.1245
1549565384196,1011.1245
1549565384238,1011.1245
1549565384282,1011.1245
1549565384313,1010.97675
1549565384351,1010.97675
1549565384388,1010.97675
1549565384430,1010.97675
1549565384465,1010.98444
1549565384504,1010.98444
1549565384545,1010.98444
1549565384580,1010.98444
1549565384620,1010.96136
1549565384658,1010.96136
1549565384697,1010.96136
1549565384735,1010.96136
1549565384772,1011.0048
1549565384811,1011.0048
1549565384852,1011.0048
1549565384888,1011.0048
1549565384927,1010.7969
1549565384981,1010.7969
1549565385004,1010.7969
1549565385041,1010.7969
1549565385081,1011.09235
1549565385119,1011.09235
1549565385157,1011.09235
1549565385196,1011.09235
1549565385234,1010.87274
1549565385272,1010.87274
1549565385311,1010.87274
1549565385351,1010.87274
1549565385388,1010.9757
1549565385428,1010.9757
1549565385466,1010.9757
1549565385504,1010.9757
1549565385543,1010.9316
1549565385580,1010.9316
1549565385621,1010.9316
1549565385657,1010.9316
1549565385696,1010.90814
1549565385734,1010.90814
1549565385773,1010.90814
1549565385814,1010.90814
1549565385876,1011.079
1549565385888,1011.079
1549565385925,1011.079
1549565385965,1011.079
1549565386004,1010.98804
1549565386045,1010.98804
1549565386082,1010.98804
1549565386121,1010.98804
1549565386157,1011.04315
1549565386195,1011.04315
1549565386234,1011.04315
1549565386273,1011.04315
1549565386311,1010.70483
1549565386351,1010.70483
1549565386388,1010.70483
1549565386426,1010.70483
1549565386464,1010.771
1549565386504,1010.771
1549565386546,1010.771
1549565386583,1010.771
1549565386618,1010.60583
1549565386657,1010.60583
1549565386696,1010.60583
1549565386734,1010.60583
1549565386773,1010.7563
1549565386812,1010.7563
1549565386850,1010.7563
1549565386888,1010.7563
1549565386929,1010.6747
1549565386966,1010.6747
1549565387005,1010.6747
1549565387042,1010.6747
1549565387080,1010.7232
1549565387118,1010.7232
1549565387156,1010.7232
1549565387197,1010.7232
1549565387244,1010.93475
1549565387272,1010.93475
1549565387312,1010.93475
1549565387352,1010.93475
1549565387389,1010.85785
1549565387428,1010.85785
1549565387467,1010.85785
1549565387508,1010.85785
1549565387545,1011.0852
1549565387580,1011.0852
1549565387620,1011.0852
1549565387661,1011.0852
1549565387696,1010.8184
1549565387734,1010.8184
1549565387772,1010.8184
1549565387815,1010.8184
1549565387851,1010.8495
1549565387888,1010.8495
1549565387927,1010.8495
1549565387965,1010.8495
1549565388003,1010.69
1549565388040,1010.69
1549565388080,1010.69
1549565388118,1010.69
1549565388155,1010.7545
1549565388194,1010.7545
1549565388234,1010.7545
1549565388272,1010.7545
1549565388310,1010.76117
1549565388350,1010.76117
1549565388388,1010.76117
1549565388428,1010.76117
1549565388468,1010.76953
1549565388503,1010.76953
1549565388542,1010.76953
1549565388581,1010.76953
1549565388618,1010.9494
1549565388655,1010.9494
1549565388695,1010.9494
1549565388734,1010.9494
1549565388773,1010.8568
1549565388810,1010.8568
1549565388848,1010.8568
1549565388889,1010.8568
1549565388927,1011.10925
1549565388966,1011.10925
1549565389004,1011.10925
1549565389042,1011.10925
1549565389081,1010.86346
1549565389126,1010.87213
1549565389157,1010.87213
1549565389195,1010.87213
1549565389233,1010.87213
1549565389273,1010.87286
1549565389311,1010.87286
1549565389351,1010.87286
1549565389388,1010.87286
1549565389425,1010.6689
1549565389466,1010.6689
1549565389503,1010.6689
1549565389540,1010.6689
1549565389580,1010.74945
1549565389618,1010.74945
1549565389661,1010.74945
1549565389695,1010.74945
1549565389734,1010.68756
1549565389773,1010.68756
1549565389810,1010.68756
1549565389850,1010.68756
1549565389889,1010.65814
1549565389929,1010.65814
1549565389964,1010.65814
1549565390003,1010.65814
1549565390044,1010.8571
1549565390080,1010.8571
1549565390122,1010.8571
1549565390156,1010.8571
1549565390194,1010.81195
1549565390233,1010.81195
1549565390273,1010.81195
1549565390309,1010.81195
1549565390351,1010.92596
1549565390389,1010.92596
1549565390426,1010.92596
1549565390465,1010.92596
1549565390505,1010.63574
1549565390542,1010.63574
1549565390580,1010.63574
1549565390618,1010.63574
1549565390657,1010.9527
1549565390694,1010.9527
1549565390734,1010.9527
1549565390773,1010.9527
1549565390813,1010.75543
1549565390849,1010.75543
1549565390888,1010.75543
1549565390927,1010.75543
1549565390964,1010.8016
1549565391007,1010.8016
1549565391040,1010.8016
1549565391078,1010.8016
1549565391117,1010.78485
1549565391159,1010.78485
1549565391194,1010.78485
1549565391234,1010.78485
1549565391272,1010.74805
1549565391311,1010.74805
1549565391350,1010.74805
1549565391388,1010.74805
1549565391426,1010.91626
1549565391463,1010.91626
1549565391503,1010.91626
1549565391544,1010.91626
1549565391580,1010.9129
1549565391621,1010.9129
1549565391657,1010.9129
1549565391694,1010.9129
1549565391732,1010.8801
1549565391772,1010.8801
1549565391811,1010.8801
1549565391848,1010.8801
1549565391888,1010.831
1549565391925,1010.831
1549565391969,1010.831
1549565392003,1010.831
1549565392043,1011.0717
1549565392078,1011.0717
1549565392117,1011.0717
1549565392159,1011.0717
1549565392196,1010.9119
1549565392234,1010.9119
1549565392272,1010.9119
1549565392311,1010.9119
1549565392348,1011.0366
1549565392387,1011.0366
1549565392424,1011.0366
1549565392464,1011.0366
1549565392502,1011.0366
1549565392540,1011.0366
1549565392579,1011.0366
1549565392618,1011.0366
1549565392655,1011.0617
1549565392695,1011.0617
1549565392735,1011.0617
1549565392772,1011.0617
1549565392810,1011.08514
1549565392850,1011.08514
1549565392892,1011.08514
1549565392928,1011.08514
1549565392965,1011.0316
1549565393001,1011.0316
1549565393039,1011.0316
1549565393078,1011.0316
1549565393116,1011.10956
1549565393157,1011.10956
1549565393194,1011.10956
1549565393241,1011.10956
1549565393272,1010.86273
1549565393313,1010.86273
1549565393359,1010.86273
1549565393387,1010.86273
1549565393425,1011.0125
1549565393463,1011.0125
1549565393505,1011.0125
1549565393540,1011.0125
1549565393579,1010.851
1549565393620,1010.851
1549565393656,1010.851
1549565393693,1010.851
1549565393733,1010.8611
1549565393772,1010.8611
1549565393810,1010.8611
1549565393849,1010.8611
1549565393888,1010.8393
1549565393924,1010.8393
1549565393963,1010.8393
1549565394003,1010.8393
1549565394042,1010.81024
1549565394081,1010.81024
1549565394116,1010.81024
1549565394157,1010.81024
1549565394193,1010.8604
1549565394234,1010.8604
1549565394270,1010.8604
1549565394311,1010.8604
1549565394347,1010.88116
1549565394386,1010.88116
1549565394426,1010.88116
1549565394465,1010.88116
1549565394506,1010.84534
1549565394540,1010.84534
1549565394578,1010.84534
1549565394616,1010.84534
1549565394656,1010.7116
1549565394694,1010.7116
1549565394734,1010.7116
1549565394770,1010.7116
1549565394810,1011.0617
1549565394849,1011.0617
1549565394885,1011.0617
1549565394925,1011.0617
1549565394963,1010.8711
1549565395003,1010.8711
1549565395040,1010.8711
1549565395080,1010.8711
1549565395119,1011.0032
1549565395158,1011.0032
1549565395193,1011.0032
1549565395233,1011.0032
1549565395274,1010.6862
1549565395310,1010.6862
1549565395349,1010.6862
1549565395386,1010.6862
1549565395425,1010.8049
1549565395462,1010.8049
1549565395500,1010.8049
1549565395540,1010.8049
1549565395580,1010.61096
1549565395617,1010.61096
1549565395656,1010.61096
1549565395694,1010.61096
1549565395733,1010.75977
1549565395771,1010.75977
1549565395808,1010.75977
1549565395849,1010.75977
1549565395884,1010.7791
1549565395926,1010.7791
1549565395963,1010.7791
1549565396001,1010.7791
1549565396040,1010.7765
1549565396079,1010.7765
1549565396116,1010.7765
1549565396155,1010.7765
1549565396193,1010.6912
1549565396238,1010.6912
1549565396269,1010.6912
1549565396307,1010.6912
1549565396346,1010.66547
1549565396384,1010.66547
1549565396423,1010.66547
1549565396470,1010.66547
1549565396500,1010.6203
1549565396538,1010.6203
1549565396578,1010.6203
1549565396616,1010.6203
1549565396654,1010.61365
1549565396698,1010.61365
1549565396732,1010.61365
1549565396771,1010.61365
1549565396809,1010.86847
1549565396846,1010.86847
1549565396885,1010.86847
1549565396924,1010.86847
1549565396961,1010.7932
1549565397004,1010.7932
1549565397039,1010.7932
1549565397077,1010.7932
1549565397120,1011.0607
1549565397155,1011.0607
1549565397195,1011.0607
1549565397232,1011.0607
1549565397270,1010.9019
1549565397309,1010.9019
1549565397347,1010.9019
1549565397386,1010.9019
1549565397426,1010.86346
1549565397464,1010.86346
1549565397502,1010.86346
1549565397538,1010.86346
1549565397581,1010.6802
1549565397617,1010.6802
1549565397657,1010.6802
1549565397692,1010.6802
1549565397733,1010.7879
1549565397771,1010.7879
1549565397808,1010.7879
1549565397846,1010.7879
1549565397885,1010.73535
1549565397925,1010.73535
1549565397965,1010.73535
1549565398021,1010.73535
1549565398042,1010.6174
1549565398079,1010.6174
1549565398116,1010.6174
1549565398174,1010.6174
1549565398193,1010.8591
1549565398232,1010.8591
1549565398269,1010.8591
1549565398309,1010.8591
1549565398350,1010.69025
1549565398387,1010.69025
1549565398425,1010.69025
1549565398462,1010.69025
1549565398502,1010.79456
1549565398540,1010.79456
1549565398578,1010.79456
1549565398616,1010.79456
1549565398653,1010.47125
1549565398694,1010.47125
1549565398732,1010.47125
1549565398769,1010.47125
1549565398809,1010.6451
1549565398848,1010.6451
1549565398886,1010.6451
1549565398924,1010.6451
1549565398962,1010.5672
1549565399001,1010.5672
1549565399039,1010.5672
1549565399078,1010.5672
1549565399117,1010.84906
1549565399153,1010.84906
1549565399200,1010.84906
1549565399231,1010.84906
1549565399270,1010.84906
1549565399310,1010.828
1549565399347,1010.828
1549565399384,1010.828
1549565399424,1010.828
1549565399465,1010.81635
1549565399500,1010.81635
1549565399541,1010.81635
1549565399577,1010.81635
1549565399617,1010.86646
1549565399654,1010.86646
1549565399692,1010.86646
1549565399733,1010.86646
1549565399772,1010.7628
1549565399808,1010.7628
1549565399846,1010.7628
1549565399886,1010.7628
1549565399925,1010.87146
1549565399963,1010.87146
1549565400000,1010.87146
1549565400043,1010.87146
1549565400080,1010.6324
1549565400115,1010.6324
1549565400152,1010.6324
1549565400191,1010.6324
1549565400230,1010.925
1549565400267,1010.925
1549565400307,1010.925
1549565400345,1010.925
1549565400383,1010.8063
1549565400422,1010.8063
1549565400460,1010.8063
1549565400498,1010.8063
1549565400538,1010.8782
1549565400579,1010.8782
1549565400616,1010.8782
1549565400658,1010.8782
1549565400698,1010.87317
1549565400731,1010.87317
1549565400769,1010.87317
1549565400808,1010.87317
1549565400846,1010.7628
1549565400885,1010.7628
1549565400926,1010.7628
1549565400961,1010.7628
1549565401000,1010.8357
1549565401047,1010.8357
1549565401076,1010.8357
1549565401114,1010.8357
1549565401155,1010.8156
1549565401199,1010.8156
1549565401230,1010.8156
1549565401268,1010.8156
1549565401308,1010.91425
1549565401345,1010.91425
1549565401383,1010.91425
1549565401423,1010.91425
1549565401463,1010.5521
1549565401498,1010.5521
1549565401539,1010.5521
1549565401577,1010.5521
1549565401615,1010.6986
1549565401654,1010.6986
1549565401694,1010.6986
1549565401732,1010.6986
1549565401769,1010.5307
1549565401807,1010.5307
1549565401847,1010.5307
1549565401884,1010.5307
1549565401925,1010.6243
1549565401963,1010.6243
1549565402002,1010.6243
1549565402040,1010.6243
1549565402076,1010.5635
1549565402118,1010.5635
1549565402153,1010.5635
1549565402194,1010.5635
1549565402230,1010.58356
1549565402269,1010.58356
1549565402306,1010.58356
1549565402346,1010.58356
1549565402386,1010.837
1549565402423,1010.837
1549565402461,1010.837
1549565402500,1010.837
1549565402538,1010.69385
1549565402577,1010.69385
1549565402618,1010.69385
1549565402654,1010.69385
1549565402706,1010.9557
1549565402729,1010.9557
1549565402769,1010.9557
1549565402807,1010.9557
1549565402846,1010.8965
1549565402885,1010.8965
1549565402925,1010.8965
1549565402961,1010.8965
1549565403000,1010.80524
1549565403046,1010.80524
1549565403077,1010.80524
1549565403114,1010.80524
1549565403154,1010.8931
1549565403191,1010.8931
1549565403234,1010.8931
1549565403268,1010.8931
1549565403305,1010.7604
1549565403345,1010.7604
1549565403385,1010.7604
1549565403422,1010.7604
1549565403459,1010.965
1549565403505,1010.965
1549565403537,1010.965
1549565403575,1010.965
1549565403616,1010.56744
1549565403653,1010.56744
1549565403699,1010.56744
1549565403728,1010.56744
1549565403767,1010.6136
1549565403806,1010.6136
1549565403847,1010.6136
1549565403884,1010.6136
1549565403921,1010.47375
1549565403962,1010.47375
1549565403999,1010.47375
1549565404038,1010.47375
1549565404077,1010.6313
1549565404115,1010.6313
1549565404153,1010.6313
1549565404203,1010.6313
1549565404229,1010.62524
1549565404269,1010.62524
1549565404307,1010.62524
1549565404346,1010.62524
1549565404383,1010.4607
1549565404422,1010.4607
1549565404463,1010.4607
1549565404499,1010.4607
1549565404536,1010.70416
1549565404576,1010.70416
1549565404614,1010.70416
1549565404652,1010.70416
1549565404694,1010.5319
1549565404729,1010.5319
1549565404768,1010.5319
1549565404807,1010.5319
1549565404869,1010.7583
1549565404902,1010.7583
1549565404923,1010.7583
1549565404960,1010.7583
1549565405002,1010.7242
1549565405038,1010.7242
1549565405075,1010.7242
1549565405113,1010.7242
1549565405152,1010.59644
1549565405192,1010.59644
1549565405228,1010.59644
1549565405272,1010.59644
1549565405306,1010.7018
1549565405346,1010.7018
1549565405387,1010.7018
1549565405421,1010.7018
1549565405460,1010.7011
1549565405498,1010.7011
1549565405537,1010.7011
1549565405574,1010.7011
1549565405613,1010.86566
1549565405659,1010.86566
1549565405693,1010.86566
1549565405730,1010.86566
1549565405766,1010.5924
1549565405806,1010.5924
1549565405846,1010.5924
1549565405883,1010.5924
1549565405926,1010.7489
1549565405960,1010.7489
1549565405998,1010.7489
1549565406037,1010.7489
1549565406076,1010.5877
1549565406115,1010.5877
1549565406153,1010.5877
1549565406192,1010.5877
1549565406229,1010.6051
1549565406267,1010.6051
1549565406306,1010.6051
1549565406346,1010.6051
1549565406383,1010.5686
1549565406422,1010.5686
1549565406463,1010.5686
1549565406498,1010.5686
1549565406538,1010.5342
1549565406575,1010.5342
1549565406613,1010.5342
1549565406657,1010.5342
1549565406690,1010.6412
1549565406730,1010.6412
1549565406767,1010.6412
1549565406806,1010.6412
1549565406846,1010.5636
1549565406895,1010.5636
1549565406922,1010.5636
1549565406960,1010.5636
1549565406999,1010.6288
1549565407037,1010.6288
1549565407084,1010.6288
1549565407114,1010.6288
1549565407152,1010.3422
1549565407189,1010.3422
1549565407232,1010.3422
1549565407271,1010.3422
1549565407306,1010.4967
1549565407344,1010.4967
1549565407383,1010.4967
1549565407421,1010.4967
1549565407462,1010.3221
1549565407499,1010.3221
1549565407540,1010.3221
1549565407575,1010.3221
1549565407616,1010.41675
1549565407652,1010.41675
1549565407691,1010.41675
1549565407731,1010.41675
1549565407767,1010.4368
1549565407805,1010.4368
1549565407846,1010.4368
1549565407883,1010.4368
1549565407923,1010.4224
1549565407962,1010.4224
1549565408002,1010.4224
1549565408036,1010.4224
1549565408075,1010.6358
1549565408113,1010.6358
1549565408151,1010.6358
1549565408193,1010.6358
1549565408228,1010.4803
1549565408268,1010.4803
1549565408308,1010.4803
1549565408344,1010.4803
1549565408383,1010.6836
1549565408423,1010.6836
1549565408459,1010.6836
1549565408499,1010.6836
1549565408538,1010.5023
1549565408575,1010.5023
1549565408615,1010.5023
1549565408651,1010.5023
1549565408690,1010.4421
1549565408729,1010.4421
1549565408767,1010.4421
1549565408805,1010.4421
1549565408844,1010.4086
1549565408897,1010.4086
1549565408921,1010.4086
1549565408958,1010.4086
1549565408998,1010.52167
1549565409037,1010.52167
1549565409076,1010.52167
1549565409113,1010.52167
1549565409151,1010.4906
1549565409190,1010.4906
1549565409229,1010.4906
1549565409267,1010.4906
1549565409308,1010.3327
1549565409343,1010.3327
1549565409382,1010.3327
1549565409422,1010.3327
1549565409461,1010.597
1549565409499,1010.60095
1549565409538,1010.60095
1549565409576,1010.60095
1549565409612,1010.60095
1549565409650,1010.51166
1549565409694,1010.51166
1549565409743,1010.51166
1549565409767,1010.51166
1549565409805,1010.7926
1549565409843,1010.7926
1549565409883,1010.7926
1549565409922,1010.7926
1549565409961,1010.6103
1549565409998,1010.6103
1549565410037,1010.6103
1549565410074,1010.6103
1549565410114,1010.5578
1549565410154,1010.5578
1549565410190,1010.5578
1549565410232,1010.5578
1549565410266,1010.5628
1549565410305,1010.5628
1549565410342,1010.5628
1549565410384,1010.5628
1549565410421,1010.5384
1549565410460,1010.5384
1549565410498,1010.5384
1549565410539,1010.5384
1549565410576,1010.61365
1549565410616,1010.61365
1549565410652,1010.61365
1549565410695,1010.61365
1549565410728,1010.5351
1549565410767,1010.5351
1549565410806,1010.5351
1549565410843,1010.5351
1549565410882,1010.7682
1549565410922,1010.7682
1549565410959,1010.7682
1549565410998,1010.7682
1549565411036,1010.616
1549565411076,1010.616
1549565411117,1010.616
1549565411152,1010.616
1549565411188,1010.82336
1549565411228,1010.82336
1549565411268,1010.82336
1549565411305,1010.82336
1549565411343,1010.8067
1549565411383,1010.8067
1549565411421,1010.8067
1549565411460,1010.8067
1549565411499,1010.7823
1549565411546,1010.7823
1549565411577,1010.7823
1549565411613,1010.7823
1549565411653,1010.73444
1549565411690,1010.73444
1549565411730,1010.73444
1549565411766,1010.73444
1549565411806,1010.67395
1549565411843,1010.67395
1549565411882,1010.67395
1549565411923,1010.67395
1549565411959,1010.6606
1549565412000,1010.6606
1549565412036,1010.6606
1549565412074,1010.6606
1549565412113,1010.571
1549565412150,1010.571
1549565412189,1010.571
1549565412229,1010.571
1549565412269,1010.8184
1549565412305,1010.8184
1549565412343,1010.8184
1549565412384,1010.8184
1549565412420,1010.64154
1549565412460,1010.64154
1549565412497,1010.64154
1549565412537,1010.64154
1549565412576,1010.95325
1549565412612,1010.95325
1549565412654,1010.95325
1549565412688,1010.95325
1549565412729,1010.872
1549565412766,1010.872
1549565412804,1010.872
1549565412844,1010.872
1549565412911,1010.7901
1549565412932,1010.7901
1549565412959,1010.7901
1549565412997,1010.7901
1549565413035,1010.5868
1549565413074,1010.5868
1549565413112,1010.5868
1549565413151,1010.5868
1549565413189,1010.5805
1549565413229,1010.5805
1549565413274,1010.5805
1549565413304,1010.5805
1549565413342,1010.5069
1549565413381,1010.5069
1549565413420,1010.5069
1549565413458,1010.5069
1549565413496,1010.46484
1549565413535,1010.46484
1549565413575,1010.46484
1549565413613,1010.46484
1549565413651,1010.73706
1549565413689,1010.73706
1549565413747,1010.73706
1549565413766,1010.73706
1549565413803,1010.6174
1549565413844,1010.6174
1549565413883,1010.6174
1549565413919,1010.6174
1549565413959,1010.7809
1549565413998,1010.7809
1549565414037,1010.7809
1549565414073,1010.7809
1549565414116,1010.5642
1549565414151,1010.5642
1549565414189,1010.5642
1549565414230,1010.5642
1549565414267,1010.5833
1549565414304,1010.5833
1549565414350,1010.5833
1549565414384,1010.5833
1549565414422,1010.40344
1549565414460,1010.40344
1549565414498,1010.40344
1549565414536,1010.40344
1549565414573,1010.4392
1549565414612,1010.4392
1549565414651,1010.4392
1549565414690,1010.4392
1549565414732,1010.4399
1549565414764,1010.4399
1549565414805,1010.4399
1549565414843,1010.4399
1549565414882,1010.33026
1549565414920,1010.33026
1549565414958,1010.33026
1549565414998,1010.33026
1549565415036,1010.567
1549565415075,1010.567
1549565415114,1010.567
1549565415151,1010.567
1549565415189,1010.47906
1549565415227,1010.47906
1549565415266,1010.47906
1549565415303,1010.47906
1549565415344,1010.6536
1549565415382,1010.6536
1549565415420,1010.6536
1549565415465,1010.6536
1549565415499,1010.36615
1549565415537,1010.36615
1549565415574,1010.36615
1549565415612,1010.36615
1549565415649,1010.4293
1549565415689,1010.4293
1549565415737,1010.4293
1549565415767,1010.4293
1549565415806,1010.30194
1549565415842,1010.30194
1549565415881,1010.30194
1549565415921,1010.30194
1549565415961,1010.4013
1549565415997,1010.4013
1549565416034,1010.4013
1549565416074,1010.4013
1549565416113,1010.5407
1549565416151,1010.5407
1549565416190,1010.5407
1549565416230,1010.5407
1549565416265,1010.59155
1549565416304,1010.59155
1549565416342,1010.59155
1549565416381,1010.59155
1549565416420,1010.6397
1549565416458,1010.6397
1549565416497,1010.6397
1549565416536,1010.6397
1549565416574,1010.6086
1549565416611,1010.6086
1549565416651,1010.6086
1549565416691,1010.6086
1549565416732,1010.63605
1549565416765,1010.63605
1549565416803,1010.63605
1549565416842,1010.63605
1549565416882,1010.4873
1549565416919,1010.4873
1549565416957,1010.4873
1549565416995,1010.4873
1549565417034,1010.73334
1549565417073,1010.73334
1549565417111,1010.73334
1549565417150,1010.73334
1549565417190,1010.6013
1549565417228,1010.6013
1549565417266,1010.6013
1549565417303,1010.6013
1549565417342,1010.82263
1549565417381,1010.82263
1549565417418,1010.82263
1549565417458,1010.82263
1549565417504,1010.68524
1549565417535,1010.68524
1549565417572,1010.68524
1549565417612,1010.68524
1549565417651,1010.6064
1549565417689,1010.6064
1549565417727,1010.6064
1549565417764,1010.6064
1549565417805,1010.449
1549565417843,1010.449
1549565417881,1010.449
1549565417918,1010.449
1549565417957,1010.5576
1549565417996,1010.5576
1549565418033,1010.5576
1549565418074,1010.5576
1549565418112,1010.56635
1549565418150,1010.56635
1549565418189,1010.56635
1549565418230,1010.56635
1549565418264,1010.5326
1549565418303,1010.5326
1549565418341,1010.5326
1549565418381,1010.5326
1549565418420,1010.74884
1549565418459,1010.74884
1549565418496,1010.74884
1549565418534,1010.74884
1549565418573,1010.62823
1549565418610,1010.62823
1549565418651,1010.62823
1549565418688,1010.62823
1549565418730,1010.89294
1549565418764,1010.89294
1549565418807,1010.89294
1549565418842,1010.89294
1549565418881,1010.6643
1549565418919,1010.6643
1549565418958,1010.6643
1549565418997,1010.6643
1549565419034,1010.6115
1549565419073,1010.6115
1549565419112,1010.6115
1549565419148,1010.6115
1549565419187,1010.408
1549565419230,1010.408
1549565419264,1010.408
1549565419304,1010.408
1549565419342,1010.5858
1549565419381,1010.5858
1549565419422,1010.5858
1549565419457,1010.5858
1549565419496,1010.648
1549565419533,1010.648
1549565419575,1010.648
1549565419611,1010.648
1549565419651,1010.5661
1549565419688,1010.5661
1549565419726,1010.5661
1549565419764,1010.5661
1549565419803,1010.71686
1549565419845,1010.71686
1549565419880,1010.71686
1549565419919,1010.71686
1549565419959,1010.71686
1549565419998,1010.7125
1549565420034,1010.7125
1549565420071,1010.7125
1549565420111,1010.7125
1549565420149,1010.75464
1549565420190,1010.75464
1549565420226,1010.75464
1549565420264,1010.75464
1549565420302,1010.6407
1549565420343,1010.6407
1549565420382,1010.6407
1549565420421,1010.6407
1549565420458,1010.76904
1549565420500,1010.76904
1549565420538,1010.76904
1549565420571,1010.76904
1549565420610,1010.7026
1549565420650,1010.7026
1549565420688,1010.7026
1549565420725,1010.7026
1549565420767,1010.68646
1549565420802,1010.68646
1549565420842,1010.68646
1549565420880,1010.68646
1549565420920,1010.81146
1549565420957,1010.81146
1549565420996,1010.81146
1549565421032,1010.81146
1549565421074,1010.80347
1549565421113,1010.80347
1549565421155,1010.80347
1549565421188,1010.80347
1549565421227,1010.7269
1549565421264,1010.7269
1549565421304,1010.7269
1549565421342,1010.7269
1549565421379,1010.65576
1549565421418,1010.65576
1549565421466,1010.65576
1549565421495,1010.65576
1549565421532,1010.6645
1549565421572,1010.6645
1549565421612,1010.6645
1549565421651,1010.6645
1549565421691,1010.762
1549565421730,1010.762
1549565421764,1010.762
1549565421803,1010.762
1549565421845,1010.7934
1549565421879,1010.7934
1549565421918,1010.7934
1549565421957,1010.7934
1549565421995,1010.9314
1549565422033,1010.9314
1549565422073,1010.9314
1549565422111,1010.9314
1549565422148,1010.79376
1549565422187,1010.79376
1549565422226,1010.79376
1549565422263,1010.79376
1549565422301,1010.6063
1549565422345,1010.6063
1549565422380,1010.6063
1549565422420,1010.6063
1549565422456,1010.5743
1549565422496,1010.5743
1549565422535,1010.5743
1549565422576,1010.5743
1549565422611,1010.5933
1549565422648,1010.5933
1549565422687,1010.5933
1549565422730,1010.5933
1549565422763,1010.759
1549565422802,1010.759
1549565422841,1010.759
1549565422881,1010.759
1549565422920,1010.7861
1549565422956,1010.7861
1549565422995,1010.7861
1549565423033,1010.7861
1549565423072,1010.75397
1549565423112,1010.75397
1549565423151,1010.75397
1549565423187,1010.75397
1549565423225,1010.7302
1549565423263,1010.7302
1549565423305,1010.7302
1549565423341,1010.7302
1549565423379,1010.7349
1549565423419,1010.7349
1549565423458,1010.7349
1549565423497,1010.7349
1549565423534,1010.64606
1549565423572,1010.64606
1549565423611,1010.64606
1549565423651,1010.64606
1549565423692,1010.7008
1549565423725,1010.7008
1549565423764,1010.7008
1549565423803,1010.7008
1549565423842,1010.66705
1549565423879,1010.66705
1549565423917,1010.66705
1549565423957,1010.66705
1549565423995,1010.6781
1549565424035,1010.6781
1549565424073,1010.6781
1549565424110,1010.6781
1549565424148,1010.7061
1549565424186,1010.7061
1549565424225,1010.7061
1549565424263,1010.7061
1549565424303,1010.8327
1549565424341,1010.8327
1549565424379,1010.8327
1549565424421,1010.8327
1549565424455,1010.90845
1549565424494,1010.90845
1549565424534,1010.90845
1549565424572,1010.90845
1549565424610,1011.12354
1549565424649,1011.12354
1549565424687,1011.12354
1549565424727,1011.12354
1549565424763,1011.01697
1549565424801,1011.01697
1549565424841,1011.01697
1549565424881,1011.01697
1549565424918,1010.92645
1549565424956,1010.92645
1549565424994,1010.92645
1549565425036,1010.92645
1549565425074,1010.81323
1549565425111,1010.81323
1549565425149,1010.81323
1549565425187,1010.81323
1549565425225,1010.8556
1549565425263,1010.8556
1549565425303,1010.8556
1549565425342,1010.8556
1549565425380,1010.8068
1549565425417,1010.8068
1549565425458,1010.8068
1549565425494,1010.8068
1549565425532,1010.8656
1549565425571,1010.8656
1549565425610,1010.8656
1549565425647,1010.8656
1549565425688,1010.94366
1549565425726,1010.94366
1549565425764,1010.94366
1549565425804,1010.94366
1549565425842,1010.8358
1549565425882,1010.8358
1549565425918,1010.8358
1549565425991,1010.8358
1549565426004,1011.0131
1549565426032,1011.0131
1549565426070,1011.0131
1549565426111,1011.0131
1549565426147,1010.74725
1549565426187,1010.74725
1549565426224,1010.74725
1549565426264,1010.74725
1549565426300,1010.81635
1549565426339,1010.81635
1549565426379,1010.81635
1549565426419,1010.81635
1549565426458,1010.7132
1549565426493,1010.7132
1549565426534,1010.7132
1549565426570,1010.7132
1549565426608,1010.8931
1549565426646,1010.8931
1549565426686,1010.8931
1549565426735,1010.8931
1549565426763,1010.9505
1549565426803,1010.9505
1549565426850,1010.9505
1549565426877,1010.9505
1549565426916,1010.9308
1549565426955,1010.9308
1549565426994,1010.9308
1549565427033,1010.9308
1549565427070,1011.094
1549565427111,1011.094
1549565427151,1011.094
1549565427189,1011.094
1549565427225,1010.9711
1549565427267,1010.9711
1549565427300,1010.9711
1549565427341,1010.9711
1549565427379,1010.9507
1549565427417,1010.9507
1549565427454,1010.9507
1549565427494,1010.9507
1549565427531,1011.08655
1549565427572,1011.08655
1549565427610,1011.08655
1549565427647,1011.08655
1549565427687,1010.986
1549565427728,1010.986
1549565427764,1010.986
1549565427801,1010.986
1549565427839,1011.03235
1549565427880,1011.03235
1549565427916,1011.03235
1549565427956,1011.03235
1549565427995,1011.0113
1549565428032,1011.0113
1549565428071,1011.0113
1549565428110,1011.0113
1549565428147,1011.06665
1549565428186,1011.06665
1549565428223,1011.06665
1549565428262,1011.06665
1549565428300,1010.8437
1549565428340,1010.8437
1549565428378,1010.8437
1549565428417,1010.8437
1549565428455,1011.0042
1549565428494,1011.0042
1549565428532,1011.0042
1549565428576,1011.0042
1549565428610,1010.92035
1549565428651,1010.92035
1549565428685,1010.92035
1549565428724,1010.92035
1549565428763,1010.96106
1549565428802,1010.96106
1549565428839,1010.96106
1549565428878,1010.96106
1549565428917,1011.0097
1549565428955,1011.0097
1549565428993,1011.0097
1549565429032,1011.0097
1549565429072,1010.94025
1549565429110,1010.94025
1549565429149,1010.94025
1549565429186,1010.94025
1549565429226,1011.0951
1549565429278,1011.0951
1549565429302,1011.0951
1549565429340,1011.0951
1549565429376,1010.9829
1549565429414,1010.9829
1549565429455,1010.9829
1549565429492,1010.9829
1549565429531,1011.091
1549565429569,1011.091
1549565429609,1011.091
1549565429648,1011.091
1549565429684,1010.8714
1549565429723,1010.8714
1549565429764,1010.8714
1549565429800,1010.8714
1549565429839,1011.0362
1549565429877,1011.0362
1549565429916,1011.0362
1549565429954,1011.0362
1549565429992,1010.9724
1549565430034,1010.9724
1549565430069,1010.9724
1549565430108,1010.9724
1549565430150,1010.9724
1549565430186,1011.07416
1549565430223,1011.07416
1549565430264,1011.07416
1549565430301,1011.07416
1549565430341,1011.0782
1549565430380,1011.0782
1549565430416,1011.0782
1549565430455,1011.0782
1549565430492,1011.1939
1549565430531,1011.1939
1549565430569,1011.1939
1549565430608,1011.1939
1549565430647,1011.3394
1549565430686,1011.3394
1549565430724,1011.3394
1549565430765,1011.3394
1549565430799,1011.18256
1549565430838,1011.18256
1549565430882,1011.18256
1549565430917,1011.18256
1549565430954,1011.32
1549565430993,1011.32
1549565431033,1011.32
1549565431073,1011.32
1549565431108,1011.26324
1549565431146,1011.26324
1549565431186,1011.26324
1549565431224,1011.26324
1549565431261,1011.26556
1549565431299,1011.26556
1549565431338,1011.26556
1549565431378,1011.26556
1549565431415,1011.16675
1549565431454,1011.16675
1549565431494,1011.16675
1549565431532,1011.16675
1549565431570,1011.0873
1549565431612,1011.0873
1549565431647,1011.0873
1549565431686,1011.0873
1549565431724,1011.07965
1549565431764,1011.07965
1549565431800,1011.07965
1549565431839,1011.07965
1549565431881,1011.14465
1549565431916,1011.14465
1549565431953,1011.14465
1549565431995,1011.14465
1549565432031,1011.3772
1549565432069,1011.3772
1549565432108,1011.3772
1549565432147,1011.3772
1549565432184,1011.23706
1549565432223,1011.23706
1549565432262,1011.23706
1549565432301,1011.23706
1549565432339,1011.3444
1549565432376,1011.3444
1549565432416,1011.3444
1549565432457,1011.3444
1549565432492,1011.3214
1549565432530,1011.3214
1549565432568,1011.3214
1549565432607,1011.3214
1549565432646,1011.1729
1549565432686,1011.1729
1549565432722,1011.1729
1549565432761,1011.1729
1549565432799,1011.2303
1549565432845,1011.2303
1549565432877,1011.2303
1549565432914,1011.2303
1549565432953,1011.282
1549565432992,1011.282
1549565433033,1011.282
1549565433072,1011.282
1549565433115,1011.2626
1549565433148,1011.2626
1549565433185,1011.2626
1549565433223,1011.2626
1549565433262,1011.3483
1549565433303,1011.3483
1549565433337,1011.3483
1549565433378,1011.3483
1549565433416,1011.388
1549565433455,1011.388
1549565433494,1011.388
1549565433531,1011.388
1549565433568,1011.28687
1549565433608,1011.28687
1549565433646,1011.28687
1549565433685,1011.28687
1549565433722,1011.21173
1549565433763,1011.21173
1549565433800,1011.21173
1549565433838,1011.21173
1549565433877,1011.2591
1549565433915,1011.2591
1549565433953,1011.2591
1549565433993,1011.2591
1549565434045,1011.2724
1549565434071,1011.2724
1549565434106,1011.2724
1549565434145,1011.2724
1549565434185,1011.2377
1549565434222,1011.2377
1549565434262,1011.2377
1549565434299,1011.2377
1549565434339,1011.24
1549565434381,1011.24
1549565434417,1011.24
1549565434453,1011.24
1549565434493,1011.3324
1549565434530,1011.3324
1549565434568,1011.3324
1549565434607,1011.3324
1549565434645,1011.07776
1549565434684,1011.07776
1549565434723,1011.07776
1549565434761,1011.07776
1549565434800,1011.2569
1549565434837,1011.2569
1549565434880,1011.2569
1549565434919,1011.2569
1549565434952,1011.15576
1549565434992,1011.15576
1549565435031,1011.15576
1549565435069,1011.15576
1549565435112,1011.35657
1549565435146,1011.35657
1549565435186,1011.35657
1549565435224,1011.35657
1549565435260,1011.519
1549565435299,1011.519
1549565435338,1011.519
1549565435376,1011.519
1549565435415,1011.48694
1549565435454,1011.48694
1549565435493,1011.48694
1549565435531,1011.48694
1549565435568,1011.3958
1549565435606,1011.3958
1549565435644,1011.3958
1549565435684,1011.3958
1549565435723,1011.5532
1549565435761,1011.5532
1549565435799,1011.5532
1549565435838,1011.5532
1549565435877,1011.61957
1549565435915,1011.61957
1549565435996,1011.61957
1549565435997,1011.61957
1549565436030,1011.6202
1549565436068,1011.6202
1549565436105,1011.6202
1549565436144,1011.6202
1549565436186,1011.89
1549565436222,1011.89
1549565436260,1011.89
1549565436299,1011.89
1549565436344,1011.6755
1549565436377,1011.6755
1549565436480,1011.6755
1549565436481,1011.6755
1549565436548,1011.49695
1549565436549,1011.49695
1549565436610,1011.49695
1549565436611,1011.49695
1549565436651,1011.50757
1549565436683,1011.50757
1549565436723,1011.50757
1549565436758,1011.50757
1549565436798,1011.39215
1549565436840,1011.39215
1549565436875,1011.39215
1549565436922,1011.39215
1549565436966,1011.3944
1549565436997,1011.3944
1549565437028,1011.3944
1549565437153,1011.28796
1549565437154,1011.28796
1549565437181,1011.28796
1549565437223,1011.28796
1549565437271,1011.3426
1549565437301,1011.3426
1549565437344,1011.3426
1549565437375,1011.3426
1549565437416,1011.16547
1549565437452,1011.16547
1549565437492,1011.16547
1549565437529,1011.16547
1549565437578,1011.2351
1549565437615,1011.2351
1549565437647,1011.2351
1549565437684,1011.2351
1549565437725,1011.1257
1549565437760,1011.1257
1549565437799,1011.1257
1549565437839,1011.1257
1549565437876,1011.237
1549565437915,1011.237
1549565437960,1011.237
1549565437992,1011.237
1549565438038,1011.30096
1549565438066,1011.30096
1549565438109,1011.30096
1549565438149,1011.30096
1549565438187,1011.2822
1549565438226,1011.2822
1549565438262,1011.2822
1549565438299,1011.2822
1549565438339,1011.49567
1549565438377,1011.49567
1549565438417,1011.49567
1549565438455,1011.49567
1549565438495,1011.37915
1549565438529,1011.37915
1549565438568,1011.37915
1549565438606,1011.37915
1549565438648,1011.52985
1549565438684,1011.52985
1549565438724,1011.52985
1549565438761,1011.52985
1549565438800,1011.54114
1549565438837,1011.54114
1549565438879,1011.54114
1549565438918,1011.54114
1549565438954,1011.468
1549565438990,1011.468
1549565439028,1011.468
1549565439070,1011.468
1549565439108,1011.5363
1549565439178,1011.5363
1549565439184,1011.5363
1549565439224,1011.5363
1549565439259,1011.43256
1549565439320,1011.43256
1549565439352,1011.43256
1549565439380,1011.43256
1549565439417,1011.4838
1549565439455,1011.4838
1549565439491,1011.4838
1549565439530,1011.4838
1549565439568,1011.34674
1549565439612,1011.34674
1549565439645,1011.34674
1549565439686,1011.34674
1549565439725,1011.2766
1549565439760,1011.2766
1549565439800,1011.2766
1549565439838,1011.2766
1549565439877,1011.1195
1549565439919,1011.1195
1549565439956,1011.1195
1549565439993,1011.1195
1549565440029,1011.2658
1549565440067,1011.2658
1549565440107,1011.2658
1549565440144,1011.2658
1549565440184,1011.2381
1549565440222,1011.2381
1549565440263,1011.2381
1549565440298,1011.2381
1549565440337,1011.12036
1549565440374,1011.12036
1549565440435,1011.12036
1549565440451,1011.12036
1549565440491,1011.3567
1549565440527,1011.3567
1549565440566,1011.3567
1549565440607,1011.3567
1549565440646,1011.3567
1549565440683,1011.44904
1549565440722,1011.44904
1549565440764,1011.44904
1549565440800,1011.44904
1549565440836,1011.5003
1549565440877,1011.5003
1549565440916,1011.5003
1549565440952,1011.5003
1549565440996,1011.3202
1549565441043,1011.3202
1549565441130,1011.3202
1549565441130,1011.3202
1549565441143,1011.5805
1549565441181,1011.5805
1549565441219,1011.5805
1549565441287,1011.5805
1549565441297,1011.4538
1549565441335,1011.4538
1549565441373,1011.4538
1549565441415,1011.4538
1549565441454,1011.6384
1549565441496,1011.6384
1549565441550,1011.6384
1549565441574,1011.6384
1549565441604,1011.5573
1549565441644,1011.5573
1549565441682,1011.5573
1549565441742,1011.5573
1549565441758,1011.4236
1549565441797,1011.4236
1549565441838,1011.4236
1549565441875,1011.4236
1549565441915,1011.34314
1549565441954,1011.34314
1549565441993,1011.34314
1549565442033,1011.34314
1549565442066,1011.4781
1549565442106,1011.4781
1549565442143,1011.4781
1549565442182,1011.4781
1549565442221,1011.52606
1549565442258,1011.52606
1549565442297,1011.52606
1549565442335,1011.52606
1549565442374,1011.46063
1549565442413,1011.46063
1549565442453,1011.46063
1549565442490,1011.46063
1549565442531,1011.7036
1549565442567,1011.7036
1549565442607,1011.7036
1549565442645,1011.7036
1549565442686,1011.5152
1549565442722,1011.5152
1549565442762,1011.5152
1549565442800,1011.5152
1549565442838,1011.5588
1549565442874,1011.5588
1549565442915,1011.5588
1549565442952,1011.5588
1549565442992,1011.51935
1549565443029,1011.51935
1549565443068,1011.51935
1549565443105,1011.51935
1549565443144,1011.4223
1549565443184,1011.4223
1549565443228,1011.4223
1549565443258,1011.4223
1549565443298,1011.5986
1549565443337,1011.5986
1549565443375,1011.5986
1549565443416,1011.5986
1549565443452,1011.5458
1549565443491,1011.5458
1549565443528,1011.5458
1549565443567,1011.5458
1549565443607,1011.6837
1549565443646,1011.6837
1549565443685,1011.6837
1549565443721,1011.6837
1549565443760,1011.32434
1549565443800,1011.32434
1549565443838,1011.32434
1549565443886,1011.32434
1549565443913,1011.43726
1549565443952,1011.43726
1549565443991,1011.43726
1549565444029,1011.43726
1549565444066,1011.2805
1549565444106,1011.2805
1549565444148,1011.2805
1549565444183,1011.2805
1549565444222,1011.3578
1549565444260,1011.3578
1549565444298,1011.3578
1549565444338,1011.3578
1549565444375,1011.4007
1549565444416,1011.4007
1549565444459,1011.4007
1549565444492,1011.4007
1549565444528,1011.39197
1549565444566,1011.39197
1549565444608,1011.39197
1549565444643,1011.39197
1549565444685,1011.67926
1549565444722,1011.67926
1549565444758,1011.67926
1549565444803,1011.67926
1549565444835,1011.4805
1549565444874,1011.4805
1549565444912,1011.4805
1549565444962,1011.4805
1549565444991,1011.8301
1549565445029,1011.8301
1549565445067,1011.8301
1549565445107,1011.8301
1549565445143,1011.4357
1549565445181,1011.4357
1549565445224,1011.4357
1549565445261,1011.4357
1549565445299,1011.34735
1549565445335,1011.34735
1549565445375,1011.34735
1549565445413,1011.34735
1549565445453,1011.4332
1549565445499,1011.4332
1549565445529,1011.4332
1549565445567,1011.4332
1549565445607,1011.47784
1549565445643,1011.47784
1549565445682,1011.47784
1549565445721,1011.47784
1549565445759,1011.58905
1549565445801,1011.58905
1549565445836,1011.58905
1549565445874,1011.58905
1549565445913,1011.2757
1549565445953,1011.2757
1549565445989,1011.2757
1549565446027,1011.2757
1549565446076,1011.4336
1549565446105,1011.4336
1549565446144,1011.4336
1549565446185,1011.4336
1549565446228,1011.3292
1549565446265,1011.3292
1549565446297,1011.3292
1549565446338,1011.3292
1549565446374,1011.4271
1549565446415,1011.4271
1549565446451,1011.4271
1549565446495,1011.4271
1549565446528,1011.395
1549565446566,1011.395
1549565446606,1011.395
1549565446644,1011.395
1549565446689,1011.359
1549565446719,1011.359
1549565446758,1011.359
1549565446797,1011.359
1549565446838,1011.5562
1549565446874,1011.5562
1549565446913,1011.5562
1549565446972,1011.5562
1549565446989,1011.5335
1549565447032,1011.5335
1549565447068,1011.5335
1549565447105,1011.5335
1549565447143,1011.5931
1549565447183,1011.5931
1549565447222,1011.5931
1549565447261,1011.5931
1549565447297,1011.37933
1549565447336,1011.37933
1549565447397,1011.37933
1549565447415,1011.37933
1549565447453,1011.68585
1549565447490,1011.68585
1549565447531,1011.68585
1549565447566,1011.68585
1549565447605,1011.49384
1549565447646,1011.49384
1549565447682,1011.49384
1549565447748,1011.49384
1549565447762,1011.76263
1549565447797,1011.76263
1549565447836,1011.76263
1549565447874,1011.76263
1549565447914,1011.71063
1549565447954,1011.71063
1549565447991,1011.71063
1549565448030,1011.71063
1549565448066,1011.62787
1549565448106,1011.62787
1549565448143,1011.62787
1549565448182,1011.62787
1549565448221,1011.6275
1549565448259,1011.6275
1549565448298,1011.6275
1549565448335,1011.6275
1549565448376,1011.6181
1549565448413,1011.6181
1549565448450,1011.6181
1549565448492,1011.6181
1549565448527,1011.6487
1549565448566,1011.6487
1549565448605,1011.6487
1549565448645,1011.6487
1549565448683,1011.4667
1549565448720,1011.4667
1549565448757,1011.4667
1549565448797,1011.4667
1549565448837,1011.60486
1549565448873,1011.60486
1549565448912,1011.60486
1549565448950,1011.60486
1549565448992,1011.5151
1549565449030,1011.5151
1549565449067,1011.5151
1549565449103,1011.5151
1549565449145,1011.7596
1549565449180,1011.7596
1549565449221,1011.7596
1549565449260,1011.7596
1549565449297,1011.5696
1549565449338,1011.5696
1549565449377,1011.5696
1549565449412,1011.5696
1549565449451,1011.5652
1549565449489,1011.5652
1549565449536,1011.5652
1549565449566,1011.5652
1549565449605,1011.2899
1549565449644,1011.2899
1549565449681,1011.2899
1549565449720,1011.2899
1549565449758,1011.42377
1549565449800,1011.42377
1549565449838,1011.42377
1549565449875,1011.42377
1549565449913,1011.3867
1549565449951,1011.3867
1549565449989,1011.3867
1549565450062,1011.3867
1549565450081,1011.273
1549565450104,1011.273
1549565450143,1011.273
1549565450184,1011.273
1549565450225,1011.5001
1549565450261,1011.5001
1549565450297,1011.5001
1549565450336,1011.5001
1549565450375,1011.5001
1549565450411,1011.35315
1549565450453,1011.35315
1549565450488,1011.35315
1549565450526,1011.35315
1549565450565,1011.5479
1549565450605,1011.5479
1549565450645,1011.5479
1549565450680,1011.5479
1549565450724,1011.20605
1549565450757,1011.20605
1549565450797,1011.20605
1549565450836,1011.20605
1549565450874,1011.35156
1549565450913,1011.35156
1549565450951,1011.35156
1549565450990,1011.35156
1549565451026,1011.17957
1549565451066,1011.17957
1549565451105,1011.17957
1549565451144,1011.17957
1549565451181,1011.2768
1549565451220,1011.2768
1549565451258,1011.2768
1549565451297,1011.2768
1549565451335,1011.2547
1549565451377,1011.2547
1549565451412,1011.2547
1549565451450,1011.2547
1549565451489,1011.2103
1549565451528,1011.2103
1549565451565,1011.2103
1549565451605,1011.2103
1549565451642,1011.36584
1549565451681,1011.36584
1549565451724,1011.36584
1549565451757,1011.36584
1549565451798,1011.3298
1549565451835,1011.3298
1549565451875,1011.3298
1549565451913,1011.3298
1549565451949,1011.46027
1549565451987,1011.46027
1549565452029,1011.46027
1549565452065,1011.46027
1549565452107,1011.4282
1549565452143,1011.4282
1549565452183,1011.4282
1549565452220,1011.4282
1549565452258,1011.6403
1549565452297,1011.6403
1549565452333,1011.6403
1549565452374,1011.6403
1549565452411,1011.50665
1549565452451,1011.50665
1549565452499,1011.50665
1549565452529,1011.50665
1549565452564,1011.5329
1549565452606,1011.5329
1549565452641,1011.5329
1549565452682,1011.5329
1549565452721,1011.5611
1549565452758,1011.5611
1549565452795,1011.5611
1549565452834,1011.5611
1549565452873,1011.4118
1549565452917,1011.4118
1549565452950,1011.4118
1549565452990,1011.4118
1549565453030,1011.519
1549565453066,1011.519
1549565453104,1011.519
1549565453143,1011.519
1549565453181,1011.5462
1549565453221,1011.5462
1549565453258,1011.5462
1549565453296,1011.5462
1549565453334,1011.51746
1549565453375,1011.51746
1549565453411,1011.51746
1549565453450,1011.51746
1549565453491,1011.32886
1549565453526,1011.32886
1549565453565,1011.32886
1549565453603,1011.32886
1549565453642,1011.6282
1549565453681,1011.6282
1549565453719,1011.6282
1549565453785,1011.6282
1549565453801,1011.4466
1549565453835,1011.4466
1549565453873,1011.4466
1549565453914,1011.4466
1549565453950,1011.5245
1549565453989,1011.5245
1549565454030,1011.5245
1549565454065,1011.5245
1549565454103,1011.4974
1549565454143,1011.4974
1549565454179,1011.4974
1549565454220,1011.4974
1549565454260,1011.36475
1549565454294,1011.36475
1549565454333,1011.36475
1549565454374,1011.36475
1549565454411,1011.41925
1549565454449,1011.41925
1549565454488,1011.41925
1549565454526,1011.41925
1549565454570,1011.42053
1549565454603,1011.42053
1549565454642,1011.42053
1549565454681,1011.42053
1549565454719,1011.4261
1549565454758,1011.4261
1549565454797,1011.4261
1549565454835,1011.4261
1549565454876,1011.3967
1549565454910,1011.3967
1549565454952,1011.3967
1549565454990,1011.3967
1549565455026,1011.7433
1549565455065,1011.7433
1549565455105,1011.7433
1549565455143,1011.7433
1549565455181,1011.61835
1549565455219,1011.61835
1549565455257,1011.61835
1549565455295,1011.61835
1549565455335,1011.6822
1549565455374,1011.6822
1549565455414,1011.6822
1549565455449,1011.6822
1549565455488,1011.6428
1549565455526,1011.6428
1549565455564,1011.6428
1549565455606,1011.6428
1549565455642,1011.5108
1549565455681,1011.5108
1549565455718,1011.5108
1549565455757,1011.5108
1549565455796,1011.5231
1549565455834,1011.5231
1549565455873,1011.5231
1549565455912,1011.5231
1549565455950,1011.4571
1549565455988,1011.4571
1549565456028,1011.4571
1549565456065,1011.4571
1549565456102,1011.51654
1549565456143,1011.51654
1549565456181,1011.51654
1549565456220,1011.51654
1549565456263,1011.4223
1549565456296,1011.4223
1549565456334,1011.4223
1549565456372,1011.4223
1549565456415,1011.6998
1549565456447,1011.6998
1549565456487,1011.6998
1549565456535,1011.6998
1549565456564,1011.5156
1549565456606,1011.5156
1549565456641,1011.5156
1549565456681,1011.5156
1549565456719,1011.5728
1549565456755,1011.5728
1549565456793,1011.5728
1549565456834,1011.5728
1549565456871,1011.5584
1549565456910,1011.5584
1549565456947,1011.5584
1549565456998,1011.5584
1549565457024,1011.4425
1549565457065,1011.4425
1549565457118,1011.4425
1549565457142,1011.4425
1549565457179,1011.40314
1549565457217,1011.40314
1549565457256,1011.40314
1549565457295,1011.40314
1549565457332,1011.37604
1549565457373,1011.37604
1549565457413,1011.37604
1549565457449,1011.37604
1549565457487,1011.31836
1549565457524,1011.31836
1549565457563,1011.31836
1549565457603,1011.31836
1549565457646,1011.22577
1549565457680,1011.22577
1549565457719,1011.22577
1549565457757,1011.22577
1549565457794,1011.47437
1549565457834,1011.47437
1549565457874,1011.47437
1549565457912,1011.47437
1549565457950,1011.3085
1549565457987,1011.3085
1549565458025,1011.3085
1549565458063,1011.3085
1549565458106,1011.6403
1549565458142,1011.6403
1549565458182,1011.6403
1549565458217,1011.6403
1549565458257,1011.5377
1549565458296,1011.5377
1549565458334,1011.5377
1549565458371,1011.5377
1549565458412,1011.44476
1549565458448,1011.44476
1549565458488,1011.44476
1549565458534,1011.44476
1549565458564,1011.2839
1549565458601,1011.2839
1549565458641,1011.2839
1549565458680,1011.2839
1549565458717,1011.41925
1549565458755,1011.41925
1549565458794,1011.41925
1549565458833,1011.41925
1549565458873,1011.3559
1549565458915,1011.3559
1549565458948,1011.3559
1549565458988,1011.3559
1549565459026,1011.218
1549565459064,1011.218
1549565459102,1011.218
1549565459153,1011.218
1549565459178,1011.4516
1549565459217,1011.4516
1549565459255,1011.4516
1549565459295,1011.4516
1549565459335,1011.2891
1549565459370,1011.2891
1549565459413,1011.2891
1549565459450,1011.2891
1549565459489,1011.566
1549565459525,1011.566
1549565459564,1011.566
1549565459602,1011.566
1549565459642,1011.4184
1549565459680,1011.4184
1549565459720,1011.4184
1549565459757,1011.4184
1549565459793,1011.3697
1549565459834,1011.3697
1549565459873,1011.3697
1549565459910,1011.3697
1549565459948,1011.3697
1549565459999,1011.2421
1549565460026,1011.2421
1549565460068,1011.2421
1549565460102,1011.2421
1549565460190,1011.3243
1549565460190,1011.3243
1549565460215,1011.3243
1549565460253,1011.3243
1549565460294,1011.27997
1549565460336,1011.27997
1549565460417,1011.27997
1549565460421,1011.27997
1549565460447,1011.2722
1549565460487,1011.2722
1549565460524,1011.2722
1549565460564,1011.2722
1549565460602,1011.4615
1549565460641,1011.4615
1549565460679,1011.4615
1549565460717,1011.4615
1549565460755,1011.30396
1549565460794,1011.30396
1549565460833,1011.30396
1549565460871,1011.30396
1549565460912,1011.432
1549565460948,1011.432
1549565460997,1011.432
1549565461047,1011.432
1549565461065,1011.2635
1549565461100,1011.2635
1549565461139,1011.2635
1549565461180,1011.2635
1549565461218,1011.2524
1549565461254,1011.2524
1549565461302,1011.2524
1549565461335,1011.2524
1549565461374,1011.16644
1549565461410,1011.16644
1549565461449,1011.16644
1549565461487,1011.16644
1549565461525,1011.29913
1549565461566,1011.29913
1549565461602,1011.29913
1549565461640,1011.29913
1549565461679,1011.3679
1549565461718,1011.3679
1549565461756,1011.3679
1549565461795,1011.3679
1549565461831,1011.1539
1549565461872,1011.1539
1549565461908,1011.1539
1549565461947,1011.1539
1549565461986,1011.4297
1549565462025,1011.4297
1549565462064,1011.4297
1549565462103,1011.4297
1549565462140,1011.2898
1549565462179,1011.2898
1549565462217,1011.2898
1549565462255,1011.2898
1549565462293,1011.6728
1549565462332,1011.6728
1549565462369,1011.6728
1549565462408,1011.6728
1549565462446,1011.3405
1549565462486,1011.3405
1549565462525,1011.3405
1549565462564,1011.3405
1549565462602,1011.38275
1549565462639,1011.38275
1549565462679,1011.38275
1549565462726,1011.38275
1549565462755,1011.21857
1549565462796,1011.21857
1549565462831,1011.21857
1549565462874,1011.21857
1549565462910,1011.2724
1549565462948,1011.2724
1549565462994,1011.2724
1549565463026,1011.2724
1549565463070,1011.273
1549565463105,1011.273
1549565463142,1011.273
1549565463179,1011.273
1549565463216,1011.18207
1549565463254,1011.18207
1549565463296,1011.18207
1549565463332,1011.18207
1549565463382,1011.4222
1549565463409,1011.4222
1549565463448,1011.4222
1549565463484,1011.4222
1549565463526,1011.34125
1549565463566,1011.34125
1549565463601,1011.34125
1549565463643,1011.34125
1549565463677,1011.45166
1549565463716,1011.45166
1549565463755,1011.45166
1549565463792,1011.45166
1549565463833,1011.1627
1549565463872,1011.1627
1549565463909,1011.1627
1549565463947,1011.1627
1549565463985,1011.3996
1549565464025,1011.3996
1549565464063,1011.3996
1549565464106,1011.3996
1549565464164,1011.2088
1549565464181,1011.2088
1549565464214,1011.2088
1549565464253,1011.2088
1549565464305,1011.2493
1549565464340,1011.2493
1549565464371,1011.2493
1549565464407,1011.2493
1549565464445,1011.26056
1549565464485,1011.26056
1549565464529,1011.26056
1549565464562,1011.26056
1549565464612,1011.2984
1549565464642,1011.2984
1549565464677,1011.2984
1549565464715,1011.2984
1549565464757,1011.4853
1549565464800,1011.4853
1549565464840,1011.4853
1549565464868,1011.4853
1549565464908,1011.3737
1549565464946,1011.3737
1549565464986,1011.3737
1549565465040,1011.3737
1549565465067,1011.69135
1549565465098,1011.69135
1549565465143,1011.69135
1549565465175,1011.69135
1549565465214,1011.5106
1549565465253,1011.5106
1549565465293,1011.5106
1549565465336,1011.5106
1549565465368,1011.5339
1549565465407,1011.5339
1549565465445,1011.5339
1549565465498,1011.5339
1549565465523,1011.4113
1549565465561,1011.4113
1549565465599,1011.4113
1549565465637,1011.4113
1549565465679,1011.4618
1549565465715,1011.4618
1549565465755,1011.4618
1549565465796,1011.4618
1549565465831,1011.49066
1549565465871,1011.49066
1549565465910,1011.49066
1549565465948,1011.49066
1549565465985,1011.4935
1549565466023,1011.4935
1549565466062,1011.4935
1549565466102,1011.4935
1549565466140,1011.63153
1549565466181,1011.63153
1549565466217,1011.63153
1549565466256,1011.63153
1549565466293,1011.5073
1549565466333,1011.5073
1549565466373,1011.5073
1549565466408,1011.5073
1549565466446,1011.7614
1549565466485,1011.7614
1549565466524,1011.7614
1549565466563,1011.7614
1549565466601,1011.65717
1549565466640,1011.65717
1549565466679,1011.65717
1549565466717,1011.65717
1549565466756,1011.56195
1549565466793,1011.56195
1549565466832,1011.56195
1549565466870,1011.56195
1549565466907,1011.6167
1549565466946,1011.6167
1549565466987,1011.6167
1549565467022,1011.6167
1549565467062,1011.55133
1549565467102,1011.55133
1549565467137,1011.55133
1549565467177,1011.55133
1549565467219,1011.7216
1549565467254,1011.7216
1549565467294,1011.7216
1549565467331,1011.7216
1549565467369,1011.37787
1549565467409,1011.37787
1549565467446,1011.37787
1549565467486,1011.37787
1549565467523,1011.3335
1549565467572,1011.3335
1549565467602,1011.3335
1549565467672,1011.3335
1549565467676,1011.364
1549565467716,1011.364
1549565467782,1011.364
1549565467798,1011.364
1549565467832,1011.4451
1549565467871,1011.4451
1549565467908,1011.4451
1549565467948,1011.4451
1549565467989,1011.5228
1549565468025,1011.5228
1549565468064,1011.5228
1549565468103,1011.5228
1549565468160,1011.47516
1549565468177,1011.47516
1549565468216,1011.47516
1549565468255,1011.47516
1549565468291,1011.67865
1549565468331,1011.67865
1549565468371,1011.67865
1549565468412,1011.67865
1549565468447,1011.48895
1549565468484,1011.48895
1549565468529,1011.48895
1549565468561,1011.48895
1549565468619,1011.4696
1549565468642,1011.4696
1549565468703,1011.4696
1549565468731,1011.4696
1549565468753,1011.377
1549565468794,1011.377
1549565468829,1011.377
1549565468869,1011.377
1549565468909,1011.25116
1549565468946,1011.25116
1549565468985,1011.25116
1549565469024,1011.25116
1549565469062,1011.4337
1549565469099,1011.4337
1549565469140,1011.4337
1549565469176,1011.4337
1549565469220,1011.38605
1549565469256,1011.38605
1549565469296,1011.38605
1549565469332,1011.38605
1549565469370,1011.38605
1549565469407,1011.61115
1549565469447,1011.61115
1549565469486,1011.61115
1549565469526,1011.61115
1549565469564,1011.37823
1549565469601,1011.37823
1549565469642,1011.37823
1549565469685,1011.37823
1549565469715,1011.28735
1549565469754,1011.28735
1549565469792,1011.28735
1549565469833,1011.28735
1549565469868,1011.2879
1549565469908,1011.2879
1549565469945,1011.2879
1549565469985,1011.2879
1549565470026,1011.36237
1549565470062,1011.36237
1549565470098,1011.36237
1549565470143,1011.36237
1549565470184,1011.3862
1549565470214,1011.3862
1549565470254,1011.3862
1549565470290,1011.3862
1549565470332,1011.2704
1549565470370,1011.2704
1549565470413,1011.2704
1549565470446,1011.2704
1549565470484,1011.4954
1549565470524,1011.4954
1549565470560,1011.4954
1549565470599,1011.4954
1549565470637,1011.32806
1549565470680,1011.32806
1549565470718,1011.32806
1549565470752,1011.32806
1549565470794,1011.3419
1549565470841,1011.3419
1549565470872,1011.3419
1549565470910,1011.3419
1549565470945,1011.3325
1549565471004,1011.3325
1549565471021,1011.3325
1549565471062,1011.3325
1549565471104,1011.205
1549565471137,1011.205
1549565471178,1011.205
1549565471216,1011.205
1549565471254,1011.3942
1549565471292,1011.3942
1549565471331,1011.3942
1549565471368,1011.3942
1549565471406,1011.3216
1549565471446,1011.3216
1549565471486,1011.3216
1549565471522,1011.3216
1549565471561,1011.5333
1549565471600,1011.5333
1549565471638,1011.5333
1549565471677,1011.5333
1549565471715,1011.21735
1549565471753,1011.21735
1549565471791,1011.21735
1549565471830,1011.21735
1549565471870,1011.23285
1549565471905,1011.23285
1549565471945,1011.23285
1549565471985,1011.23285
1549565472025,1011.23846
1549565472069,1011.23846
1549565472098,1011.23846
1549565472137,1011.23846
1549565472176,1011.2756
1549565472218,1011.2756
1549565472255,1011.2756
1549565472297,1011.2756
1549565472330,1011.3101
1549565472368,1011.3101
1549565472406,1011.3101
1549565472448,1011.3101
1549565472485,1011.2874
1549565472522,1011.2874
1549565472562,1011.2874
1549565472598,1011.2874
1549565472635,1011.43756
1549565472677,1011.43756
1549565472716,1011.43756
1549565472752,1011.43756
1549565472793,1011.32446
1549565472830,1011.32446
1549565472869,1011.32446
1549565472910,1011.32446
1549565472947,1011.35
1549565472984,1011.35
1549565473024,1011.35
1549565473067,1011.35
1549565473100,1011.4004
1549565473142,1011.4004
1549565473177,1011.4004
1549565473214,1011.4004
1549565473255,1011.28864
1549565473291,1011.28864
1549565473332,1011.28864
1549565473368,1011.28864
1549565473409,1011.3923
1549565473445,1011.3923
1549565473482,1011.3923
1549565473521,1011.3923
1549565473576,1011.35895
1549565473598,1011.35895
1549565473637,1011.35895
1549565473680,1011.35895
1549565473713,1011.4592
1549565473754,1011.4592
1549565473792,1011.4592
1549565473830,1011.4592
1549565473867,1011.19214
1549565473909,1011.19214
1549565473945,1011.19214
1549565473982,1011.19214
1549565474021,1011.2499
1549565474061,1011.2499
1549565474098,1011.2499
1549565474138,1011.2499
1549565474186,1011.1756
1549565474214,1011.1756
1549565474275,1011.1756
1549565474289,1011.1756
1549565474338,1011.2609
1549565474370,1011.2609
1549565474407,1011.2609
1549565474445,1011.2609
1549565474483,1011.2499
1549565474523,1011.2499
1549565474561,1011.2499
1549565474600,1011.2499
1549565474636,1011.20685
1549565474675,1011.20685
1549565474716,1011.20685
1549565474751,1011.20685
1549565474791,1011.4352
1549565474829,1011.4352
1549565474868,1011.4352
1549565474907,1011.4352
1549565474944,1011.35034
1549565474985,1011.35034
1549565475023,1011.35034
1549565475058,1011.35034
1549565475101,1011.3669
1549565475137,1011.3669
1549565475176,1011.3669
1549565475213,1011.3669
1549565475252,1011.3791
1549565475292,1011.3791
1549565475330,1011.3791
1549565475367,1011.3791
1549565475406,1011.2497
1549565475446,1011.2497
1549565475482,1011.2497
1549565475522,1011.2497
1549565475560,1011.35
1549565475598,1011.35
1549565475639,1011.35
1549565475676,1011.35
1549565475717,1011.26337
1549565475753,1011.26337
1549565475791,1011.26337
1549565475835,1011.26337
1549565475866,1011.42255
1549565475905,1011.42255
1549565475946,1011.42255
1549565475983,1011.42255
1549565476023,1011.212
1549565476062,1011.212
1549565476101,1011.212
1549565476136,1011.212
1549565476176,1011.2458
1549565476214,1011.2458
1549565476253,1011.2458
1549565476290,1011.2458
1549565476329,1011.2358
1549565476368,1011.2358
1549565476405,1011.2358
1549565476457,1011.2358
1549565476496,1011.2131
1549565476521,1011.2131
1549565476561,1011.2131
1549565476598,1011.2131
1549565476641,1011.2884
1549565476677,1011.2884
1549565476714,1011.2884
1549565476749,1011.2884
1549565476788,1011.1152
1549565476836,1011.1152
1549565476866,1011.1152
1549565476904,1011.1152
1549565476942,1011.245
1549565476982,1011.245
1549565477018,1011.245
1549565477077,1011.245
1549565477095,1011.1153
1549565477135,1011.1153
1549565477180,1011.1153
1549565477222,1011.1153
1549565477252,1011.2139
1549565477292,1011.2139
1549565477326,1011.2139
1549565477366,1011.2139
1549565477405,1011.2052
1549565477444,1011.2052
1549565477482,1011.2052
1549565477522,1011.2052
1549565477558,1011.08545
1549565477603,1011.08545
1549565477641,1011.08545
1549565477673,1011.08545
1549565477712,1011.24725
1549565477750,1011.24725
1549565477790,1011.24725
1549565477828,1011.24725
1549565477867,1011.1687
1549565477964,1011.1687
1549565477964,1011.1687
1549565477980,1011.1687
1549565478020,1011.2601
1549565478059,1011.2601
1549565478098,1011.2601
1549565478135,1011.2601
1549565478183,1011.2601
1549565478212,1011.4302
1549565478253,1011.4302
1549565478289,1011.4302
1549565478328,1011.4302
1549565478367,1011.34863
1549565478405,1011.34863
1549565478447,1011.34863
1549565478485,1011.34863
1549565478526,1011.4655
1549565478559,1011.4655
1549565478597,1011.4655
1549565478635,1011.4655
1549565478673,1011.387
1549565478729,1011.387
1549565478753,1011.387
1549565478789,1011.387
1549565478830,1011.5262
1549565478866,1011.5262
1549565478904,1011.5262
1549565478944,1011.5262
1549565478983,1011.55664
1549565479022,1011.55664
1549565479061,1011.55664
1549565479097,1011.55664
1549565479135,1011.48236
1549565479176,1011.48236
1549565479214,1011.48236
1549565479252,1011.48236
1549565479292,1011.4657
1549565479329,1011.4657
1549565479366,1011.4657
1549565479403,1011.4657
1549565479444,1011.4214
1549565479481,1011.4214
1549565479521,1011.4214
1549565479558,1011.4214
1549565479597,1011.4193
1549565479637,1011.4193
1549565479674,1011.4193
1549565479713,1011.4193
1549565479751,1011.2447
1549565479790,1011.2447
1549565479829,1011.2447
1549565479868,1011.2447
1549565479904,1011.2314
1549565479944,1011.2314
1549565479983,1011.2314
1549565480021,1011.2314
1549565480061,1011.19604
1549565480098,1011.19604
1549565480136,1011.19604
1549565480198,1011.19604
1549565480221,1011.2797
1549565480251,1011.2797
1549565480289,1011.2797
1549565480332,1011.2797
1549565480367,1011.29126
1549565480403,1011.29126
1549565480457,1011.29126
1549565480482,1011.29126
1549565480519,1011.15125
1549565480560,1011.15125
1549565480597,1011.15125
1549565480635,1011.15125
1549565480674,1011.1385
1549565480712,1011.1385
1549565480752,1011.1385
1549565480790,1011.1385
1549565480829,1011.13074
1549565480871,1011.13074
1549565480910,1011.13074
1549565480944,1011.13074
1549565480981,1011.17786
1549565481021,1011.17786
1549565481057,1011.17786
1549565481097,1011.17786
1549565481135,1011.17944
1549565481173,1011.17944
1549565481215,1011.17944
1549565481253,1011.17944
1549565481290,1011.2132
1549565481328,1011.2132
1549565481368,1011.2132
1549565481403,1011.2132
1549565481443,1011.4115
1549565481483,1011.4115
1549565481533,1011.4115
1549565481558,1011.4115
1549565481596,1011.5002
1549565481634,1011.5002
1549565481673,1011.5002
1549565481711,1011.5002
1549565481748,1011.48975
1549565481790,1011.48975
1549565481826,1011.48975
1549565481865,1011.48975
1549565481908,1011.5661
1549565481944,1011.5661
1549565481981,1011.5661
1549565482026,1011.5661
1549565482059,1011.4703
1549565482098,1011.4703
1549565482136,1011.4703
1549565482175,1011.4703
1549565482224,1011.4001
1549565482250,1011.4001
1549565482288,1011.4001
1549565482329,1011.4001
1549565482373,1011.3053
1549565482404,1011.3053
1549565482443,1011.3053
1549565482484,1011.3053
1549565482521,1011.18787
1549565482558,1011.18787
1549565482597,1011.18787
1549565482638,1011.18787
1549565482675,1011.12695
1549565482713,1011.12695
1549565482751,1011.12695
1549565482790,1011.12695
1549565482828,1011.092
1549565482865,1011.092
1549565482927,1011.092
1549565482944,1011.092
1549565483010,1011.19293
1549565483021,1011.19293
1549565483065,1011.19293
1549565483337,1011.19293
1549565483337,1011.1652
1549565483337,1011.1652
1549565483338,1011.1652
1549565483338,1011.1652
1549565483338,1011.1718
1549565483338,1011.1718
1549565483362,1011.1718
1549565483409,1011.1718
1549565483443,1011.17474
1549565483491,1011.17474
1549565483516,1011.17474
1549565483558,1011.17474
1549565483594,1011.18195
1549565483632,1011.18195
1549565483671,1011.18195
1549565483710,1011.18195
1549565483748,1011.2101
1549565483785,1011.2101
1549565483824,1011.2101
1549565483862,1011.2101
1549565483902,1011.2429
1549565483986,1011.2429
1549565483987,1011.2429
1549565484082,1011.2429
1549565484083,1011.23456
1549565484255,1011.23456
1549565484255,1011.23456
1549565484257,1011.23456
1549565484257,1011.23114
1549565484258,1011.23114
1549565484322,1011.23114
1549565484325,1011.23114
1549565484363,1011.2424
1549565484405,1011.2424
1549565484440,1011.2424
1549565484480,1011.2424
1549565484516,1011.2622
1549565484564,1011.2622
1549565484596,1011.2622
1549565484631,1011.2622
1549565484671,1011.2694
1549565484720,1011.2694
1549565484747,1011.2694
