1549565387196,1013.719
1549565387237,1013.7158
1549565387261,1013.7197
1549565387302,1013.7163
1549565387342,1013.71484
1549565387381,1013.7178
1549565387422,1013.7278
1549565387461,1013.72485
1549565387501,1013.7307
1549565387541,1013.7317
1549565387582,1013.73193
1549565387623,1013.73584
1549565387662,1013.7273
1549565387706,1013.7324
1549565387742,1013.7351
1549565387781,1013.7427
1549565387823,1013.74927
1549565387862,1013.7588
1549565387902,1013.74854
1549565387941,1013.7446
1549565387981,1013.75244
1549565388025,1013.7488
1549565388063,1013.74097
1549565388105,1013.74365
1549565388141,1013.74243
1549565388181,1013.7427
1549565388222,1013.74146
1549565388265,1013.74756
1549565388304,1013.7544
1549565388341,1013.7561
1549565388381,1013.7561
1549565388422,1013.75977
1549565388463,1013.76245
1549565388504,1013.761
1549565388545,1013.75903
1549565388586,1013.75073
1549565388622,1013.74023
1549565388662,1013.75
1549565388702,1013.751
1549565388743,1013.74976
1549565388781,1013.751
1549565388824,1013.7505
1549565388860,1013.7527
1549565388901,1013.7556
1549565388941,1013.7556
1549565388981,1013.76074
1549565389022,1013.7605
1549565389061,1013.761
1549565389101,1013.7637
1549565389141,1013.75977
1549565389199,1013.75635
1549565389223,1013.75415
1549565389261,1013.7529
1549565389301,1013.7549
1549565389340,1013.7578
1549565389381,1013.7634
1549565389425,1013.7571
1549565389461,1013.7639
1549565389502,1013.7634
1549565389542,1013.7634
1549565389581,1013.7549
1549565389622,1013.7661
1549565389661,1013.7615
1549565389702,1013.76416
1549565389740,1013.7656
1549565389781,1013.7654
1549565389822,1013.7656
1549565389862,1013.77026
1549565389902,1013.7627
1549565389943,1013.76
1549565389982,1013.76196
1549565390022,1013.75757
1549565390062,1013.7566
1549565390105,1013.76245
1549565390141,1013.76416
1549565390181,1013.7639
1549565390222,1013.77563
1549565390273,1013.7798
1549565390306,1013.78076
1549565390341,1013.78467
1549565390381,1013.7815
1549565390421,1013.77856
1549565390462,1013.77295
1549565390502,1013.7676
1549565390541,1013.7744
1549565390582,1013.7739
1549565390622,1013.7654
1549565390661,1013.7644
1549565390701,1013.7654
1549565390743,1013.76807
1549565390782,1013.76587
1549565390822,1013.77344
1549565390862,1013.7798
1549565390902,1013.77734
1549565390941,1013.7749
1549565390983,1013.772
1549565391023,1013.76245
1549565391061,1013.7593
1549565391104,1013.7617
1549565391141,1013.7717
1549565391181,1013.77
1549565391222,1013.7705
1549565391271,1013.7783
1549565391306,1013.771
1549565391343,1013.771
1549565391381,1013.77075
1549565391422,1013.7678
1549565391461,1013.7683
1549565391502,1013.76733
1549565391545,1013.77026
1549565391585,1013.7776
1549565391621,1013.78
1549565391661,1013.7798
1549565391702,1013.77783
1549565391741,1013.7678
1549565391781,1013.77466
1549565391821,1013.77563
1549565391862,1013.77734
1549565391903,1013.7761
1549565391941,1013.77783
1549565391985,1013.7844
1549565392026,1013.78613
1549565392062,1013.8008
1549565392106,1013.8003
1549565392140,1013.8025
1549565392182,1013.802
1549565392221,1013.8076
1549565392262,1013.80493
1549565392303,1013.80493
1549565392341,1013.8081
1549565392382,1013.8015
1549565392421,1013.803
1549565392461,1013.7993
1549565392502,1013.79297
1549565392541,1013.78467
1549565392584,1013.7849
1549565392622,1013.78394
1549565392661,1013.7793
1549565392702,1013.7737
1549565392743,1013.77
1549565392782,1013.7705
1549565392823,1013.77856
1549565392862,1013.7871
1549565392903,1013.791
1549565392941,1013.79443
1549565392981,1013.7976
1549565393022,1013.79517
1549565393063,1013.7993
1549565393101,1013.7942
1549565393143,1013.801
1549565393182,1013.8108
1549565393221,1013.81006
1549565393263,1013.80273
1549565393304,1013.8013
1549565393341,1013.8064
1549565393381,1013.8025
1549565393422,1013.80396
1549565393461,1013.8071
1549565393503,1013.80664
1549565393543,1013.802
1549565393583,1013.8032
1549565393623,1013.80835
1549565393661,1013.80884
1549565393701,1013.81177
1549565393742,1013.8157
1549565393781,1013.8157
1549565393821,1013.8181
1549565393862,1013.81104
1549565393901,1013.82056
1549565393941,1013.8259
1549565393984,1013.8352
1549565394022,1013.84204
1549565394063,1013.8479
1549565394103,1013.8462
1549565394141,1013.8457
1549565394182,1013.8325
1549565394220,1013.8235
1549565394261,1013.8242
1549565394301,1013.8147
1549565394342,1013.8174
1549565394387,1013.8208
1549565394421,1013.8191
1549565394462,1013.8259
1549565394503,1013.8342
1549565394542,1013.8391
1549565394581,1013.84106
1549565394621,1013.83325
1549565394661,1013.83594
1549565394701,1013.82886
1549565394741,1013.82104
1549565394781,1013.8152
1549565394821,1013.8213
1549565394861,1013.8213
1549565394901,1013.8264
1549565394940,1013.8225
1549565394981,1013.82715
1549565395021,1013.8262
1549565395061,1013.83545
1549565395103,1013.8313
1549565395141,1013.8318
1549565395181,1013.82837
1549565395221,1013.8279
1549565395264,1013.8281
1549565395301,1013.8269
1549565395341,1013.8259
1549565395383,1013.82764
1549565395424,1013.8286
1549565395462,1013.83984
1549565395512,1013.8508
1549565395541,1013.8489
1549565395588,1013.84326
1549565395621,1013.84155
1549565395661,1013.8408
1549565395701,1013.83545
1549565395741,1013.8269
1549565395782,1013.8196
1549565395822,1013.8198
1549565395863,1013.8237
1549565395901,1013.8191
1549565395942,1013.8191
1549565395982,1013.8137
1549565396022,1013.8181
1549565396063,1013.8225
1549565396103,1013.8325
1549565396141,1013.8252
1549565396181,1013.8335
1549565396221,1013.8335
1549565396262,1013.82983
1549565396301,1013.8296
1549565396342,1013.8237
1549565396381,1013.82983
1549565396424,1013.8296
1549565396463,1013.8264
1549565396505,1013.82837
1549565396543,1013.8235
1549565396584,1013.8279
1549565396622,1013.8291
1549565396662,1013.83545
1549565396703,1013.83154
1549565396741,1013.8313
1549565396781,1013.82715
1549565396821,1013.8196
1549565396863,1013.8164
1549565396901,1013.824
1549565396943,1013.8115
1549565396981,1013.81177
1549565397022,1013.8076
1549565397063,1013.8064
1549565397101,1013.80493
1549565397141,1013.8096
1549565397182,1013.81323
1549565397221,1013.813
1549565397261,1013.8269
1549565397304,1013.8235
1549565397341,1013.8296
1549565397381,1013.82886
1549565397421,1013.8281
1549565397465,1013.8213
1549565397501,1013.82153
1549565397542,1013.8252
1549565397582,1013.8318
1549565397623,1013.83813
1549565397662,1013.8279
1549565397701,1013.8342
1549565397741,1013.8362
1549565397781,1013.8367
1549565397821,1013.8181
1549565397862,1013.8157
1549565397901,1013.8142
1549565397942,1013.81055
1549565397982,1013.8098
1549565398021,1013.80664
1549565398064,1013.7991
1549565398101,1013.79517
1549565398142,1013.7969
1549565398181,1013.79785
1549565398221,1013.80615
1549565398267,1013.80664
1549565398301,1013.8169
1549565398342,1013.8213
1549565398381,1013.81934
1549565398421,1013.8174
1549565398462,1013.8218
1549565398501,1013.82104
1549565398548,1013.8286
1549565398581,1013.82715
1549565398621,1013.823
1549565398662,1013.823
1549565398702,1013.81885
1549565398742,1013.8235
1549565398781,1013.82764
1549565398821,1013.8225
1549565398863,1013.82446
1549565398903,1013.82446
1549565398941,1013.81616
1549565398982,1013.8113
1549565399022,1013.8186
1549565399064,1013.82007
1549565399102,1013.8137
1549565399141,1013.8164
1549565399181,1013.8186
1549565399221,1013.8142
1549565399262,1013.82446
1549565399303,1013.8213
1549565399341,1013.82495
1549565399381,1013.82935
1549565399421,1013.8301
1549565399462,1013.8242
1549565399500,1013.8262
1549565399543,1013.8235
1549565399581,1013.822
1549565399621,1013.82056
1549565399662,1013.8235
1549565399701,1013.822
1549565399742,1013.823
1549565399781,1013.8237
1549565399827,1013.8242
1549565399862,1013.8196
1549565399901,1013.82544
1549565399942,1013.8252
1549565399981,1013.8225
1549565400022,1013.8208
1549565400061,1013.8191
1549565400102,1013.822
1549565400141,1013.8252
1549565400181,1013.82324
1549565400221,1013.81665
1549565400261,1013.812
1549565400302,1013.8071
1549565400344,1013.80493
1549565400382,1013.8069
1549565400423,1013.8042
1549565400462,1013.80664
1549565400501,1013.8071
1549565400541,1013.803
1549565400581,1013.8059
1549565400621,1013.8159
1549565400663,1013.8179
1549565400701,1013.82056
1549565400742,1013.8115
1549565400781,1013.8069
1549565400821,1013.80884
1549565400862,1013.8152
1549565400907,1013.8213
1549565400942,1013.8235
1549565400982,1013.82446
1549565401021,1013.8262
1549565401062,1013.8252
1549565401101,1013.8252
1549565401141,1013.8259
1549565401182,1013.83594
1549565401222,1013.84204
1549565401261,1013.8457
1549565401301,1013.8462
1549565401342,1013.83203
1549565401382,1013.8369
1549565401423,1013.83203
1549565401462,1013.8362
1549565401501,1013.8264
1549565401542,1013.8235
1549565401581,1013.8191
1549565401625,1013.8164
1549565401662,1013.81323
1549565401701,1013.81226
1549565401742,1013.81274
1549565401783,1013.81396
1549565401825,1013.8113
1549565401861,1013.802
1549565401901,1013.8096
1549565401943,1013.8081
1549565401982,1013.8074
1549565402021,1013.8081
1549565402062,1013.8025
1549565402101,1013.7998
1549565402142,1013.8064
1549565402181,1013.8008
1549565402221,1013.80225
1549565402262,1013.7971
1549565402302,1013.79956
1549565402345,1013.80225
1549565402383,1013.7954
1549565402422,1013.7898
1549565402461,1013.7854
1549565402501,1013.7898
1549565402542,1013.79614
1549565402584,1013.8008
1549565402622,1013.79297
1549565402661,1013.7927
1549565402701,1013.78735
1549565402742,1013.7947
1549565402781,1013.7849
1549565402822,1013.78394
1549565402861,1013.78174
1549565402901,1013.7849
1549565402942,1013.7908
1549565402982,1013.79346
1549565403024,1013.8013
1549565403061,1013.7964
1549565403104,1013.79663
1549565403142,1013.7932
1549565403181,1013.7942
1549565403221,1013.79614
1549565403262,1013.792
1549565403302,1013.79443
1549565403342,1013.7842
1549565403381,1013.79224
1549565403421,1013.7905
1549565403462,1013.7937
1549565403501,1013.79224
1549565403541,1013.79224
1549565403581,1013.7998
1549565403622,1013.7988
1549565403661,1013.8037
1549565403702,1013.80664
1549565403743,1013.7954
1549565403781,1013.7942
1549565403822,1013.79004
1549565403862,1013.7883
1549565403902,1013.79126
1549565403941,1013.79004
1549565403981,1013.7903
1549565404024,1013.7932
1549565404064,1013.78906
1549565404102,1013.7915
1549565404143,1013.7981
1549565404181,1013.8047
1549565404222,1013.80835
1549565404261,1013.8113
1549565404302,1013.81006
1549565404342,1013.81055
1549565404381,1013.80615
1549565404422,1013.79834
1549565404461,1013.8054
1549565404502,1013.8037
1549565404542,1013.80054
1549565404582,1013.7949
1549565404624,1013.7993
1549565404662,1013.7969
1549565404702,1013.80225
1549565404742,1013.81323
1549565404784,1013.8169
1549565404823,1013.8103
1549565404864,1013.8047
1549565404903,1013.8086
1549565404941,1013.80005
1549565404981,1013.80347
1549565405022,1013.8032
1549565405065,1013.8032
1549565405103,1013.7898
1549565405141,1013.78687
1549565405181,1013.79126
1549565405221,1013.80225
1549565405262,1013.7998
1549565405302,1013.79004
1549565405341,1013.7908
1549565405381,1013.7993
1549565405421,1013.8032
1549565405461,1013.8059
1549565405504,1013.802
1549565405545,1013.7993
1549565405581,1013.8003
1549565405628,1013.7954
1549565405662,1013.7976
1549565405701,1013.792
1549565405741,1013.7988
1549565405781,1013.80444
1549565405822,1013.802
1549565405862,1013.80835
1549565405903,1013.81836
1549565405941,1013.8174
1549565405982,1013.8135
1549565406024,1013.8135
1549565406062,1013.82104
1549565406103,1013.81396
1549565406141,1013.8086
1549565406181,1013.8052
1549565406222,1013.8042
1549565406262,1013.8098
1549565406302,1013.81226
1549565406341,1013.8081
1549565406381,1013.80396
1549565406422,1013.80493
1549565406461,1013.8098
1549565406503,1013.80835
1549565406541,1013.8096
1549565406581,1013.8086
1549565406623,1013.8137
1549565406662,1013.82153
1549565406701,1013.82007
1549565406741,1013.8152
1549565406781,1013.8086
1549565406823,1013.80835
1549565406861,1013.813
1549565406904,1013.8052
1549565406940,1013.80566
1549565406981,1013.81055
1549565407021,1013.8157
1549565407061,1013.8115
1549565407105,1013.8032
1549565407142,1013.8064
1549565407184,1013.8069
1549565407221,1013.8076
1549565407261,1013.80176
1549565407303,1013.8003
1549565407345,1013.8086
1549565407382,1013.8076
1549565407423,1013.8074
1549565407461,1013.81055
1549565407501,1013.8135
1549565407542,1013.8169
1549565407580,1013.8125
1549565407624,1013.8147
1549565407661,1013.8047
1549565407701,1013.79956
1549565407742,1013.79297
1549565407783,1013.792
1549565407822,1013.7954
1549565407862,1013.7947
1549565407902,1013.7971
1549565407942,1013.802
1549565407983,1013.8008
1549565408022,1013.8115
1549565408062,1013.8174
1549565408103,1013.8159
1549565408141,1013.8262
1549565408183,1013.82446
1549565408221,1013.8291
1549565408262,1013.82227
1549565408303,1013.8159
1549565408343,1013.8247
1549565408383,1013.8252
1549565408424,1013.82104
1549565408462,1013.82104
1549565408503,1013.8257
1549565408543,1013.82935
1549565408581,1013.8281
1549565408621,1013.8325
1549565408661,1013.8374
1549565408701,1013.834
1549565408741,1013.83154
1549565408782,1013.82324
1549565408823,1013.82227
1549565408862,1013.8115
1549565408901,1013.8186
1549565408941,1013.8208
1549565408981,1013.82324
1549565409022,1013.81616
1549565409061,1013.82104
1549565409101,1013.81616
1549565409142,1013.82056
1549565409182,1013.8218
1549565409221,1013.8252
1549565409262,1013.8252
1549565409302,1013.8274
1549565409349,1013.82666
1549565409383,1013.82983
1549565409423,1013.823
1549565409464,1013.82764
1549565409502,1013.82666
1549565409541,1013.8242
1549565409582,1013.8252
1549565409628,1013.83203
1549565409661,1013.8364
1549565409701,1013.83374
1549565409741,1013.83105
1549565409782,1013.83105
1549565409831,1013.8301
1549565409862,1013.82764
1549565409901,1013.81885
1549565409941,1013.82056
1549565409981,1013.81714
1549565410021,1013.82104
1549565410061,1013.82544
1549565410101,1013.8357
1549565410141,1013.83203
1549565410184,1013.8291
1549565410220,1013.8225
1549565410263,1013.823
1549565410302,1013.8169
1549565410342,1013.8157
1549565410384,1013.81396
1549565410421,1013.81836
1549565410463,1013.824
1549565410501,1013.8237
1549565410541,1013.8237
1549565410584,1013.82666
1549565410624,1013.82837
1549565410661,1013.834
1549565410701,1013.8364
1549565410745,1013.8279
1549565410781,1013.8296
1549565410820,1013.8281
1549565410861,1013.8235
1549565410902,1013.8235
1549565410943,1013.82324
1549565410985,1013.813
1549565411021,1013.81665
1549565411063,1013.81714
1549565411103,1013.8135
1549565411141,1013.8096
1549565411182,1013.81885
1549565411221,1013.8208
1549565411262,1013.8247
1549565411302,1013.8218
1549565411341,1013.8181
1549565411381,1013.8179
1549565411421,1013.822
1549565411465,1013.8237
1549565411502,1013.8279
1549565411541,1013.83105
1549565411582,1013.8237
1549565411624,1013.82153
1549565411663,1013.8198
1549565411702,1013.8157
1549565411741,1013.81445
1549565411782,1013.81665
1549565411821,1013.82544
1549565411862,1013.8269
1549565411902,1013.8308
1549565411940,1013.8264
1549565411985,1013.82983
1549565412022,1013.8176
1549565412062,1013.8154
1549565412101,1013.81226
1549565412141,1013.81494
1549565412186,1013.8237
1549565412221,1013.8247
1549565412262,1013.8281
1549565412301,1013.82837
1549565412343,1013.8342
1549565412382,1013.834
1549565412421,1013.83203
1549565412462,1013.82666
1549565412501,1013.83765
1549565412542,1013.8406
1549565412588,1013.83325
1549565412621,1013.83545
1549565412662,1013.822
1549565412702,1013.8181
1549565412742,1013.8198
1549565412782,1013.8179
1549565412821,1013.8176
1549565412863,1013.81836
1549565412905,1013.82544
1549565412943,1013.82544
1549565412982,1013.82544
1549565413021,1013.82764
1549565413062,1013.8247
1549565413102,1013.82104
1549565413144,1013.81714
1549565413182,1013.8169
1549565413221,1013.8198
1549565413262,1013.8135
1549565413303,1013.8135
1549565413343,1013.8135
1549565413383,1013.8091
1549565413421,1013.81177
1549565413464,1013.8176
1549565413502,1013.8213
1549565413541,1013.8186
1549565413582,1013.81836
1549565413621,1013.8247
1549565413661,1013.8203
1549565413703,1013.8159
1549565413743,1013.82324
1549565413782,1013.8181
1549565413824,1013.8176
1549565413862,1013.81104
1549565413902,1013.8142
1549565413942,1013.8113
1549565413982,1013.8115
1549565414021,1013.8108
1549565414063,1013.81396
1549565414101,1013.8242
1549565414141,1013.8296
1549565414181,1013.83374
1549565414221,1013.8308
1549565414262,1013.8352
1549565414302,1013.83594
1549565414342,1013.82227
1549565414382,1013.8142
1549565414422,1013.8081
1549565414472,1013.80225
1549565414502,1013.8003
1549565414544,1013.8013
1549565414581,1013.80884
1549565414621,1013.81396
1549565414663,1013.81274
1549565414702,1013.8125
1549565414743,1013.82275
1549565414781,1013.82715
1549565414821,1013.8279
1549565414865,1013.82007
1549565414904,1013.81274
1549565414943,1013.8074
1549565414983,1013.8181
1549565415021,1013.8259
1549565415063,1013.8159
1549565415101,1013.81274
1549565415142,1013.81714
1549565415181,1013.8208
1549565415221,1013.8242
1549565415261,1013.82007
1549565415301,1013.8252
1549565415341,1013.82886
1549565415387,1013.8225
1549565415421,1013.80396
1549565415461,1013.80444
1549565415504,1013.79614
1549565415545,1013.79175
1549565415582,1013.79297
1549565415624,1013.79834
1549565415665,1013.80054
1549565415701,1013.8115
1549565415743,1013.8176
1549565415781,1013.8176
1549565415821,1013.81177
1549565415862,1013.8103
1549565415901,1013.8169
1549565415942,1013.82227
1549565415982,1013.8262
1549565416021,1013.82544
1549565416061,1013.82275
1549565416101,1013.8225
1549565416142,1013.8303
1549565416184,1013.8281
1549565416221,1013.8335
1549565416261,1013.8367
1549565416301,1013.8406
1549565416342,1013.83887
1549565416381,1013.83374
1549565416421,1013.8308
1549565416461,1013.8259
1549565416501,1013.8208
1549565416544,1013.82715
1549565416581,1013.82495
1549565416624,1013.8218
1549565416664,1013.8225
1549565416701,1013.8242
1549565416742,1013.8179
1549565416781,1013.82104
1549565416824,1013.824
1549565416861,1013.82495
1549565416902,1013.82104
1549565416941,1013.82324
1549565416982,1013.8367
1549565417023,1013.8379
1549565417062,1013.8447
1549565417104,1013.84106
1549565417143,1013.83203
1549565417181,1013.8247
1549565417221,1013.813
1549565417261,1013.81836
1549565417301,1013.81714
1549565417343,1013.81665
1549565417386,1013.833
1549565417422,1013.8308
1549565417466,1013.83374
1549565417501,1013.8301
1549565417544,1013.8313
1549565417583,1013.8237
1549565417622,1013.8137
1549565417662,1013.8093
1549565417702,1013.80225
1549565417741,1013.80273
1549565417781,1013.80176
1549565417822,1013.80615
1549565417862,1013.81494
1549565417904,1013.82007
1549565417942,1013.8247
1549565417982,1013.8242
1549565418023,1013.8279
1549565418061,1013.8257
1549565418101,1013.8264
1549565418141,1013.82886
1549565418184,1013.82446
1549565418223,1013.82446
1549565418261,1013.8274
1549565418301,1013.8264
1549565418343,1013.82544
1549565418382,1013.8237
1549565418422,1013.824
1549565418462,1013.8235
1549565418501,1013.8286
1549565418541,1013.8303
1549565418584,1013.83203
1549565418621,1013.8335
1549565418662,1013.8225
1549565418701,1013.81616
1549565418742,1013.8071
1549565418783,1013.802
1549565418823,1013.80347
1549565418861,1013.80884
1549565418902,1013.8179
1549565418942,1013.8279
1549565418984,1013.8357
1549565419022,1013.83887
1549565419064,1013.83765
1549565419101,1013.8396
1549565419141,1013.8423
1549565419182,1013.83276
1549565419221,1013.83813
1549565419261,1013.83496
1549565419302,1013.8318
1549565419343,1013.8279
1549565419381,1013.82935
1549565419422,1013.8252
1549565419465,1013.8291
1549565419502,1013.8279
1549565419541,1013.83325
1549565419581,1013.8345
1549565419623,1013.83203
1549565419667,1013.83057
1549565419701,1013.8274
1549565419741,1013.82275
1549565419781,1013.8179
1549565419821,1013.8176
1549565419864,1013.8186
1549565419904,1013.8142
1549565419941,1013.81396
1549565419983,1013.8176
1549565420023,1013.82227
1549565420063,1013.81616
1549565420101,1013.8237
1549565420142,1013.81885
1549565420181,1013.8213
1549565420221,1013.8196
1549565420261,1013.81494
1549565420304,1013.8208
1549565420342,1013.8225
1549565420382,1013.8142
1549565420425,1013.81665
1549565420464,1013.81616
1549565420502,1013.8176
1549565420542,1013.8169
1549565420581,1013.8279
1549565420623,1013.8374
1549565420662,1013.8374
1549565420701,1013.8286
1549565420741,1013.833
1549565420781,1013.83276
1549565420822,1013.83325
1549565420864,1013.8325
1549565420903,1013.83594
1549565420943,1013.83057
1549565420982,1013.82544
1549565421023,1013.8313
1549565421061,1013.82983
1549565421103,1013.8347
1549565421142,1013.833
1549565421182,1013.8362
1549565421222,1013.8369
1549565421261,1013.8318
1549565421302,1013.83374
1549565421346,1013.8318
1549565421381,1013.8335
1549565421422,1013.8357
1549565421462,1013.8384
1549565421503,1013.8386
1549565421541,1013.8247
1549565421582,1013.81616
1549565421622,1013.81714
1549565421664,1013.8198
1549565421705,1013.8242
1549565421741,1013.8186
1549565421781,1013.81836
1549565421822,1013.8279
1549565421861,1013.8152
1549565421901,1013.8108
1549565421941,1013.8157
1549565421981,1013.812
1549565422021,1013.8154
1549565422062,1013.8135
1549565422103,1013.80664
1549565422141,1013.8013
1549565422181,1013.8064
1549565422221,1013.80444
1549565422261,1013.8069
1549565422303,1013.8142
1549565422342,1013.8159
1549565422381,1013.82104
1549565422422,1013.82153
1549565422462,1013.82056
1549565422502,1013.8264
1549565422541,1013.8279
1549565422583,1013.83105
1549565422623,1013.8235
1549565422663,1013.82275
1549565422701,1013.81323
1549565422741,1013.81836
1549565422781,1013.823
1549565422822,1013.82495
1549565422862,1013.8296
1549565422902,1013.83203
1549565422943,1013.8286
1549565422981,1013.8264
1549565423021,1013.8213
1549565423061,1013.82056
1549565423104,1013.82056
1549565423141,1013.8135
1549565423185,1013.7986
1549565423221,1013.80054
1549565423261,1013.7871
1549565423302,1013.7883
1549565423342,1013.792
1549565423388,1013.79614
1549565423421,1013.8003
1549565423462,1013.8032
1549565423511,1013.8108
1549565423542,1013.8091
1549565423582,1013.81714
1549565423621,1013.81323
1549565423661,1013.82153
1549565423702,1013.81616
1549565423741,1013.8213
1549565423782,1013.8281
1549565423821,1013.8264
1549565423862,1013.8218
1549565423904,1013.8237
1549565423942,1013.82715
1549565423982,1013.8291
1549565424021,1013.8274
1549565424063,1013.8342
1549565424104,1013.83594
1549565424145,1013.8323
1549565424183,1013.8286
1549565424221,1013.80786
1549565424261,1013.8071
1549565424301,1013.79663
1549565424343,1013.7888
1549565424382,1013.7837
1549565424421,1013.7893
1549565424462,1013.78564
1549565424505,1013.7927
1549565424542,1013.791
1549565424582,1013.79395
1549565424621,1013.7954
1549565424661,1013.80005
1549565424701,1013.8052
1549565424741,1013.81006
1549565424781,1013.801
1549565424821,1013.8047
1549565424864,1013.8091
1549565424903,1013.8064
1549565424942,1013.8069
1549565424983,1013.80664
1549565425023,1013.8142
1549565425062,1013.81616
1549565425101,1013.8147
1549565425141,1013.82324
1549565425182,1013.8213
1549565425221,1013.8274
1549565425261,1013.83325
1549565425301,1013.8318
1549565425341,1013.8308
1549565425390,1013.82153
1549565425421,1013.82227
1549565425461,1013.8142
1549565425503,1013.8047
1549565425542,1013.8047
1549565425583,1013.80615
1549565425621,1013.80884
1549565425665,1013.8059
1549565425702,1013.8159
1549565425742,1013.8218
1549565425781,1013.82544
1549565425821,1013.823
1549565425861,1013.8208
1549565425902,1013.8174
1549565425941,1013.82446
1549565425982,1013.82446
1549565426021,1013.8135
1549565426062,1013.80615
1549565426103,1013.80615
1549565426142,1013.80615
1549565426182,1013.81616
1549565426223,1013.8179
1549565426261,1013.82446
1549565426301,1013.82544
1549565426340,1013.82324
1549565426382,1013.8235
1549565426421,1013.8186
1549565426463,1013.8076
1549565426501,1013.8042
1549565426541,1013.7986
1549565426582,1013.80664
1549565426622,1013.8071
1549565426662,1013.80664
1549565426706,1013.80176
1549565426741,1013.8042
1549565426782,1013.81006
1549565426821,1013.80786
1549565426862,1013.8191
1549565426901,1013.8218
1549565426941,1013.8303
1549565426982,1013.8247
1549565427024,1013.8281
1549565427064,1013.8179
1549565427103,1013.8157
1549565427142,1013.8174
1549565427182,1013.8086
1549565427221,1013.8159
1549565427262,1013.82007
1549565427301,1013.82275
1549565427341,1013.82275
1549565427382,1013.8279
1549565427421,1013.8313
1549565427462,1013.8301
1549565427502,1013.82495
1549565427543,1013.80884
1549565427582,1013.81616
1549565427623,1013.8159
1549565427673,1013.81494
1549565427704,1013.81055
1549565427742,1013.80786
1549565427782,1013.81396
1549565427822,1013.81006
1549565427864,1013.82007
1549565427901,1013.82324
1549565427942,1013.82446
1549565427983,1013.82446
1549565428021,1013.82275
1549565428062,1013.823
1549565428103,1013.8191
1549565428142,1013.81665
1549565428182,1013.82007
1549565428221,1013.8225
1549565428262,1013.82104
1549565428301,1013.82007
1549565428341,1013.8157
1549565428382,1013.81836
1549565428421,1013.8157
1549565428462,1013.8157
1549565428501,1013.8154
1549565428541,1013.8147
1549565428581,1013.81274
1549565428621,1013.80396
1549565428662,1013.8074
1549565428703,1013.8013
1549565428741,1013.80273
1549565428781,1013.80493
1549565428822,1013.79956
1549565428862,1013.8015
1549565428901,1013.80396
1549565428942,1013.8096
1549565428981,1013.8086
1549565429021,1013.8086
1549565429062,1013.81055
1549565429101,1013.82544
1549565429141,1013.82153
1549565429181,1013.8225
1549565429221,1013.8252
1549565429261,1013.83105
1549565429301,1013.82275
1549565429341,1013.8281
1549565429381,1013.82227
1549565429421,1013.824
1549565429462,1013.8218
1549565429501,1013.82983
1549565429543,1013.82983
1549565429581,1013.82324
1549565429621,1013.8274
1549565429662,1013.82666
1549565429703,1013.82495
1549565429741,1013.82007
1549565429781,1013.8225
1549565429821,1013.81885
1549565429862,1013.823
1549565429902,1013.82764
1549565429944,1013.8247
1549565429981,1013.8347
1549565430021,1013.8347
1549565430062,1013.83057
1549565430101,1013.8257
1549565430142,1013.8296
1549565430181,1013.82764
1549565430221,1013.8352
1549565430262,1013.833
1549565430301,1013.8286
1549565430344,1013.8259
1549565430381,1013.822
1549565430427,1013.822
1549565430463,1013.8274
1549565430502,1013.82544
1549565430544,1013.8252
1549565430581,1013.8259
1549565430622,1013.82666
1549565430661,1013.822
1549565430703,1013.82983
1549565430742,1013.8247
1549565430781,1013.82153
1549565430821,1013.8093
1549565430862,1013.81055
1549565430903,1013.81006
1549565430945,1013.81226
1549565430982,1013.8125
1549565431021,1013.822
1549565431063,1013.8264
1549565431100,1013.83325
1549565431142,1013.8286
1549565431181,1013.8274
1549565431221,1013.8281
1549565431261,1013.83057
1549565431301,1013.8362
1549565431343,1013.83765
1549565431382,1013.83813
1549565431423,1013.82886
1549565431461,1013.8318
1549565431502,1013.8352
1549565431553,1013.83496
1549565431582,1013.83765
1549565431624,1013.83276
1549565431661,1013.8318
1549565431701,1013.83765
1549565431741,1013.82446
1549565431781,1013.8181
1549565431821,1013.813
1549565431864,1013.81494
1549565431901,1013.81226
1549565431943,1013.8032
1549565431981,1013.7993
1549565432022,1013.80347
1549565432063,1013.80835
1549565432105,1013.8159
1549565432142,1013.8237
1549565432183,1013.8147
1549565432223,1013.8191
1549565432261,1013.82104
1549565432301,1013.8218
1549565432342,1013.82153
1549565432382,1013.81836
1549565432421,1013.82056
1549565432462,1013.82007
1549565432501,1013.8157
1549565432542,1013.81323
1549565432580,1013.813
1549565432621,1013.81665
1549565432664,1013.8154
1549565432706,1013.8169
1549565432743,1013.82764
1549565432781,1013.8342
1549565432821,1013.8352
1549565432862,1013.8352
1549565432903,1013.82983
1549565432942,1013.82983
1549565432982,1013.82837
1549565433022,1013.8303
1549565433062,1013.82837
1549565433101,1013.82886
1549565433143,1013.82324
1549565433184,1013.82227
1549565433222,1013.8335
1549565433262,1013.83057
1549565433301,1013.83203
1549565433342,1013.83496
1549565433380,1013.83594
1549565433421,1013.8374
1549565433462,1013.8308
1549565433501,1013.8445
1549565433543,1013.843
1549565433584,1013.8401
1549565433623,1013.8386
1549565433663,1013.83374
1549565433703,1013.8301
1549565433743,1013.8164
1549565433783,1013.81445
1549565433824,1013.822
1549565433861,1013.8313
1549565433901,1013.83276
1549565433942,1013.82544
1549565433981,1013.82153
1549565434022,1013.8181
1549565434063,1013.81445
1549565434103,1013.8108
1549565434142,1013.8154
1549565434182,1013.81885
1549565434225,1013.8235
1549565434261,1013.82446
1549565434301,1013.8262
1549565434342,1013.8291
1549565434381,1013.82764
1549565434422,1013.82056
1549565434460,1013.8179
1549565434501,1013.8218
1549565434542,1013.8225
1549565434586,1013.8196
1549565434623,1013.82837
1549565434661,1013.8286
1549565434701,1013.8281
1549565434741,1013.8208
1549565434781,1013.81934
1549565434821,1013.8213
1549565434861,1013.81836
1549565434902,1013.8252
1549565434941,1013.82324
1549565434982,1013.8262
1549565435023,1013.8264
1549565435061,1013.8323
1549565435102,1013.8318
1549565435142,1013.8259
1549565435182,1013.8269
1549565435221,1013.8301
1549565435260,1013.8301
1549565435302,1013.8198
1549565435341,1013.8198
1549565435381,1013.81714
1549565435423,1013.8179
1549565435461,1013.8176
1549565435502,1013.8303
1549565435541,1013.84375
1549565435581,1013.83984
1549565435623,1013.83887
1549565435662,1013.83887
1549565435703,1013.8281
1549565435741,1013.8281
1549565435781,1013.8242
1549565435822,1013.8296
1549565435865,1013.8367
1549565435902,1013.833
1549565435945,1013.83374
1549565435981,1013.8325
1549565436022,1013.833
1549565436061,1013.8335
1549565436102,1013.8303
1549565436141,1013.833
1549565436181,1013.8308
1549565436223,1013.83594
1549565436261,1013.83545
1549565436301,1013.8379
1549565436341,1013.8318
1549565436382,1013.8296
1549565436421,1013.8269
1549565436461,1013.8264
1549565436503,1013.82275
1549565436542,1013.8286
1549565436582,1013.8291
1549565436631,1013.8345
1549565436662,1013.8325
1549565436702,1013.82715
1549565436741,1013.8252
1549565436781,1013.8242
1549565436822,1013.8308
1549565436862,1013.8274
1549565436902,1013.8264
1549565436942,1013.82495
1549565436981,1013.8237
1549565437023,1013.822
1549565437063,1013.82324
1549565437105,1013.8252
1549565437142,1013.8203
1549565437181,1013.8286
1549565437221,1013.833
1549565437260,1013.83594
1549565437301,1013.83276
1549565437340,1013.8213
1549565437382,1013.82446
1549565437422,1013.8242
1549565437461,1013.82666
1549565437502,1013.82715
1549565437541,1013.82324
1549565437581,1013.823
1549565437621,1013.82495
1549565437673,1013.8318
1549565437705,1013.8318
1549565437742,1013.834
1549565437782,1013.8352
1549565437822,1013.83984
1549565437861,1013.83496
1549565437901,1013.83765
1549565437940,1013.82544
1549565437981,1013.82935
1549565438022,1013.8313
1549565438061,1013.8257
1549565438102,1013.8235
1549565438141,1013.824
1549565438181,1013.82153
1549565438221,1013.81934
1549565438261,1013.813
1549565438301,1013.81836
1549565438341,1013.82007
1549565438382,1013.8242
1549565438422,1013.8198
1549565438461,1013.8198
1549565438504,1013.8225
1549565438541,1013.82886
1549565438582,1013.822
1549565438621,1013.8259
1549565438662,1013.82446
1549565438702,1013.8286
1549565438740,1013.8237
1549565438781,1013.82983
1549565438821,1013.82886
1549565438861,1013.8274
1549565438902,1013.824
1549565438941,1013.82056
1549565438981,1013.8198
1549565439022,1013.8269
1549565439062,1013.8342
1549565439102,1013.8262
1549565439141,1013.8257
1549565439181,1013.8186
1549565439221,1013.81934
1549565439261,1013.822
1549565439302,1013.8181
1549565439341,1013.81934
1549565439382,1013.82007
1549565439421,1013.8196
1549565439461,1013.82544
1549565439503,1013.8279
1549565439541,1013.8237
1549565439583,1013.82935
1549565439621,1013.8225
1549565439662,1013.83105
1549565439701,1013.8235
1549565439741,1013.8186
1549565439780,1013.8203
1549565439821,1013.8159
1549565439862,1013.8235
1549565439902,1013.80786
1549565439944,1013.80615
1549565439983,1013.80005
1549565440021,1013.8081
1549565440062,1013.80444
1549565440102,1013.802
1549565440144,1013.802
1549565440181,1013.8096
1549565440223,1013.81177
1549565440261,1013.8142
1549565440301,1013.8086
1549565440341,1013.8115
1549565440386,1013.80347
1549565440421,1013.79956
1549565440461,1013.79956
1549565440501,1013.79224
1549565440541,1013.7888
1549565440582,1013.7898
1549565440622,1013.7859
1549565440663,1013.78076
1549565440702,1013.7942
1549565440742,1013.7981
1549565440782,1013.8059
1549565440821,1013.8037
1549565440862,1013.80347
1549565440904,1013.80884
1549565440941,1013.8042
1549565440984,1013.80347
1549565441022,1013.802
1549565441063,1013.7998
1549565441101,1013.80054
1549565441141,1013.79517
1549565441185,1013.7905
1549565441221,1013.7871
1549565441262,1013.7893
1549565441301,1013.79297
1549565441341,1013.7937
1549565441382,1013.7905
1549565441424,1013.791
1549565441463,1013.78906
1549565441502,1013.7954
1549565441541,1013.7969
1549565441582,1013.78784
1549565441621,1013.78687
1549565441665,1013.791
1549565441701,1013.79004
1549565441742,1013.7881
1549565441782,1013.79443
1549565441821,1013.7942
1549565441862,1013.7969
1549565441902,1013.79834
1549565441941,1013.79956
1549565441981,1013.7959
1549565442023,1013.7954
1549565442063,1013.7981
1549565442101,1013.79565
1549565442141,1013.792
1549565442182,1013.79004
1549565442221,1013.7976
1549565442264,1013.8052
1549565442302,1013.8076
1549565442342,1013.79834
1549565442389,1013.79004
1549565442423,1013.7837
1549565442462,1013.7959
1549565442501,1013.7908
1549565442541,1013.79004
1549565442583,1013.79004
1549565442621,1013.7888
1549565442664,1013.78735
1549565442702,1013.7905
1549565442742,1013.7866
1549565442781,1013.7849
1549565442821,1013.78564
1549565442862,1013.78394
1549565442901,1013.78906
1549565442942,1013.80005
1549565442982,1013.80615
1549565443021,1013.81006
1549565443061,1013.8113
1549565443101,1013.81055
1549565443141,1013.8042
1549565443181,1013.81006
1549565443220,1013.80225
1549565443261,1013.8135
1549565443301,1013.8196
1549565443341,1013.8242
1549565443381,1013.8196
1549565443421,1013.8198
1549565443461,1013.8301
1549565443501,1013.8347
1549565443540,1013.834
1549565443581,1013.83716
1549565443622,1013.83716
1549565443664,1013.83496
1549565443702,1013.8408
1549565443742,1013.8367
1549565443781,1013.8323
1549565443821,1013.8196
1549565443863,1013.82935
1549565443902,1013.82666
1549565443942,1013.8291
1549565443981,1013.82935
1549565444023,1013.82983
1549565444062,1013.8257
1549565444101,1013.8296
1549565444142,1013.8262
1549565444182,1013.82007
1549565444221,1013.8169
1549565444261,1013.81494
1549565444301,1013.81104
1549565444341,1013.8096
1549565444382,1013.80444
1549565444421,1013.80396
1549565444462,1013.8052
1549565444503,1013.8071
1549565444542,1013.803
1549565444583,1013.81104
1549565444622,1013.8198
1549565444664,1013.82153
1549565444702,1013.8196
1549565444741,1013.8176
1549565444781,1013.8225
1549565444821,1013.8213
1549565444861,1013.8154
1549565444902,1013.81226
1549565444942,1013.8154
1549565444985,1013.8137
1549565445023,1013.81494
1549565445063,1013.81494
1549565445110,1013.8137
1549565445141,1013.80884
1549565445182,1013.8042
1549565445221,1013.8003
1549565445270,1013.7986
1549565445309,1013.8115
1549565445341,1013.8098
1549565445382,1013.7993
1549565445421,1013.8013
1549565445462,1013.8108
1549565445502,1013.8093
1549565445542,1013.81274
1549565445582,1013.81396
1549565445622,1013.80786
1549565445662,1013.81396
1549565445701,1013.8125
1549565445741,1013.81836
1549565445781,1013.8264
1549565445821,1013.8257
1549565445862,1013.82544
1549565445904,1013.8274
1549565445946,1013.8296
1549565445982,1013.8225
1549565446023,1013.82495
1549565446062,1013.822
1549565446106,1013.8169
1549565446141,1013.82153
1549565446181,1013.8137
1549565446225,1013.82544
1549565446261,1013.8264
1549565446301,1013.82324
1549565446341,1013.8191
1549565446382,1013.8186
1549565446425,1013.8115
1549565446461,1013.81714
1549565446501,1013.8147
1549565446542,1013.81714
1549565446581,1013.8191
1549565446622,1013.8191
1549565446662,1013.824
1549565446702,1013.83325
1549565446742,1013.84033
1549565446781,1013.83936
1549565446820,1013.8396
1549565446862,1013.8352
1549565446901,1013.82837
1549565446943,1013.82837
1549565446982,1013.82666
1549565447022,1013.83105
1549565447062,1013.8281
1549565447101,1013.8196
1549565447142,1013.8137
1549565447182,1013.8198
1549565447224,1013.8191
1549565447262,1013.81934
1549565447302,1013.8235
1549565447343,1013.8225
1549565447382,1013.8325
1549565447422,1013.8325
1549565447462,1013.834
1549565447502,1013.82886
1549565447541,1013.824
1549565447582,1013.8259
1549565447622,1013.82056
1549565447665,1013.8147
1549565447701,1013.8147
1549565447742,1013.81396
1549565447781,1013.8218
1549565447822,1013.82275
1549565447869,1013.8279
1549565447902,1013.83325
1549565447941,1013.8259
1549565447981,1013.8291
1549565448022,1013.8313
1549565448062,1013.8352
1549565448101,1013.8367
1549565448143,1013.82935
1549565448183,1013.8169
1549565448225,1013.8115
1549565448262,1013.80566
1549565448301,1013.8008
1549565448341,1013.8135
1549565448381,1013.8225
1549565448421,1013.822
1549565448462,1013.82544
1549565448500,1013.8301
1549565448542,1013.8259
1549565448581,1013.82446
1549565448621,1013.81714
1549565448660,1013.81177
1549565448701,1013.8091
1549565448742,1013.803
1549565448781,1013.8069
1549565448821,1013.8108
1549565448862,1013.8186
1549565448901,1013.82227
1549565448942,1013.8264
1549565448981,1013.8308
1549565449023,1013.822
1549565449062,1013.82007
1549565449102,1013.8203
1549565449141,1013.8074
1549565449182,1013.80566
1549565449222,1013.80176
1549565449261,1013.79956
1549565449301,1013.7986
1549565449342,1013.8008
1549565449382,1013.8054
1549565449423,1013.8025
1549565449461,1013.80884
1549565449501,1013.81274
1549565449541,1013.8125
1549565449581,1013.81177
1549565449623,1013.8113
1549565449661,1013.8135
1549565449701,1013.81396
1549565449742,1013.80835
1549565449781,1013.8047
1549565449821,1013.79956
1549565449861,1013.79956
1549565449903,1013.80176
1549565449944,1013.7959
1549565449985,1013.80225
1549565450024,1013.80786
1549565450061,1013.80664
1549565450101,1013.7988
1549565450141,1013.79346
1549565450181,1013.7854
1549565450223,1013.7822
1549565450261,1013.7776
1549565450302,1013.7793
1549565450341,1013.78
1549565450381,1013.781
1549565450422,1013.7749
1549565450461,1013.7854
1549565450501,1013.7864
1549565450542,1013.77734
1549565450581,1013.7893
1549565450622,1013.7927
1549565450661,1013.79004
1549565450704,1013.7832
1549565450742,1013.78467
1549565450781,1013.78784
1549565450821,1013.7915
1549565450861,1013.78613
1549565450905,1013.78394
1549565450941,1013.7832
1549565450984,1013.7876
1549565451039,1013.79395
1549565451064,1013.7849
1549565451102,1013.78
1549565451141,1013.7837
1549565451181,1013.77856
1549565451222,1013.7771
1549565451262,1013.79126
1549565451303,1013.7964
1549565451341,1013.7959
1549565451381,1013.79517
1549565451424,1013.7991
1549565451464,1013.8015
1549565451507,1013.79224
1549565451541,1013.7981
1549565451582,1013.7925
1549565451629,1013.80273
1549565451660,1013.8069
1549565451703,1013.8135
1549565451741,1013.81665
1549565451781,1013.8157
1549565451821,1013.81274
1549565451862,1013.81006
1549565451902,1013.8091
1549565451942,1013.80273
1549565451982,1013.80664
1549565452022,1013.80566
1549565452064,1013.8113
1549565452110,1013.81836
1549565452144,1013.822
1549565452182,1013.8286
1549565452221,1013.8369
1549565452261,1013.8303
1549565452303,1013.8303
1549565452341,1013.83203
1549565452381,1013.81665
1549565452422,1013.8181
1549565452462,1013.8135
1549565452502,1013.812
1549565452544,1013.81006
1549565452582,1013.8093
1549565452623,1013.812
1549565452661,1013.8196
1549565452704,1013.8059
1549565452741,1013.80347
1549565452783,1013.8015
1549565452821,1013.7976
1549565452861,1013.80347
1549565452903,1013.79224
1549565452943,1013.78
1549565452988,1013.7793
1549565453022,1013.7822
1549565453061,1013.7822
1549565453101,1013.7798
1549565453141,1013.78076
1549565453183,1013.7915
1549565453222,1013.7993
1549565453261,1013.8096
1549565453303,1013.81494
1549565453340,1013.81396
1549565453381,1013.8142
1549565453422,1013.81714
1549565453461,1013.8115
1549565453502,1013.8059
1549565453541,1013.8025
1549565453583,1013.8076
1549565453626,1013.8157
1549565453662,1013.82104
1549565453704,1013.8157
1549565453741,1013.8169
1549565453783,1013.8213
1549565453821,1013.82935
1549565453861,1013.8262
1549565453902,1013.8247
1549565453942,1013.82275
1549565453984,1013.8269
1549565454022,1013.8186
1549565454061,1013.8169
1549565454103,1013.801
1549565454142,1013.8015
1549565454182,1013.8147
1549565454222,1013.82007
1549565454261,1013.8318
1549565454302,1013.82715
1549565454340,1013.82666
1549565454382,1013.82666
1549565454421,1013.824
1549565454461,1013.8225
1549565454506,1013.82446
1549565454543,1013.8323
1549565454582,1013.8269
1549565454621,1013.824
1549565454661,1013.8164
1549565454702,1013.8164
1549565454742,1013.8052
1549565454782,1013.8013
1549565454820,1013.8093
1549565454861,1013.8181
1549565454901,1013.81616
1549565454940,1013.8096
1549565454982,1013.81226
1549565455022,1013.81104
1549565455062,1013.80884
1549565455105,1013.8013
1549565455141,1013.7949
1549565455183,1013.7976
1549565455222,1013.79956
1549565455261,1013.8037
1549565455301,1013.8064
1549565455341,1013.81104
1549565455383,1013.812
1549565455421,1013.8208
1549565455461,1013.8264
1549565455502,1013.8342
1549565455542,1013.8264
1549565455582,1013.8342
1549565455621,1013.83203
1549565455661,1013.83765
1549565455701,1013.8325
1549565455742,1013.83374
1549565455782,1013.83276
1549565455820,1013.8303
1549565455862,1013.8308
1549565455901,1013.8281
1549565455941,1013.82886
1549565455982,1013.8259
1549565456022,1013.82544
1549565456063,1013.82446
1549565456101,1013.82104
1549565456142,1013.81006
1549565456188,1013.8052
1549565456221,1013.8015
1549565456263,1013.80054
1549565456301,1013.8081
1549565456342,1013.80396
1549565456383,1013.8071
1549565456422,1013.7993
1549565456468,1013.8059
1549565456501,1013.8069
1549565456543,1013.8081
1549565456582,1013.8081
1549565456621,1013.80786
1549565456661,1013.8081
1549565456701,1013.80615
1549565456741,1013.80005
1549565456784,1013.79956
1549565456821,1013.79956
1549565456862,1013.7976
1549565456901,1013.8086
1549565456941,1013.8071
1549565456982,1013.8176
1549565457024,1013.8098
1549565457063,1013.8091
1549565457103,1013.8054
1549565457141,1013.8054
1549565457182,1013.8042
1549565457222,1013.81396
1549565457263,1013.8076
1549565457307,1013.8037
1549565457341,1013.7969
1549565457382,1013.7881
1549565457422,1013.7815
1549565457463,1013.7766
1549565457501,1013.78076
1549565457541,1013.7908
