1549566020250,1013.5266
1549566020289,1013.5283
1549566020317,1013.51465
1549566020358,1013.51855
1549566020396,1013.5227
1549566020435,1013.52246
1549566020477,1013.52515
1549566020516,1013.52515
1549566020557,1013.52686
1549566020600,1013.52563
1549566020635,1013.5239
1549566020678,1013.5227
1549566020715,1013.5222
1549566020756,1013.52466
1549566020799,1013.5298
1549566020835,1013.52734
1549566020878,1013.5293
1549566020919,1013.52295
1549566020956,1013.5242
1549566020996,1013.5261
1549566021036,1013.5254
1549566021084,1013.5242
1549566021123,1013.5305
1549566021165,1013.5242
1549566021197,1013.51514
1549566021236,1013.5117
1549566021278,1013.5171
1549566021316,1013.5237
1549566021358,1013.5259
1549566021397,1013.5215
1549566021436,1013.5325
1549566021476,1013.53564
1549566021517,1013.5293
1549566021558,1013.5261
1549566021596,1013.53784
1549566021637,1013.53906
1549566021676,1013.5354
1549566021719,1013.5288
1549566021758,1013.53613
1549566021797,1013.5354
1549566021836,1013.531
1549566021877,1013.5342
1549566021917,1013.5342
1549566021956,1013.5342
1549566021996,1013.5371
1549566022038,1013.5366
1549566022076,1013.52563
1549566022118,1013.52686
1549566022157,1013.52563
1549566022197,1013.52856
1549566022246,1013.5266
1549566022278,1013.52563
1549566022319,1013.522
1549566022357,1013.5283
1549566022396,1013.52686
1549566022436,1013.5293
1549566022477,1013.53296
1549566022519,1013.5305
1549566022557,1013.5266
1549566022596,1013.52856
1549566022636,1013.5244
1549566022677,1013.52856
1549566022717,1013.52563
1549566022758,1013.53076
1549566022796,1013.5366
1549566022836,1013.5305
1549566022878,1013.5303
1549566022918,1013.5332
1549566022957,1013.5393
1549566022995,1013.5447
1549566023038,1013.54443
1549566023076,1013.5554
1549566023116,1013.56494
1549566023170,1013.5542
1549566023205,1013.54834
1549566023239,1013.5498
1549566023277,1013.5503
1549566023316,1013.5454
1549566023357,1013.5425
1549566023396,1013.5398
1549566023437,1013.54614
1549566023477,1013.5491
1549566023519,1013.54736
1549566023557,1013.5598
1549566023596,1013.5554
1549566023638,1013.55884
1549566023680,1013.55566
1549566023717,1013.55444
1549566023758,1013.5515
1549566023796,1013.54614
1549566023837,1013.54834
1549566023880,1013.5481
1549566023916,1013.55005
1549566023955,1013.553
1549566023996,1013.54785
1549566024037,1013.54785
1549566024087,1013.5464
1549566024119,1013.5449
1549566024157,1013.54395
1549566024196,1013.5447
1549566024243,1013.54126
1549566024277,1013.5383
1549566024317,1013.5393
1549566024357,1013.5393
1549566024400,1013.54614
1549566024436,1013.54443
1549566024476,1013.5437
1549566024519,1013.54004
1549566024556,1013.5425
1549566024603,1013.5437
1549566024642,1013.53784
1549566024681,1013.5427
1549566024716,1013.5405
1549566024757,1013.541
1549566024798,1013.5405
1549566024838,1013.53735
1549566024876,1013.5393
1549566024917,1013.53613
1549566024956,1013.5342
1549566024996,1013.5388
1549566025038,1013.53955
1549566025076,1013.5383
1549566025118,1013.53906
1549566025156,1013.53345
1549566025197,1013.5359
1549566025239,1013.53564
1549566025276,1013.53394
1549566025317,1013.5359
1549566025355,1013.53296
1549566025396,1013.5376
1549566025438,1013.53735
1549566025476,1013.5381
1549566025517,1013.55225
1549566025556,1013.54956
1549566025598,1013.5366
1549566025637,1013.5293
1549566025683,1013.5227
1549566025719,1013.5198
1549566025756,1013.5161
1549566025799,1013.51636
1549566025836,1013.5178
1549566025876,1013.5222
1549566025920,1013.52124
1549566025956,1013.5239
1549566025995,1013.5249
1549566026038,1013.51904
1549566026080,1013.52515
1549566026120,1013.5271
1549566026156,1013.5232
1549566026197,1013.522
1549566026237,1013.52295
1549566026276,1013.5244
1549566026318,1013.51904
1549566026356,1013.52295
1549566026396,1013.5171
1549566026437,1013.5193
1549566026477,1013.52
1549566026518,1013.52686
1549566026556,1013.52905
1549566026597,1013.5222
1549566026637,1013.52344
1549566026679,1013.52344
1549566026725,1013.52344
1549566026758,1013.5276
1549566026798,1013.52637
1549566026836,1013.52124
1549566026876,1013.5244
1549566026922,1013.52295
1549566026956,1013.5183
1549566026997,1013.5112
1549566027036,1013.5139
1549566027090,1013.5115
1549566027122,1013.511
1549566027156,1013.51025
1549566027198,1013.51636
1549566027250,1013.5127
1549566027276,1013.5139
1549566027318,1013.5144
1549566027355,1013.51025
1549566027400,1013.5166
1549566027437,1013.5115
1549566027476,1013.51514
1549566027518,1013.51636
1549566027557,1013.51636
1549566027598,1013.51685
1549566027637,1013.51953
1549566027682,1013.51294
1549566027722,1013.50903
1549566027756,1013.5066
1549566027796,1013.5034
1549566027837,1013.5056
1549566027876,1013.5005
1549566027918,1013.5049
1549566027957,1013.5056
1549566027998,1013.50635
1549566028036,1013.50977
1549566028076,1013.51514
1549566028118,1013.52
1549566028157,1013.52026
1549566028201,1013.521
1549566028239,1013.5217
1549566028276,1013.5171
1549566028318,1013.521
1549566028356,1013.5166
1549566028399,1013.52246
1549566028436,1013.52
1549566028475,1013.5156
1549566028516,1013.5149
1549566028555,1013.51294
1549566028600,1013.51465
1549566028640,1013.5132
1549566028677,1013.5161
1549566028716,1013.51685
1549566028757,1013.51025
1549566028796,1013.5088
1549566028836,1013.50684
1549566028876,1013.50024
1549566028920,1013.50464
1549566028956,1013.5061
1549566028997,1013.5017
1549566029036,1013.49243
1549566029078,1013.4939
1549566029117,1013.4939
1549566029159,1013.4949
1549566029197,1013.50464
1549566029243,1013.50366
1549566029276,1013.5032
1549566029319,1013.51245
1549566029356,1013.51807
1549566029397,1013.5239
1549566029435,1013.5259
1549566029476,1013.5188
1549566029516,1013.51025
1549566029556,1013.5112
1549566029599,1013.5166
1549566029636,1013.5134
1549566029676,1013.51294
1549566029716,1013.5132
1549566029758,1013.5083
1549566029798,1013.5083
1549566029837,1013.5051
1549566029879,1013.5066
1549566029916,1013.5032
1549566029957,1013.50854
1549566029996,1013.5027
1549566030036,1013.5073
1549566030077,1013.5132
1549566030116,1013.50684
1549566030155,1013.5034
1549566030196,1013.5056
1549566030238,1013.50464
1549566030280,1013.50684
1549566030318,1013.50366
1549566030355,1013.5051
1549566030397,1013.5032
1549566030438,1013.4995
1549566030480,1013.4995
1549566030516,1013.4949
1549566030555,1013.499
1549566030598,1013.5012
1549566030651,1013.5027
1549566030681,1013.49927
1549566030717,1013.5073
1549566030757,1013.5083
1549566030798,1013.5071
1549566030836,1013.50977
1549566030879,1013.51245
1549566030918,1013.50757
1549566030957,1013.50415
1549566030996,1013.50024
1549566031036,1013.5034
1549566031078,1013.50244
1549566031121,1013.5012
1549566031155,1013.4961
1549566031197,1013.4951
1549566031247,1013.4995
1549566031278,1013.5039
1549566031316,1013.5039
1549566031357,1013.49756
1549566031397,1013.4905
1549566031445,1013.49146
1549566031477,1013.49
1549566031516,1013.49
1549566031558,1013.48804
1549566031597,1013.4861
1549566031636,1013.49316
1549566031677,1013.49976
1549566031718,1013.50073
1549566031757,1013.50073
1549566031796,1013.5056
1549566031837,1013.5073
1549566031878,1013.5032
1549566031919,1013.5012
1549566031959,1013.5017
1549566031995,1013.49805
1549566032036,1013.49927
1549566032077,1013.4934
1549566032119,1013.4968
1549566032159,1013.4968
1549566032196,1013.4956
1549566032236,1013.4934
1549566032280,1013.4949
1549566032319,1013.4971
1549566032362,1013.4968
1549566032397,1013.49194
1549566032449,1013.4863
1549566032477,1013.4868
1549566032516,1013.4851
1549566032558,1013.4961
1549566032597,1013.50366
1549566032637,1013.4983
1549566032682,1013.4949
1549566032722,1013.4966
1549566032761,1013.4927
1549566032797,1013.4956
1549566032835,1013.4973
1549566032877,1013.4927
1549566032916,1013.4966
1549566032958,1013.4971
1549566032998,1013.49365
1549566033036,1013.4885
1549566033077,1013.49536
1549566033124,1013.49194
1549566033159,1013.4951
1549566033198,1013.4961
1549566033237,1013.49
1549566033280,1013.48755
1549566033321,1013.48315
1549566033362,1013.4795
1549566033398,1013.4878
1549566033435,1013.4905
1549566033476,1013.4866
1549566033516,1013.4929
1549566033557,1013.49097
1549566033596,1013.4944
1549566033638,1013.49194
1549566033678,1013.4983
1549566033716,1013.49
1549566033758,1013.4973
1549566033796,1013.499
1549566033837,1013.4971
1549566033877,1013.499
1549566033917,1013.499
1549566033961,1013.50244
1549566033996,1013.50757
1549566034036,1013.5078
1549566034076,1013.50635
1549566034122,1013.5027
1549566034159,1013.5066
1549566034198,1013.50146
1549566034237,1013.4995
1549566034277,1013.4946
1549566034321,1013.49536
1549566034358,1013.49756
1549566034403,1013.50146
1549566034437,1013.4988
1549566034476,1013.5029
1549566034515,1013.50415
1549566034557,1013.50464
1549566034598,1013.5049
1549566034640,1013.4971
1549566034678,1013.4973
1549566034717,1013.4988
1549566034758,1013.4883
1549566034796,1013.4817
1549566034837,1013.48193
1549566034876,1013.4785
1549566034928,1013.48193
1549566034961,1013.4824
1549566034999,1013.4895
1549566035037,1013.48486
1549566035078,1013.4917
1549566035131,1013.4939
1549566035160,1013.4922
1549566035198,1013.4971
1549566035240,1013.4973
1549566035276,1013.4966
1549566035323,1013.49243
1549566035364,1013.4966
1549566035397,1013.48926
1549566035437,1013.4846
1549566035477,1013.49
1549566035516,1013.4917
1549566035557,1013.49536
1549566035597,1013.4973
1549566035638,1013.49243
1549566035680,1013.49243
1549566035716,1013.49634
1549566035758,1013.499
1549566035799,1013.48755
1549566035837,1013.48755
1549566035877,1013.4883
1549566035919,1013.48926
1549566035957,1013.4812
1549566035996,1013.48535
1549566036037,1013.48584
1549566036077,1013.49
1549566036117,1013.4844
1549566036162,1013.489
1549566036197,1013.48315
1549566036237,1013.4885
1549566036277,1013.489
1549566036316,1013.489
1549566036359,1013.4944
1549566036397,1013.49243
1549566036441,1013.49365
1549566036476,1013.48804
1549566036517,1013.4905
1549566036556,1013.49805
1549566036596,1013.5066
1549566036637,1013.4995
1549566036678,1013.4912
1549566036718,1013.49023
1549566036758,1013.48804
1549566036797,1013.489
1549566036837,1013.4883
1549566036877,1013.49146
1549566036917,1013.4888
1549566036958,1013.4844
1549566036996,1013.49097
1549566037038,1013.4956
1549566037077,1013.49097
1549566037121,1013.4883
1549566037160,1013.49023
1549566037197,1013.48413
1549566037245,1013.48315
1549566037284,1013.479
1549566037319,1013.48413
1549566037358,1013.4895
1549566037397,1013.4968
1549566037445,1013.4966
1549566037476,1013.4978
1549566037517,1013.50244
1549566037556,1013.4956
1549566037596,1013.4971
1549566037647,1013.49536
1549566037683,1013.5029
1549566037718,1013.5032
1549566037756,1013.49854
1549566037796,1013.49414
1549566037837,1013.4929
1549566037877,1013.51074
1549566037919,1013.501
1549566037958,1013.5095
1549566037995,1013.511
1549566038036,1013.5054
1549566038076,1013.499
1549566038118,1013.501
1549566038156,1013.4968
1549566038195,1013.49927
1549566038237,1013.4966
1549566038278,1013.49316
1549566038322,1013.4939
1549566038363,1013.49585
1549566038397,1013.4971
1549566038440,1013.4995
1549566038478,1013.4978
1549566038517,1013.49927
1549566038555,1013.50903
1549566038595,1013.5071
1549566038642,1013.5149
1549566038681,1013.522
1549566038720,1013.522
1549566038757,1013.52637
1549566038799,1013.5293
1549566038836,1013.5239
1549566038876,1013.52563
1549566038924,1013.52466
1549566038957,1013.5183
1549566038996,1013.51855
1549566039036,1013.5215
1549566039076,1013.52783
1549566039117,1013.5366
1549566039157,1013.53613
1549566039197,1013.5261
1549566039237,1013.5205
1549566039282,1013.5242
1549566039317,1013.5134
1549566039355,1013.51025
1549566039397,1013.5205
1549566039437,1013.5093
1549566039478,1013.5127
1549566039517,1013.5139
1549566039556,1013.5176
1549566039597,1013.5198
1549566039637,1013.5261
1549566039678,1013.5188
1549566039718,1013.5237
1549566039757,1013.5283
1549566039796,1013.5127
1549566039836,1013.51855
1549566039875,1013.5154
1549566039918,1013.521
1549566039960,1013.522
1549566039997,1013.52515
1549566040036,1013.51855
1549566040077,1013.51514
1549566040122,1013.51245
1549566040161,1013.5176
1549566040198,1013.5134
1549566040239,1013.5149
1549566040276,1013.51025
1549566040319,1013.5061
1549566040358,1013.5122
1549566040399,1013.5149
1549566040436,1013.51514
1549566040478,1013.5122
1549566040516,1013.50684
1549566040555,1013.51733
1549566040597,1013.5205
1549566040636,1013.52734
1549566040679,1013.5117
1549566040717,1013.5144
1549566040756,1013.51685
1549566040799,1013.5232
1549566040836,1013.52563
1549566040877,1013.52344
1549566040919,1013.51953
1549566040958,1013.51953
1549566041009,1013.52075
1549566041035,1013.5198
1549566041078,1013.52075
1549566041116,1013.52075
1549566041175,1013.5132
1549566041200,1013.51074
1549566041237,1013.5176
1549566041278,1013.5134
1549566041321,1013.5149
1549566041356,1013.51904
1549566041398,1013.5198
1549566041437,1013.522
1549566041478,1013.5239
1549566041518,1013.5132
1549566041560,1013.5093
1549566041597,1013.5095
1549566041636,1013.5095
1549566041677,1013.50977
1549566041727,1013.51025
1549566041756,1013.50366
1549566041799,1013.5073
1549566041836,1013.51514
1549566041878,1013.5144
1549566041917,1013.5198
1549566041964,1013.5154
1549566041996,1013.51416
1549566042036,1013.51294
1549566042077,1013.51
1549566042117,1013.5144
1549566042158,1013.51245
1549566042198,1013.5088
1549566042238,1013.51196
1549566042278,1013.5149
1549566042318,1013.51587
1549566042358,1013.51196
1549566042399,1013.5215
1549566042437,1013.5237
1549566042480,1013.5244
1549566042519,1013.51514
1549566042555,1013.5149
1549566042596,1013.5227
1549566042636,1013.5293
1549566042690,1013.52246
1549566042716,1013.5166
1549566042763,1013.51514
1549566042797,1013.51587
1549566042835,1013.5161
1549566042878,1013.51465
1549566042917,1013.51465
1549566042957,1013.5137
1549566042999,1013.51855
1549566043035,1013.52
1549566043077,1013.5176
1549566043117,1013.5183
1549566043157,1013.51807
1549566043197,1013.5156
1549566043237,1013.5217
1549566043283,1013.5176
1549566043318,1013.5232
1549566043358,1013.5239
1549566043398,1013.5166
1549566043442,1013.52075
1549566043477,1013.52
1549566043516,1013.52
1549566043556,1013.52075
1549566043596,1013.51465
1549566043637,1013.52124
1549566043685,1013.51514
1549566043718,1013.5115
1549566043756,1013.5027
1549566043797,1013.5044
1549566043838,1013.50244
1549566043878,1013.51025
1549566043917,1013.5034
1549566043957,1013.5029
1549566044000,1013.50635
1549566044035,1013.51245
1549566044077,1013.5112
1549566044118,1013.51074
1549566044157,1013.5134
1549566044200,1013.51245
1549566044239,1013.5012
1549566044277,1013.5005
1549566044317,1013.50977
1549566044356,1013.5044
1549566044396,1013.5039
1549566044435,1013.5061
1549566044477,1013.5029
1549566044515,1013.49756
1549566044557,1013.50244
1549566044596,1013.50684
1549566044636,1013.5149
1549566044678,1013.51025
1549566044717,1013.5061
1549566044758,1013.50146
1549566044797,1013.5022
1549566044836,1013.49927
1549566044876,1013.49927
1549566044916,1013.4968
1549566044957,1013.50415
1549566044995,1013.5049
1549566045036,1013.5088
1549566045076,1013.50854
1549566045116,1013.50635
1549566045157,1013.51074
1549566045196,1013.5012
1549566045236,1013.499
1549566045276,1013.50635
1549566045330,1013.501
1549566045357,1013.49243
1549566045396,1013.49365
1549566045439,1013.4946
1549566045475,1013.49756
1549566045517,1013.5029
1549566045557,1013.5039
1549566045596,1013.50854
1549566045636,1013.51587
1549566045681,1013.52075
1549566045716,1013.52344
1549566045757,1013.5176
1549566045798,1013.52
1549566045836,1013.51636
1549566045877,1013.51636
1549566045916,1013.5134
1549566045959,1013.5171
1549566045996,1013.52466
1549566046036,1013.5215
1549566046076,1013.5222
1549566046116,1013.52246
1549566046157,1013.52295
1549566046196,1013.5215
1549566046237,1013.5222
1549566046276,1013.5215
1549566046318,1013.5171
1549566046364,1013.5088
1549566046397,1013.5071
1549566046438,1013.51807
1549566046477,1013.5137
1549566046528,1013.51636
1549566046562,1013.5137
1549566046595,1013.5161
1549566046638,1013.5066
1549566046676,1013.51514
1549566046717,1013.51514
1549566046760,1013.51294
1549566046796,1013.5144
1549566046837,1013.5144
1549566046880,1013.5149
1549566046917,1013.5127
1549566046957,1013.5183
1549566046996,1013.5161
1549566047045,1013.51074
1549566047076,1013.51685
1549566047116,1013.5144
1549566047156,1013.51294
1549566047197,1013.5156
1549566047238,1013.51587
1549566047276,1013.51904
1549566047319,1013.5178
1549566047360,1013.51685
1549566047397,1013.52075
1549566047439,1013.5198
1549566047476,1013.5232
1549566047516,1013.521
1549566047556,1013.5154
1549566047595,1013.51416
1549566047638,1013.5166
1549566047677,1013.521
1549566047718,1013.5232
1549566047756,1013.5242
1549566047801,1013.53564
1549566047838,1013.53564
1549566047878,1013.5293
1549566047919,1013.5293
1549566047956,1013.5261
1549566048001,1013.5237
1549566048037,1013.5227
1549566048076,1013.52344
1549566048118,1013.52515
1549566048156,1013.53
1549566048206,1013.52344
1549566048242,1013.5298
1549566048276,1013.5298
1549566048317,1013.5293
1549566048360,1013.531
1549566048396,1013.5293
1549566048438,1013.5266
1549566048481,1013.5403
1549566048521,1013.54126
1549566048556,1013.532
1549566048598,1013.53613
1549566048638,1013.53345
1549566048680,1013.53467
1549566048719,1013.5359
1549566048758,1013.5393
1549566048799,1013.5427
1549566048838,1013.54663
1549566048876,1013.54834
1549566048919,1013.5415
1549566048959,1013.54834
1549566048995,1013.5454
1549566049039,1013.54395
1549566049076,1013.54297
1549566049118,1013.5359
1549566049161,1013.53687
1549566049198,1013.5388
1549566049236,1013.5405
1549566049278,1013.53955
1549566049318,1013.5405
1549566049356,1013.5371
1549566049396,1013.5364
1549566049438,1013.53784
1549566049488,1013.5337
1549566049517,1013.5371
1549566049555,1013.5476
1549566049596,1013.552
1549566049636,1013.54004
1549566049675,1013.5415
1549566049718,1013.542
1549566049756,1013.5459
1549566049800,1013.5332
1549566049839,1013.53735
1549566049880,1013.53394
1549566049918,1013.5322
1549566049957,1013.53955
1549566049996,1013.5415
1549566050041,1013.5415
1549566050076,1013.5408
1549566050117,1013.5403
1549566050157,1013.5398
1549566050197,1013.5427
1549566050237,1013.53784
1549566050282,1013.5393
1549566050317,1013.5393
1549566050356,1013.542
1549566050399,1013.5432
1549566050436,1013.54834
1549566050478,1013.5503
1549566050518,1013.5532
1549566050557,1013.55347
1549566050598,1013.55664
1549566050637,1013.54517
1549566050688,1013.54517
1549566050732,1013.54126
1549566050757,1013.5432
1549566050798,1013.53687
1549566050836,1013.5386
1549566050879,1013.5359
1549566050917,1013.54126
1549566050957,1013.5503
1549566050998,1013.551
1549566051036,1013.541
1549566051075,1013.541
1549566051118,1013.54346
1549566051156,1013.5532
1549566051197,1013.54517
1549566051236,1013.54614
1549566051276,1013.54614
1549566051318,1013.5508
1549566051360,1013.55225
1549566051398,1013.5508
1549566051438,1013.5425
1549566051481,1013.5405
1549566051517,1013.5405
1549566051560,1013.5371
1549566051597,1013.5366
1549566051637,1013.5371
1549566051682,1013.541
1549566051718,1013.541
1549566051756,1013.5342
1549566051796,1013.53735
1549566051837,1013.5376
1549566051877,1013.5315
1549566051921,1013.53076
1549566051957,1013.54126
1549566051998,1013.5449
1549566052037,1013.55054
1549566052076,1013.5425
1549566052117,1013.53955
1549566052161,1013.542
1549566052199,1013.54224
1549566052237,1013.54517
1549566052285,1013.54565
1549566052318,1013.55005
1549566052357,1013.5552
1549566052399,1013.55005
1549566052436,1013.5486
1549566052477,1013.5498
1549566052517,1013.5552
1549566052561,1013.5591
1549566052598,1013.5608
1549566052637,1013.5564
1549566052677,1013.5552
1549566052716,1013.55884
1549566052757,1013.55273
1549566052798,1013.5471
1549566052837,1013.541
1549566052878,1013.52637
1549566052917,1013.5322
1549566052961,1013.5359
1549566052998,1013.5427
1549566053036,1013.5442
1549566053076,1013.5442
1549566053117,1013.5493
1549566053167,1013.55786
1549566053199,1013.5613
1549566053236,1013.5564
1549566053277,1013.5464
1549566053324,1013.55493
1549566053362,1013.55615
1549566053403,1013.5508
1549566053437,1013.5471
1549566053478,1013.54517
1549566053516,1013.5449
1549566053557,1013.5454
1549566053597,1013.5554
1549566053636,1013.5593
1549566053678,1013.56104
1549566053716,1013.562
1549566053755,1013.55615
1549566053798,1013.5603
1549566053836,1013.5576
1549566053877,1013.563
1549566053918,1013.57007
1549566053957,1013.5635
1549566053998,1013.56885
1549566054036,1013.5686
1549566054076,1013.57056
1549566054116,1013.57666
1549566054158,1013.58813
1549566054198,1013.5874
1549566054238,1013.5891
1549566054278,1013.5857
1549566054316,1013.5847
1549566054356,1013.58325
1549566054403,1013.58276
1549566054443,1013.58545
1549566054477,1013.5886
1549566054516,1013.59326
1549566054556,1013.58594
1549566054596,1013.59326
1549566054636,1013.5962
1549566054678,1013.5996
1549566054716,1013.60474
1549566054756,1013.6079
1549566054796,1013.6111
1549566054836,1013.60596
1549566054877,1013.5991
1549566054918,1013.5957
1549566054956,1013.60156
1549566054997,1013.6008
1549566055039,1013.60034
1549566055079,1013.59766
1549566055116,1013.6084
1549566055157,1013.60596
1549566055196,1013.6101
1549566055239,1013.6118
1549566055281,1013.61084
1549566055318,1013.6118
1549566055357,1013.6072
1549566055400,1013.6062
1549566055445,1013.6074
1549566055478,1013.6074
1549566055516,1013.6177
1549566055560,1013.6138
1549566055596,1013.6128
1549566055636,1013.6106
1549566055687,1013.60864
1549566055718,1013.61475
1549566055758,1013.6179
1549566055800,1013.6138
1549566055838,1013.6196
1549566055878,1013.6255
1549566055917,1013.6301
1549566055957,1013.6245
1549566056004,1013.6221
1549566056040,1013.62036
1549566056080,1013.62036
1549566056116,1013.6272
1549566056158,1013.61743
1549566056197,1013.62354
1549566056243,1013.6201
1549566056279,1013.61694
1549566056316,1013.6128
1549566056357,1013.6201
1549566056397,1013.6162
1549566056438,1013.6167
1549566056479,1013.6189
1549566056519,1013.6199
1549566056560,1013.6157
1549566056596,1013.62354
1549566056637,1013.6316
1549566056677,1013.62866
1549566056716,1013.62256
1549566056756,1013.61694
1549566056796,1013.61597
1549566056836,1013.61597
1549566056877,1013.6179
1549566056918,1013.6155
1549566056958,1013.61304
1549566056997,1013.6162
1549566057039,1013.61255
1549566057077,1013.61304
1549566057116,1013.615
1549566057156,1013.62036
1549566057196,1013.62305
1549566057238,1013.62524
1549566057276,1013.62573
1549566057316,1013.6284
1549566057357,1013.62695
1549566057396,1013.6294
1549566057441,1013.62524
1549566057476,1013.61816
1549566057517,1013.6194
1549566057559,1013.6238
1549566057596,1013.6255
1549566057638,1013.61865
1549566057676,1013.6167
1549566057719,1013.615
1549566057759,1013.61523
1549566057796,1013.6116
1549566057837,1013.6079
1549566057878,1013.6079
1549566057919,1013.614
1549566057958,1013.61865
1549566057996,1013.6221
1549566058038,1013.62695
1549566058076,1013.62695
1549566058116,1013.6116
1549566058158,1013.61743
1549566058197,1013.615
1549566058237,1013.61426
1549566058278,1013.6282
1549566058318,1013.62256
1549566058359,1013.6113
1549566058398,1013.6084
1549566058437,1013.5996
1549566058477,1013.5984
1549566058516,1013.59155
1549566058559,1013.59204
1549566058595,1013.594
1549566058637,1013.58374
1549566058678,1013.5808
1549566058716,1013.58105
1549566058762,1013.5779
1549566058796,1013.57764
1549566058838,1013.5747
1549566058879,1013.57764
1549566058918,1013.56934
1549566058958,1013.5735
1549566058996,1013.5691
1549566059040,1013.57007
1549566059076,1013.56055
1549566059116,1013.56885
1549566059158,1013.5718
1549566059196,1013.57495
1549566059237,1013.5774
1549566059277,1013.5874
1549566059316,1013.59155
1549566059359,1013.5874
1549566059399,1013.58496
1549566059438,1013.5803
1549566059476,1013.57886
1549566059519,1013.5808
1549566059557,1013.5786
1549566059596,1013.5796
1549566059637,1013.5825
1549566059677,1013.5835
1549566059718,1013.58374
1549566059757,1013.5874
1549566059805,1013.5913
1549566059837,1013.5884
1549566059876,1013.5852
1549566059917,1013.5896
1549566059957,1013.59717
1549566059997,1013.60034
1549566060036,1013.5923
1549566060076,1013.5906
1549566060116,1013.5947
1549566060156,1013.58936
1549566060195,1013.59424
1549566060237,1013.59424
1549566060276,1013.5989
1549566060317,1013.59717
1549566060356,1013.5984
1549566060397,1013.59595
1549566060441,1013.5928
1549566060478,1013.59863
1549566060517,1013.5989
1549566060556,1013.5957
1549566060597,1013.5962
1549566060636,1013.5962
1549566060677,1013.6006
1549566060716,1013.6074
1549566060755,1013.60815
1549566060795,1013.59985
1549566060838,1013.59863
1549566060878,1013.593
1549566060917,1013.59326
1549566060957,1013.5974
1549566060995,1013.59546
1549566061037,1013.59033
1549566061075,1013.5952
1549566061116,1013.5969
1549566061156,1013.59644
1549566061195,1013.5979
1549566061237,1013.60034
1549566061275,1013.60034
1549566061317,1013.60693
1549566061356,1013.60034
1549566061396,1013.5989
1549566061437,1013.59644
1549566061475,1013.59546
1549566061517,1013.59863
1549566061555,1013.60034
1549566061595,1013.5984
1549566061637,1013.5896
1549566061677,1013.595
1549566061718,1013.5974
1549566061757,1013.6052
1549566061796,1013.59985
1549566061837,1013.59595
1549566061877,1013.59424
1549566061919,1013.6006
1549566061957,1013.6001
1549566061996,1013.5989
1549566062037,1013.594
1549566062076,1013.5957
1549566062119,1013.5984
1549566062157,1013.59985
1549566062209,1013.6033
1549566062236,1013.60156
1549566062280,1013.59766
1549566062320,1013.5967
1549566062356,1013.5952
1549566062396,1013.6013
1549566062438,1013.5989
1549566062477,1013.595
1549566062519,1013.59644
1549566062563,1013.5923
1549566062597,1013.59033
1549566062636,1013.59033
1549566062677,1013.58984
1549566062720,1013.5867
1549566062757,1013.5818
1549566062798,1013.5796
1549566062837,1013.5803
1549566062880,1013.5874
1549566062919,1013.5864
1549566062956,1013.58936
1549566062997,1013.5925
1549566063038,1013.5884
1549566063079,1013.58105
1549566063119,1013.58716
1549566063156,1013.59033
1549566063197,1013.5913
1549566063239,1013.5857
1549566063279,1013.5908
1549566063317,1013.59033
1549566063359,1013.58276
1549566063396,1013.5891
1549566063443,1013.57544
1549566063477,1013.5747
1549566063521,1013.574
1549566063559,1013.5747
1549566063598,1013.5813
1549566063635,1013.5879
1549566063676,1013.5852
1549566063716,1013.5818
1549566063756,1013.5781
1549566063797,1013.57983
1549566063836,1013.5769
1549566063878,1013.57764
1549566063917,1013.57886
1549566063960,1013.57983
1549566063996,1013.5759
1549566064036,1013.57324
1549566064078,1013.57983
