1549565278357,1013.7505
1549565278387,1013.7544
1549565278409,1013.7427
1549565278448,1013.75195
1549565278491,1013.7512
1549565278530,1013.7456
1549565278570,1013.7573
1549565278609,1013.75757
1549565278649,1013.75757
1549565278690,1013.76245
1549565278730,1013.76855
1549565278770,1013.76245
1549565278810,1013.76196
1549565278849,1013.7676
1549565278890,1013.7754
1549565278929,1013.77
1549565278970,1013.76587
1549565279011,1013.7715
1549565279052,1013.76074
1549565279091,1013.75854
1549565279129,1013.76245
1549565279170,1013.7639
1549565279211,1013.77075
1549565279249,1013.7749
1549565279298,1013.7749
1549565279329,1013.77515
1549565279375,1013.77124
1549565279409,1013.77563
1549565279450,1013.7832
1549565279492,1013.7783
1549565279537,1013.7717
1549565279571,1013.7793
1549565279609,1013.7766
1549565279651,1013.7676
1549565279694,1013.7688
1549565279731,1013.76514
1549565279771,1013.7639
1549565279811,1013.7678
1549565279854,1013.77563
1549565279890,1013.7766
1549565279930,1013.76904
1549565279970,1013.7678
1549565280010,1013.7634
1549565280049,1013.76953
1549565280089,1013.7693
1549565280129,1013.7693
1549565280171,1013.7637
1549565280211,1013.7632
1549565280250,1013.7705
1549565280291,1013.7698
1549565280338,1013.77075
1549565280371,1013.76904
1549565280410,1013.7727
1549565280452,1013.7827
1549565280489,1013.78394
1549565280531,1013.7788
1549565280570,1013.7844
1549565280609,1013.78613
1549565280654,1013.78687
1549565280689,1013.7849
1549565280730,1013.7859
1549565280771,1013.7827
1549565280809,1013.7788
1549565280851,1013.782
1549565280889,1013.77734
1549565280929,1013.7676
1549565280970,1013.7698
1549565281010,1013.7666
1549565281056,1013.76636
1549565281091,1013.76685
1549565281130,1013.772
1549565281171,1013.7744
1549565281213,1013.77295
1549565281251,1013.7788
1549565281289,1013.7749
1549565281332,1013.7671
1549565281370,1013.76733
1549565281410,1013.76514
1549565281450,1013.7649
1549565281490,1013.77344
1549565281529,1013.77905
1549565281570,1013.7766
1549565281609,1013.76953
1549565281651,1013.7693
1549565281691,1013.772
1549565281732,1013.7754
1549565281771,1013.7837
1549565281810,1013.7798
1549565281851,1013.78394
1549565281890,1013.7759
1549565281929,1013.77637
1549565281971,1013.7793
1549565282011,1013.78564
1549565282052,1013.7859
1549565282089,1013.77734
1549565282131,1013.77783
1549565282170,1013.77637
1549565282222,1013.7754
1549565282253,1013.77
1549565282290,1013.7698
1549565282331,1013.77
1549565282372,1013.7754
1549565282411,1013.77515
1549565282450,1013.7693
1549565282490,1013.76
1549565282530,1013.7639
1549565282574,1013.77
1549565282611,1013.77
1549565282650,1013.7815
1549565282690,1013.77905
1549565282734,1013.77954
1549565282772,1013.7842
1549565282810,1013.7881
1549565282850,1013.78296
1549565282893,1013.7864
1549565282930,1013.7859
1549565282970,1013.7842
1549565283010,1013.78564
1549565283050,1013.7815
1549565283091,1013.7805
1549565283130,1013.7849
1549565283170,1013.77563
1549565283210,1013.7815
1549565283252,1013.7798
1549565283290,1013.7798
1549565283330,1013.78174
1549565283370,1013.7783
1549565283410,1013.772
1549565283450,1013.76685
1549565283490,1013.7637
1549565283532,1013.7622
1549565283570,1013.7544
1549565283611,1013.7549
1549565283652,1013.75806
1549565283689,1013.7539
1549565283729,1013.75244
1549565283769,1013.7632
1549565283809,1013.7637
1549565283855,1013.7666
1549565283890,1013.7705
1549565283929,1013.76465
1549565283970,1013.7688
1549565284011,1013.77686
1549565284054,1013.77734
1549565284089,1013.76807
1549565284130,1013.7656
1549565284170,1013.75977
1549565284210,1013.75073
1549565284250,1013.7505
1549565284290,1013.7539
1549565284330,1013.7595
1549565284374,1013.76196
1549565284409,1013.7722
1549565284451,1013.76807
1549565284489,1013.77344
1549565284531,1013.7705
1549565284570,1013.7715
1549565284612,1013.76904
1549565284651,1013.76904
1549565284689,1013.77075
1549565284732,1013.7722
1549565284776,1013.76807
1549565284820,1013.76733
1549565284853,1013.76514
1549565284891,1013.7612
1549565284929,1013.7693
1549565284970,1013.7717
1549565285011,1013.7698
1549565285051,1013.7698
1549565285089,1013.7654
1549565285130,1013.77026
1549565285169,1013.7698
1549565285209,1013.76636
1549565285250,1013.7644
1549565285289,1013.76855
1549565285330,1013.7727
1549565285370,1013.7717
1549565285408,1013.76733
1549565285450,1013.76587
1549565285489,1013.7727
1549565285530,1013.77295
1549565285571,1013.7749
1549565285609,1013.7737
1549565285650,1013.7693
1549565285690,1013.771
1549565285730,1013.76733
1549565285770,1013.77344
1549565285809,1013.77637
1549565285850,1013.7722
1549565285890,1013.77295
1549565285929,1013.77
1549565285970,1013.77637
1549565286009,1013.7798
1549565286051,1013.7798
1549565286090,1013.7783
1549565286130,1013.76904
1549565286171,1013.7678
1549565286210,1013.7717
1549565286256,1013.77344
1549565286290,1013.7739
1549565286330,1013.7698
1549565286370,1013.7693
1549565286413,1013.772
1549565286450,1013.7781
1549565286489,1013.7698
1549565286530,1013.77344
1549565286569,1013.7688
1549565286610,1013.76587
1549565286651,1013.772
1549565286690,1013.771
1549565286730,1013.76587
1549565286770,1013.771
1549565286809,1013.772
1549565286850,1013.7661
1549565286889,1013.7644
1549565286930,1013.76636
1549565286969,1013.7698
1549565287010,1013.77466
1549565287050,1013.77246
1549565287090,1013.7717
1549565287130,1013.7754
1549565287169,1013.77246
1549565287210,1013.7759
1549565287252,1013.78174
1549565287289,1013.7783
1549565287331,1013.77563
1549565287370,1013.77295
1549565287410,1013.7688
1549565287450,1013.77246
1549565287490,1013.77246
1549565287530,1013.7759
1549565287570,1013.7744
1549565287610,1013.7771
1549565287650,1013.7783
1549565287690,1013.78345
1549565287731,1013.781
1549565287770,1013.78345
1549565287810,1013.7903
1549565287850,1013.78174
1549565287890,1013.7781
1549565287930,1013.79224
1549565287970,1013.78345
1549565288010,1013.772
1549565288053,1013.76416
1549565288092,1013.7644
1549565288131,1013.76587
1549565288169,1013.77344
1549565288210,1013.7654
1549565288250,1013.76514
1549565288290,1013.76807
1549565288331,1013.76587
1549565288369,1013.7637
1549565288410,1013.7722
1549565288450,1013.77295
1549565288490,1013.7683
1549565288531,1013.7717
1549565288569,1013.76465
1549565288610,1013.7593
1549565288650,1013.76245
1549565288689,1013.7639
1549565288730,1013.7595
1549565288769,1013.7634
1549565288811,1013.76025
1549565288850,1013.7744
1549565288890,1013.772
1549565288931,1013.77783
1549565288969,1013.76953
1549565289010,1013.7827
1549565289050,1013.7749
1549565289089,1013.76953
1549565289131,1013.75903
1549565289169,1013.76025
1549565289211,1013.76953
1549565289250,1013.77075
1549565289296,1013.77026
1549565289330,1013.7739
1549565289370,1013.7612
1549565289412,1013.76733
1549565289450,1013.7722
1549565289490,1013.77124
1549565289530,1013.77075
1549565289571,1013.7717
1549565289611,1013.77563
1549565289650,1013.77466
1549565289691,1013.7742
1549565289731,1013.77124
1549565289771,1013.7715
1549565289822,1013.7705
1549565289849,1013.77246
1549565289892,1013.7749
1549565289930,1013.7864
1549565289968,1013.7864
1549565290012,1013.7827
1549565290051,1013.7837
1549565290091,1013.7837
1549565290133,1013.79395
1549565290170,1013.7854
1549565290212,1013.792
1549565290250,1013.7932
1549565290292,1013.791
1549565290330,1013.78564
1549565290371,1013.77637
1549565290411,1013.7815
1549565290449,1013.781
1549565290490,1013.78467
1549565290529,1013.7849
1549565290570,1013.78125
1549565290622,1013.7866
1549565290655,1013.782
1549565290690,1013.7822
1549565290729,1013.77783
1549565290770,1013.77856
1549565290810,1013.7832
1549565290849,1013.7832
1549565290890,1013.78296
1549565290935,1013.77563
1549565290970,1013.7754
1549565291011,1013.7717
1549565291051,1013.7864
1549565291092,1013.7915
1549565291129,1013.79004
1549565291170,1013.78687
1549565291211,1013.79175
1549565291250,1013.7903
1549565291291,1013.78955
1549565291330,1013.78955
1549565291370,1013.7864
1549565291413,1013.7881
1549565291450,1013.792
1549565291491,1013.7942
1549565291532,1013.7908
1549565291569,1013.78516
1549565291612,1013.7859
1549565291651,1013.78735
1549565291689,1013.7876
1549565291730,1013.7883
1549565291770,1013.7883
1549565291811,1013.7903
1549565291850,1013.79224
1549565291901,1013.7864
1549565291929,1013.7898
1549565291970,1013.78735
1549565292010,1013.79175
1549565292050,1013.7959
1549565292092,1013.79224
1549565292129,1013.7947
1549565292170,1013.79395
1549565292211,1013.7908
1549565292250,1013.79004
1549565292296,1013.7866
1549565292330,1013.7842
1549565292370,1013.78687
1549565292410,1013.78687
1549565292450,1013.79614
1549565292490,1013.79785
1549565292530,1013.7886
1549565292571,1013.792
1549565292615,1013.7964
1549565292652,1013.7991
1549565292691,1013.79224
1549565292730,1013.7854
1549565292772,1013.79126
1549565292810,1013.7927
1549565292849,1013.7925
1549565292891,1013.7883
1549565292930,1013.79614
1549565292970,1013.7954
1549565293011,1013.8008
1549565293050,1013.7959
1549565293090,1013.791
1549565293130,1013.7932
1549565293169,1013.7908
1549565293212,1013.7903
1549565293256,1013.78906
1549565293291,1013.7925
1549565293329,1013.8003
1549565293371,1013.8054
1549565293410,1013.7971
1549565293449,1013.80444
1549565293490,1013.80176
1549565293531,1013.7925
1549565293570,1013.7866
1549565293610,1013.7793
1549565293650,1013.78125
1549565293695,1013.78613
1549565293731,1013.7876
1549565293773,1013.78906
1549565293812,1013.791
1549565293850,1013.79004
1549565293890,1013.7903
1549565293931,1013.79346
1549565293972,1013.79346
1549565294010,1013.79834
1549565294049,1013.803
1549565294090,1013.79736
1549565294131,1013.7986
1549565294173,1013.802
1549565294210,1013.7976
1549565294249,1013.7969
1549565294291,1013.7937
1549565294330,1013.7886
1549565294370,1013.79443
1549565294412,1013.7898
1549565294455,1013.7849
1549565294490,1013.7908
1549565294529,1013.8052
1549565294571,1013.7991
1549565294611,1013.7969
1549565294650,1013.7898
1549565294690,1013.7949
1549565294729,1013.7937
1549565294772,1013.78955
1549565294811,1013.78687
1549565294851,1013.78784
1549565294891,1013.78784
1549565294931,1013.78
1549565294970,1013.7837
1549565295010,1013.78345
1549565295051,1013.78687
1549565295091,1013.79395
1549565295129,1013.792
1549565295173,1013.79443
1549565295211,1013.79614
1549565295251,1013.7844
1549565295297,1013.7793
1549565295330,1013.7805
1549565295372,1013.7822
1549565295413,1013.7766
1549565295456,1013.77563
1549565295490,1013.7803
1549565295529,1013.7859
1549565295571,1013.79297
1549565295610,1013.79517
1549565295651,1013.8003
1549565295691,1013.7964
1549565295730,1013.7981
1549565295771,1013.79224
1549565295822,1013.7886
1549565295849,1013.7883
1549565295893,1013.79004
1549565295934,1013.79126
1549565295969,1013.7947
1549565296010,1013.7908
1549565296050,1013.7864
1549565296091,1013.7859
1549565296130,1013.78394
1549565296171,1013.7781
1549565296213,1013.7798
1549565296252,1013.78955
1549565296293,1013.7915
1549565296330,1013.79785
1549565296374,1013.79614
1549565296409,1013.79663
1549565296455,1013.79517
1549565296491,1013.79395
1549565296529,1013.7905
1549565296571,1013.792
1549565296613,1013.7898
1549565296669,1013.78955
1549565296691,1013.78906
1549565296733,1013.78564
1549565296770,1013.79297
1549565296817,1013.79175
1549565296851,1013.7991
1549565296890,1013.8032
1549565296933,1013.80615
1549565296970,1013.8008
1549565297011,1013.79736
1549565297050,1013.7986
1549565297090,1013.8037
1549565297130,1013.8013
1549565297170,1013.7964
1549565297210,1013.7903
1549565297255,1013.7903
1549565297290,1013.7903
1549565297330,1013.7876
1549565297370,1013.7925
1549565297410,1013.79443
1549565297450,1013.79517
1549565297491,1013.79663
1549565297529,1013.7986
1549565297573,1013.8013
1549565297610,1013.7959
1549565297653,1013.7881
1549565297690,1013.79175
1549565297732,1013.79395
1549565297771,1013.8003
1549565297810,1013.80566
1549565297849,1013.8054
1549565297890,1013.8013
1549565297929,1013.8037
1549565297970,1013.80444
1549565298010,1013.7993
1549565298053,1013.80396
1549565298093,1013.80347
1549565298129,1013.7991
1549565298171,1013.80054
1549565298209,1013.7971
1549565298251,1013.80615
1549565298291,1013.8091
1549565298330,1013.8115
1549565298371,1013.8113
1549565298410,1013.79663
1549565298456,1013.7947
1549565298491,1013.79175
1549565298530,1013.78125
1549565298572,1013.77246
1549565298611,1013.782
1549565298659,1013.7781
1549565298692,1013.7781
1549565298730,1013.7842
1549565298771,1013.7803
1549565298815,1013.78687
1549565298852,1013.79614
1549565298890,1013.7981
1549565298930,1013.7932
1549565298970,1013.7883
1549565299009,1013.78564
1549565299052,1013.7888
1549565299090,1013.7925
1549565299131,1013.79126
1549565299176,1013.79517
1549565299209,1013.7993
1549565299251,1013.802
1549565299293,1013.7988
1549565299332,1013.79443
1549565299371,1013.7883
1549565299413,1013.7893
1549565299450,1013.8003
1549565299490,1013.8076
1549565299530,1013.8032
1549565299571,1013.79956
1549565299611,1013.79956
1549565299654,1013.8086
1549565299692,1013.8025
1549565299732,1013.80005
1549565299772,1013.80005
1549565299811,1013.7971
1549565299851,1013.7898
1549565299890,1013.78394
1549565299934,1013.7781
1549565299970,1013.7849
1549565300010,1013.78564
1549565300052,1013.7859
1549565300090,1013.7905
1549565300130,1013.79517
1549565300172,1013.7927
1549565300212,1013.80005
1549565300251,1013.80176
1549565300291,1013.7969
1549565300331,1013.7988
1549565300371,1013.8059
1549565300411,1013.8186
1549565300451,1013.8157
1549565300490,1013.8047
1549565300532,1013.8025
1549565300578,1013.81006
1549565300609,1013.80347
1549565300666,1013.80054
1549565300692,1013.79663
1549565300729,1013.79614
1549565300772,1013.79663
1549565300809,1013.80005
1549565300862,1013.7905
1549565300892,1013.8015
1549565300930,1013.8013
1549565300970,1013.81494
1549565301012,1013.8071
1549565301053,1013.81177
1549565301092,1013.8096
1549565301133,1013.8091
1549565301171,1013.8013
1549565301211,1013.80273
1549565301250,1013.81006
1549565301291,1013.8108
1549565301330,1013.802
1549565301370,1013.7986
1549565301410,1013.8032
1549565301450,1013.8086
1549565301490,1013.8081
1549565301531,1013.8064
1549565301570,1013.80347
1549565301613,1013.8091
1549565301652,1013.8047
1549565301691,1013.80444
1549565301733,1013.7932
1549565301771,1013.79663
1549565301810,1013.8003
1549565301852,1013.8081
1549565301890,1013.7971
1549565301931,1013.80273
1549565301979,1013.7993
1549565302009,1013.80396
1549565302050,1013.8025
1549565302090,1013.80884
1549565302131,1013.8108
1549565302170,1013.8137
1549565302209,1013.8137
1549565302251,1013.81055
1549565302289,1013.8142
1549565302330,1013.8135
1549565302369,1013.8047
1549565302410,1013.79517
1549565302459,1013.7883
1549565302489,1013.7883
1549565302533,1013.78906
1549565302569,1013.77686
1549565302609,1013.7798
1549565302651,1013.77954
1549565302692,1013.7798
1549565302732,1013.7881
1549565302771,1013.79346
1549565302810,1013.80273
1549565302850,1013.8042
1549565302890,1013.8059
1549565302933,1013.8113
1549565302969,1013.80786
1549565303009,1013.80664
1549565303051,1013.8069
1549565303089,1013.8147
1549565303131,1013.81665
1549565303170,1013.81885
1549565303211,1013.82495
1549565303250,1013.8157
1549565303290,1013.8159
1549565303331,1013.80786
1549565303371,1013.8008
1549565303413,1013.81274
1549565303451,1013.8054
1549565303489,1013.8003
1549565303532,1013.79614
1549565303570,1013.80347
1549565303613,1013.7959
1549565303651,1013.80054
1549565303690,1013.7969
1549565303732,1013.8013
1549565303773,1013.8008
1549565303812,1013.80664
1549565303849,1013.7981
1549565303896,1013.80225
1549565303931,1013.79785
1549565303969,1013.79785
1549565304010,1013.80444
1549565304050,1013.8125
1549565304091,1013.8059
1549565304131,1013.79956
1549565304173,1013.7988
1549565304210,1013.79956
1549565304253,1013.7883
1549565304294,1013.78955
1549565304332,1013.79565
1549565304372,1013.79834
1549565304411,1013.80054
1549565304450,1013.7976
1549565304489,1013.78955
1549565304530,1013.7893
1549565304570,1013.79614
1549565304609,1013.7942
1549565304650,1013.7942
1549565304690,1013.791
1549565304731,1013.7991
1549565304773,1013.79175
1549565304811,1013.7915
1549565304850,1013.79126
1549565304889,1013.79224
1549565304930,1013.7986
1549565304969,1013.7976
1549565305010,1013.7998
1549565305050,1013.7971
1549565305090,1013.7971
1549565305133,1013.8037
1549565305169,1013.8015
1549565305213,1013.8074
1549565305254,1013.80176
1549565305292,1013.80273
1549565305331,1013.7976
1549565305370,1013.7942
1549565305411,1013.79175
1549565305452,1013.79736
1549565305489,1013.7932
1549565305530,1013.7898
1549565305570,1013.7905
1549565305611,1013.7832
1549565305650,1013.7898
1549565305690,1013.7932
1549565305731,1013.78735
1549565305769,1013.78955
1549565305810,1013.7883
1549565305850,1013.78564
1549565305890,1013.7893
1549565305931,1013.79175
1549565305970,1013.7905
1549565306010,1013.7986
1549565306050,1013.79443
1549565306092,1013.7925
1549565306131,1013.7998
1549565306170,1013.7932
1549565306213,1013.80225
1549565306250,1013.803
1549565306289,1013.8052
1549565306332,1013.80615
1549565306369,1013.801
1549565306412,1013.8032
1549565306452,1013.7964
1549565306489,1013.7964
1549565306531,1013.79956
1549565306571,1013.7927
1549565306612,1013.79565
1549565306651,1013.79175
1549565306691,1013.7937
1549565306733,1013.7925
1549565306769,1013.79346
1549565306810,1013.7893
1549565306850,1013.7937
1549565306893,1013.7888
