1549564084241,1010.2426
1549564084242,1010.2426
1549564084278,1010.2426
1549564084317,1010.2426
1549564084358,1010.24835
1549564084394,1010.24835
1549564084434,1010.24835
1549564084471,1010.24835
1549564084513,1010.2203
1549564084549,1010.2203
1549564084588,1010.2203
1549564084625,1010.2203
1549564084664,1010.2189
1549564084707,1010.2189
1549564084741,1010.2189
1549564084779,1010.2189
1549564084820,1010.2189
1549564084857,1010.2344
1549564084895,1010.2344
1549564084935,1010.2344
1549564084972,1010.2344
1549564085013,1010.22736
1549564085051,1010.22736
1549564085089,1010.22736
1549564085127,1010.22736
1549564085168,1010.23663
1549564085204,1010.23663
1549564085241,1010.23663
1549564085280,1010.23663
1549564085318,1010.2312
1549564085357,1010.2312
1549564085395,1010.2312
1549564085435,1010.2312
1549564085473,1010.2312
1549564085510,1010.20886
1549564085553,1010.20886
1549564085589,1010.20886
1549564085627,1010.20886
1549564085664,1010.2076
1549564085703,1010.2076
1549564085749,1010.2076
1549564085780,1010.2076
1549564085818,1010.20685
1549564085860,1010.20685
1549564085894,1010.20685
1549564085935,1010.20685
1549564085971,1010.2272
1549564086029,1010.2272
1549564086070,1010.2272
1549564086089,1010.2272
1549564086124,1010.2272
1549564086162,1010.30396
1549564086203,1010.30396
1549564086239,1010.30396
1549564086278,1010.30396
1549564086319,1010.22955
1549564086355,1010.22955
1549564086394,1010.22955
1549564086432,1010.22955
1549564086471,1010.2028
1549564086509,1010.2028
1549564086548,1010.2028
1549564086652,1010.2028
1549564086654,1010.2028
1549564086665,1010.1883
1549564086704,1010.1883
1549564086771,1010.1883
1549564086777,1010.1883
1549564086816,1010.1891
1549564086855,1010.1891
1549564086913,1010.1891
1549564086946,1010.1891
1549564087086,1010.2222
1549564087086,1010.2222
1549564087087,1010.2222
1549564087087,1010.2222
1549564087126,1010.2608
1549564087165,1010.2608
1549564087226,1010.2608
1549564087244,1010.2608
1549564087400,1010.22644
1549564087400,1010.22644
1549564087432,1010.22644
1549564087470,1010.16797
1549564087508,1010.16797
1549564087552,1010.16797
1549564087587,1010.16797
1549564087643,1010.1969
1549564087663,1010.1969
1549564087703,1010.1969
1549564087739,1010.1969
1549564087781,1010.196
1549564087825,1010.196
1549564087856,1010.196
1549564087901,1010.196
1549564087934,1010.196
1549564087971,1010.1954
1549564088009,1010.1954
1549564088074,1010.1954
1549564088105,1010.1954
1549564088179,1010.1644
1549564088180,1010.1644
1549564088210,1010.1644
1549564088240,1010.1644
1549564088281,1010.10565
1549564088388,1010.10565
1549564088388,1010.10565
1549564088399,1010.10565
1549564088436,1010.08124
1549564088476,1010.08124
1549564088536,1010.08124
1549564088563,1010.08124
1549564088625,1010.08124
1549564088625,1010.0775
1549564088662,1010.0775
1549564088705,1010.0775
1549564088739,1010.0775
1549564088776,1010.10583
1549564088816,1010.10583
1549564088856,1010.10583
1549564088893,1010.10583
1549564088931,1010.0831
1549564088972,1010.0831
1549564089008,1010.0831
1549564089047,1010.0831
1549564089087,1010.0831
1549564089125,1010.19855
1549564089162,1010.19855
1549564089200,1010.19855
1549564089241,1010.19855
1549564089278,1010.2695
1549564089317,1010.2695
1549564089362,1010.2695
1549564089393,1010.2695
1549564089434,1010.2215
1549564089476,1010.2215
1549564089510,1010.2215
1549564089547,1010.2215
1549564089585,1010.12213
1549564089628,1010.12213
1549564089665,1010.12213
1549564089700,1010.12213
1549564089741,1010.12213
1549564089782,1010.0994
1549564089818,1010.0994
1549564089856,1010.0994
1549564089894,1010.0994
1549564089931,1010.13007
1549564089970,1010.13007
1549564090045,1010.13007
1549564090077,1010.13007
1549564090109,1010.1621
1549564090133,1010.1621
1549564090162,1010.1621
1549564090202,1010.1621
1549564090240,1010.12573
1549564090278,1010.12573
1549564090320,1010.12573
1549564090359,1010.12573
1549564090394,1010.12573
1549564090433,1010.151
1549564090478,1010.151
1549564090509,1010.151
1549564090554,1010.151
1549564090587,1010.2463
1549564090623,1010.2463
1549564090665,1010.2463
1549564090701,1010.2463
1549564090738,1010.1722
1549564090779,1010.1722
1549564090818,1010.1722
1549564090854,1010.1722
1549564090898,1010.1722
1549564090935,1010.06836
1549564090970,1010.06836
1549564091008,1010.06836
1549564091050,1010.06836
1549564091089,1010.04224
1549564091126,1010.04224
1549564091166,1010.04224
1549564091200,1010.04224
1549564091241,1010.06036
1549564091277,1010.06036
1549564091328,1010.06036
1549564091356,1010.06036
1549564091393,1010.05493
1549564091433,1010.05493
1549564091475,1010.05493
1549564091509,1010.05493
1549564091549,1010.05493
1549564091587,1010.0992
1549564091625,1010.0992
1549564091667,1010.0992
1549564091741,1010.0992
1549564091741,1010.15875
1549564091781,1010.15875
1549564091817,1010.15875
1549564091854,1010.15875
1549564091892,1010.1429
1549564091930,1010.1429
1549564091972,1010.1429
1549564092010,1010.1429
1549564092048,1010.0254
1549564092107,1010.0254
1549564092125,1010.0254
1549564092161,1010.0254
1549564092205,1010.0254
1549564092241,1009.99786
1549564092278,1009.99786
1549564092321,1009.99786
1549564092366,1009.99786
1549564092393,1010.0421
1549564092431,1010.0421
1549564092470,1010.0421
1549564092513,1010.0421
1549564092546,1010.01154
1549564092597,1010.01154
1549564092622,1010.01154
1549564092664,1010.01154
1549564092702,1010.05743
1549564092740,1010.05743
1549564092777,1010.05743
1549564092817,1010.05743
1549564092859,1010.05743
1549564092893,1010.1709
1549564092934,1010.1709
1549564092969,1010.1709
1549564093009,1010.1709
1549564093048,1010.033
1549564093084,1010.033
1549564093124,1010.033
1549564093164,1010.033
1549564093201,1009.9683
1549564093242,1009.9683
1549564093287,1009.9683
1549564093315,1009.9683
1549564093354,1009.9683
1549564093396,1009.9919
1549564093435,1009.9919
1549564093469,1009.9919
1549564093513,1009.9919
1549564093546,1010.0191
1549564093585,1010.0191
1549564093626,1010.0191
1549564093664,1010.0191
1549564093699,1010.00146
1549564093737,1010.00146
1549564093777,1010.00146
1549564093815,1010.00146
1549564093854,1010.0321
1549564093892,1010.0321
1549564093932,1010.0321
1549564093969,1010.0321
1549564094008,1010.0321
1549564094048,1010.0934
1549564094084,1010.0934
1549564094125,1010.0934
1549564094165,1010.0934
1549564094201,1009.97534
1549564094240,1009.97534
1549564094279,1009.97534
1549564094319,1009.97534
1549564094355,1009.8967
1549564094399,1009.8967
1549564094431,1009.8967
1549564094470,1009.8967
1549564094529,1009.92566
1549564094548,1009.92566
1549564094588,1009.92566
1549564094624,1009.92566
1549564094670,1009.92566
1549564094703,1009.96313
1549564094738,1009.96313
1549564094778,1009.96313
1549564094816,1009.96313
1549564094855,1009.9421
1549564094894,1009.9421
1549564094932,1009.9421
1549564094972,1009.9421
1549564095011,1009.95575
1549564095048,1009.95575
1549564095087,1009.95575
1549564095124,1009.95575
1549564095162,1010.0456
1549564095204,1010.0456
1549564095240,1010.0456
1549564095276,1010.0456
1549564095318,1010.0456
1549564095359,1009.9214
1549564095393,1009.9214
1549564095430,1009.9214
1549564095471,1009.9214
1549564095509,1009.8567
1549564095546,1009.8567
1549564095586,1009.8567
1549564095623,1009.8567
1549564095670,1009.89923
1549564095699,1009.89923
1549564095738,1009.89923
1549564095778,1009.89923
1549564095817,1009.89923
1549564095857,1009.9429
1549564095896,1009.9429
1549564095935,1009.9429
1549564095973,1009.9429
1549564096009,1009.9106
1549564096049,1009.9106
1549564096086,1009.9106
1549564096126,1009.9106
1549564096164,1009.91736
1549564096204,1009.91736
1549564096238,1009.91736
1549564096278,1009.91736
1549564096316,1009.98883
1549564096358,1009.98883
1549564096392,1009.98883
1549564096430,1009.98883
1549564096471,1009.98883
1549564096518,1009.9985
1549564096545,1009.9985
1549564096584,1009.9985
1549564096624,1009.9985
1549564096675,1009.8742
1549564096699,1009.8742
1549564096738,1009.8742
1549564096776,1009.8742
1549564096815,1009.79083
1549564096853,1009.79083
1549564096892,1009.79083
1549564096932,1009.79083
1549564096969,1009.82794
1549564097007,1009.82794
1549564097045,1009.82794
1549564097084,1009.82794
1549564097129,1009.82794
1549564097162,1009.8569
1549564097200,1009.8569
1549564097239,1009.8569
1549564097278,1009.8569
1549564097316,1009.8699
1549564097352,1009.8699
1549564097391,1009.8699
1549564097432,1009.8699
1549564097473,1009.8478
1549564097508,1009.8478
1549564097552,1009.8478
1549564097584,1009.8478
1549564097628,1009.8478
1549564097664,1009.8492
1549564097701,1009.8492
1549564097739,1009.8492
1549564097782,1009.8492
1549564097815,1009.89514
1549564097856,1009.89514
1549564097897,1009.89514
1549564097931,1009.89514
1549564097969,1009.9564
1549564098008,1009.9564
1549564098050,1009.9564
1549564098085,1009.9564
1549564098122,1009.93536
1549564098161,1009.93536
1549564098201,1009.93536
1549564098237,1009.93536
1549564098277,1009.93536
1549564098315,1010.016
1549564098352,1010.016
1549564098391,1010.016
1549564098431,1010.016
1549564098468,1009.8543
1549564098511,1009.8543
1549564098547,1009.8543
1549564098583,1009.8543
1549564098622,1009.77936
1549564098662,1009.77936
1549564098703,1009.77936
1549564098741,1009.77936
1549564098775,1009.7845
1549564098818,1009.7845
1549564098852,1009.7845
1549564098891,1009.7845
1549564098934,1009.7845
1549564098977,1009.8271
1549564099007,1009.8271
1549564099047,1009.8271
1549564099088,1009.8271
1549564099123,1009.84235
1549564099162,1009.84235
1549564099199,1009.84235
1549564099238,1009.84235
1549564099276,1009.8094
1549564099320,1009.8094
1549564099354,1009.8094
1549564099397,1009.8094
1549564099428,1009.83466
1549564099468,1009.83466
1549564099507,1009.83466
1549564099545,1009.83466
1549564099584,1009.83466
1549564099623,1009.9061
1549564099662,1009.9061
1549564099712,1009.9061
1549564099737,1009.9061
1549564099777,1009.91296
1549564099813,1009.91296
1549564099854,1009.91296
1549564099896,1009.91296
1549564099932,1009.7802
1549564099971,1009.7802
1549564100007,1009.7802
1549564100049,1009.7802
1549564100084,1009.7802
1549564100125,1009.7056
1549564100162,1009.7056
1549564100199,1009.7056
1549564100237,1009.7056
1549564100284,1009.74817
1549564100314,1009.74817
1549564100354,1009.74817
1549564100393,1009.74817
1549564100430,1009.7751
1549564100468,1009.7751
1549564100509,1009.7751
1549564100546,1009.7751
1549564100585,1009.7745
1549564100621,1009.7745
1549564100659,1009.7745
1549564100702,1009.7745
1549564100748,1009.7745
1549564100776,1009.8051
1549564100815,1009.8051
1549564100855,1009.8051
1549564100893,1009.8051
1549564100931,1009.88
1549564100975,1009.88
1549564101007,1009.88
1549564101046,1009.88
1549564101084,1009.863
1549564101123,1009.863
1549564101162,1009.863
1549564101200,1009.863
1549564101244,1009.74896
1549564101278,1009.74896
1549564101316,1009.74896
1549564101354,1009.74896
1549564101392,1009.74896
1549564101432,1009.72174
1549564101468,1009.72174
1549564101508,1009.72174
1549564101545,1009.72174
1549564101584,1009.75916
1549564101622,1009.75916
1549564101661,1009.75916
1549564101697,1009.75916
1549564101737,1009.77106
1549564101786,1009.77106
1549564101815,1009.77106
1549564101855,1009.77106
1549564101891,1009.7751
1549564101935,1009.7751
1549564101982,1009.7751
1549564102005,1009.7751
1549564102044,1009.7751
1549564102082,1009.82385
1549564102121,1009.82385
1549564102162,1009.82385
1549564102205,1009.82385
1549564102241,1009.9151
1549564102277,1009.9151
1549564102315,1009.9151
1549564102354,1009.9151
1549564102392,1009.842
1549564102430,1009.842
1549564102471,1009.842
1549564102506,1009.842
1549564102547,1009.842
1549564102583,1009.6888
1549564102621,1009.6888
1549564102659,1009.6888
1549564102700,1009.6888
1549564102737,1009.6769
1549564102774,1009.6769
1549564102817,1009.6769
1549564102852,1009.6769
1549564102889,1009.699
1549564102937,1009.699
1549564102977,1009.699
1549564103006,1009.699
1549564103046,1009.7211
1549564103097,1009.7211
1549564103123,1009.7211
1549564103161,1009.7211
1549564103196,1009.7211
1549564103255,1009.66833
1549564103281,1009.66833
1549564103333,1009.66833
1549564103364,1009.66833
1549564103395,1009.6939
1549564103427,1009.6939
1549564103465,1009.6939
1549564103621,1009.76874
1549564103622,1009.76874
1549564103661,1009.76874
1549564103696,1009.83685
1549564103736,1009.83685
1549564103775,1009.83685
1549564103814,1009.83685
1549564103854,1009.83685
1549564103897,1009.7132
1549564103933,1009.7132
1549564103968,1009.7132
1549564104005,1009.7132
1549564104044,1009.6871
1549564104082,1009.6871
1549564104121,1009.6871
1549564104171,1009.6871
1549564104204,1009.7183
1549564104240,1009.7183
1549564104274,1009.7183
1549564104317,1009.7183
1549564104353,1009.7421
1549564104396,1009.7421
1549564104443,1009.7421
1549564104473,1009.7421
1549564104506,1009.7421
1549564104544,1009.7132
1549564104581,1009.7132
1549564104622,1009.7132
1549564104662,1009.7132
1549564104702,1009.7524
1549564104737,1009.7524
1549564104784,1009.7524
1549564104816,1009.7524
1549564104851,1009.82214
1549564104893,1009.82214
1549564104935,1009.82214
1549564104970,1009.82214
1549564105008,1009.82214
1549564105043,1009.83636
1549564105083,1009.83636
1549564105121,1009.83636
1549564105173,1009.83636
1549564105198,1009.7053
1549564105238,1009.7053
1549564105279,1009.7053
1549564105315,1009.7053
1549564105351,1009.68146
1549564105390,1009.68146
1549564105431,1009.68146
1549564105476,1009.68146
1549564105512,1009.7257
1549564105544,1009.7257
1549564105583,1009.7257
1549564105622,1009.7257
1549564105703,1009.7257
1549564105703,1009.74445
1549564105736,1009.74445
1549564105776,1009.74445
1549564105815,1009.74445
1549564105852,1009.7087
1549564105891,1009.7087
1549564105930,1009.7087
1549564105971,1009.7087
1549564106005,1009.7771
1549564106046,1009.7771
1549564106084,1009.7771
1549564106122,1009.7771
1549564106158,1009.79474
1549564106198,1009.79474
1549564106237,1009.79474
1549564106278,1009.79474
1549564106314,1009.79474
1549564106355,1009.82874
1549564106391,1009.82874
1549564106434,1009.82874
1549564106467,1009.82874
1549564106512,1009.726
1549564106562,1009.726
1549564106585,1009.726
1549564106621,1009.726
1549564106665,1009.66876
1549564106699,1009.66876
1549564106738,1009.66876
1549564106777,1009.66876
1549564106814,1009.66876
1549564106872,1009.6997
1549564106895,1009.6997
1549564106929,1009.6997
1549564106969,1009.6997
1549564107006,1009.715
1549564107050,1009.715
1549564107082,1009.715
1549564107122,1009.715
1549564107158,1009.7218
1549564107199,1009.7218
1549564107239,1009.7218
1549564107274,1009.7218
1549564107314,1009.6878
1549564107353,1009.6878
1549564107403,1009.6878
1549564107430,1009.6878
1549564107468,1009.6878
1549564107533,1009.7099
1549564107546,1009.7099
1549564107591,1009.7099
1549564107622,1009.7099
1549564107659,1009.74054
1549564107699,1009.74054
1549564107739,1009.74054
1549564107775,1009.74054
1549564107814,1009.7814
1549564107853,1009.7814
1549564107890,1009.7814
1549564107933,1009.7814
1549564107972,1009.7831
1549564108015,1009.7831
1549564108044,1009.7831
1549564108082,1009.7831
1549564108123,1009.7831
1549564108163,1009.6816
1549564108198,1009.6816
1549564108245,1009.6816
1549564108276,1009.6816
1549564108316,1009.65466
1549564108353,1009.65466
1549564108389,1009.65466
1549564108429,1009.65466
1549564108469,1009.6938
1549564108509,1009.6938
1549564108556,1009.6938
1549564108582,1009.6938
1549564108646,1009.7244
1549564108658,1009.7244
1549564108698,1009.7244
1549564108734,1009.7244
1549564108774,1009.7244
1549564108813,1009.72614
1549564108850,1009.72614
1549564108894,1009.72614
1549564108928,1009.72614
1549564108966,1009.72614
1549564109004,1009.72614
1549564109042,1009.72614
1549564109082,1009.72614
1549564109120,1009.68866
1549564109159,1009.68866
1549564109197,1009.68866
1549564109236,1009.68866
1549564109277,1009.68866
1549564109313,1009.7738
1549564109353,1009.7738
1549564109389,1009.7738
1549564109428,1009.7738
1549564109477,1009.822
1549564109503,1009.822
1549564109544,1009.822
1549564109587,1009.822
1549564109621,1009.7035
1549564109659,1009.7035
1549564109699,1009.7035
1549564109738,1009.7035
1549564109775,1009.6144
1549564109833,1009.6144
1549564109854,1009.6144
1549564109891,1009.6144
1549564109928,1009.6144
1549564109968,1009.6542
1549564110006,1009.6542
1549564110050,1009.6542
1549564110081,1009.6542
1549564110120,1009.6695
1549564110159,1009.6695
1549564110198,1009.6695
1549564110265,1009.6695
1549564110284,1009.63715
1549564110317,1009.63715
1549564110352,1009.63715
1549564110392,1009.63715
1549564110430,1009.67566
1549564110466,1009.67566
1549564110510,1009.67566
1549564110544,1009.67566
1549564110582,1009.67566
1549564110619,1009.7665
1549564110657,1009.7665
1549564110697,1009.7665
1549564110736,1009.7665
1549564110778,1009.6984
1549564110826,1009.6984
1549564110851,1009.6984
1549564110893,1009.6984
1549564110929,1009.5966
1549564110966,1009.5966
1549564111006,1009.5966
1549564111044,1009.5966
1549564111084,1009.6051
1549564111122,1009.6051
1549564111167,1009.6051
1549564111196,1009.6051
1549564111236,1009.6051
1549564111274,1009.6425
1549564111312,1009.6425
1549564111350,1009.6425
1549564111389,1009.6425
1549564111432,1009.66187
1549564111465,1009.66187
1549564111503,1009.66187
1549564111542,1009.66187
1549564111581,1009.63324
1549564111619,1009.63324
1549564111657,1009.63324
1549564111696,1009.63324
1549564111739,1009.63324
1549564111774,1009.6287
1549564111812,1009.6287
1549564111854,1009.6287
1549564111887,1009.6287
1549564111927,1009.65594
1549564111966,1009.65594
1549564112005,1009.65594
1549564112042,1009.65594
1549564112089,1009.7025
1549564112120,1009.7025
1549564112171,1009.7025
1549564112194,1009.7025
1549564112237,1009.60236
1549564112274,1009.60236
1549564112318,1009.60236
1549564112349,1009.60236
1549564112391,1009.60236
1549564112429,1009.569
1549564112467,1009.569
1549564112504,1009.569
1549564112542,1009.569
1549564112582,1009.57263
1549564112621,1009.57263
1549564112659,1009.57263
1549564112732,1009.57263
1549564112745,1009.6056
1549564112774,1009.6056
1549564112817,1009.6056
1549564112851,1009.6056
1549564112889,1009.6093
1549564112942,1009.6093
1549564112968,1009.6093
1549564113005,1009.6093
1549564113044,1009.6093
1549564113084,1009.5673
1549564113121,1009.5673
1549564113159,1009.5673
1549564113198,1009.5673
1549564113238,1009.57135
1549564113273,1009.57135
1549564113312,1009.57135
1549564113352,1009.57135
1549564113396,1009.64484
1549564113429,1009.64484
1549564113466,1009.64484
1549564113504,1009.64484
1549564113546,1009.63214
1549564113581,1009.63214
1549564113618,1009.63214
1549564113659,1009.63214
1549564113698,1009.63214
1549564113736,1009.54254
1549564113774,1009.54254
1549564113817,1009.54254
1549564113852,1009.54254
1549564113889,1009.4941
1549564113934,1009.4941
1549564113967,1009.4941
1549564114009,1009.4941
1549564114042,1009.52386
1549564114084,1009.52386
1549564114122,1009.52386
1549564114176,1009.52386
1549564114198,1009.52386
1549564114236,1009.54694
1549564114274,1009.54694
1549564114311,1009.54694
1549564114351,1009.54694
1549564114388,1009.54474
1549564114428,1009.54474
1549564114469,1009.54474
1549564114504,1009.54474
1549564114544,1009.58075
1549564114581,1009.58075
1549564114621,1009.58075
1549564114659,1009.58075
1549564114697,1009.6665
1549564114734,1009.6665
1549564114773,1009.6665
1549564114812,1009.6665
1549564114850,1009.6665
1549564114889,1009.62823
1549564114927,1009.62823
1549564114966,1009.62823
1549564115006,1009.62823
1549564115043,1009.5049
1549564115084,1009.5049
1549564115121,1009.5049
1549564115158,1009.5049
1549564115198,1009.47656
1549564115235,1009.47656
1549564115298,1009.47656
1549564115317,1009.47656
1549564115389,1009.5126
1549564115389,1009.5126
1549564115425,1009.5126
1549564115464,1009.5126
1549564115502,1009.5126
1549564115543,1009.5234
1549564115583,1009.5234
1549564115618,1009.5234
1549564115674,1009.5234
1549564115705,1009.5152
1549564115735,1009.5152
1549564115772,1009.5152
1549564115811,1009.5152
1549564115852,1009.49536
1549564115890,1009.49536
1549564115930,1009.49536
1549564115965,1009.49536
1549564116005,1009.549
1549564116043,1009.549
1549564116080,1009.549
1549564116120,1009.549
1549564116158,1009.549
1549564116197,1009.6041
1549564116235,1009.6041
1549564116273,1009.6041
1549564116315,1009.6041
1549564116349,1009.4546
1549564116389,1009.4546
1549564116426,1009.4546
1549564116465,1009.4546
1549564116504,1009.4027
1549564116544,1009.4027
1549564116582,1009.4027
1549564116620,1009.4027
1549564116658,1009.4027
1549564116700,1009.4363
1549564116737,1009.4363
1549564116775,1009.4363
1549564116811,1009.4363
1549564116849,1009.4508
1549564116888,1009.4508
1549564116927,1009.4508
1549564116966,1009.4508
1549564117004,1009.43835
1549564117043,1009.43835
1549564117082,1009.43835
1549564117117,1009.43835
1549564117161,1009.4705
1549564117197,1009.4705
1549564117237,1009.4705
1549564117281,1009.4705
1549564117312,1009.4705
1549564117348,1009.5793
1549564117388,1009.5793
1549564117427,1009.5793
1549564117466,1009.5793
1549564117505,1009.45306
1549564117542,1009.45306
1549564117581,1009.45306
1549564117620,1009.45306
1549564117657,1009.37146
1549564117696,1009.37146
1549564117735,1009.37146
1549564117775,1009.37146
1549564117813,1009.3985
1549564117852,1009.3985
1549564117890,1009.3985
1549564117929,1009.3985
1549564117967,1009.3985
1549564118004,1009.44055
1549564118043,1009.44055
1549564118081,1009.44055
1549564118119,1009.44055
1549564118167,1009.4154
1549564118195,1009.4154
1549564118235,1009.4154
1549564118273,1009.4154
1549564118311,1009.4598
1549564118349,1009.4598
1549564118387,1009.4598
1549564118425,1009.4598
1549564118465,1009.4598
1549564118504,1009.52795
1549564118545,1009.52795
1549564118579,1009.52795
1549564118620,1009.52795
1549564118663,1009.4393
1549564118698,1009.4393
1549564118736,1009.4393
1549564118775,1009.4393
1549564118812,1009.36163
1549564118852,1009.36163
1549564118888,1009.36163
1549564118929,1009.36163
1549564118965,1009.38043
1549564119003,1009.38043
1549564119043,1009.38043
1549564119080,1009.38043
1549564119120,1009.38043
1549564119166,1009.41064
1549564119195,1009.41064
1549564119234,1009.41064
1549564119273,1009.41064
1549564119310,1009.398
1549564119349,1009.398
1549564119389,1009.398
1549564119440,1009.398
1549564119465,1009.40784
1549564119504,1009.40784
1549564119540,1009.40784
1549564119581,1009.40784
1549564119618,1009.49023
1549564119659,1009.49023
1549564119694,1009.49023
1549564119735,1009.49023
1549564119774,1009.49023
1549564119810,1009.4606
1549564119850,1009.4606
1549564119889,1009.4606
1549564119926,1009.4606
1549564119964,1009.3404
1549564120003,1009.3404
1549564120043,1009.3404
1549564120080,1009.3404
1549564120119,1009.34705
1549564120158,1009.34705
1549564120197,1009.34705
1549564120234,1009.34705
1549564120272,1009.3793
1549564120312,1009.3793
1549564120350,1009.3793
1549564120387,1009.3793
1549564120426,1009.3793
1549564120466,1009.37885
1549564120503,1009.37885
1549564120542,1009.37885
1549564120580,1009.37885
1549564120621,1009.39575
1549564120659,1009.39575
1549564120696,1009.39575
1549564120735,1009.39575
1549564120771,1009.4465
1549564120811,1009.4465
1549564120849,1009.4465
1549564120886,1009.4465
1549564120948,1009.4465
1549564120965,1009.4818
1549564121002,1009.4818
1549564121044,1009.4818
1549564121079,1009.4818
1549564121118,1009.35846
1549564121159,1009.35846
1549564121196,1009.35846
1549564121235,1009.35846
1549564121282,1009.26434
1549564121310,1009.26434
1549564121348,1009.26434
1549564121388,1009.26434
1549564121426,1009.2602
1549564121464,1009.2602
1549564121505,1009.2602
1549564121541,1009.2602
1549564121582,1009.2602
1549564121617,1009.30066
1549564121660,1009.30066
1549564121694,1009.30066
1549564121732,1009.30066
1549564121770,1009.3084
1549564121809,1009.3084
1549564121846,1009.3084
1549564121893,1009.3084
1549564121928,1009.30914
1549564121963,1009.30914
1549564122002,1009.30914
1549564122041,1009.30914
1549564122078,1009.3022
1549564122118,1009.3022
1549564122156,1009.3022
1549564122194,1009.3022
1549564122232,1009.3022
1549564122276,1009.3852
1549564122317,1009.3852
1549564122346,1009.3852
1549564122388,1009.3852
1549564122430,1009.41003
1549564122467,1009.41003
1549564122502,1009.41003
1549564122541,1009.41003
1549564122580,1009.2548
1549564122618,1009.2548
1549564122657,1009.2548
1549564122694,1009.2548
1549564122731,1009.2548
1549564122770,1009.23737
1549564122808,1009.23737
1549564122852,1009.23737
1549564122885,1009.23737
1549564122925,1009.26733
1549564122964,1009.26733
1549564123002,1009.26733
1549564123045,1009.26733
1549564123088,1009.2723
1549564123116,1009.2723
1549564123157,1009.2723
1549564123195,1009.2723
1549564123236,1009.23035
1549564123272,1009.23035
1549564123310,1009.23035
1549564123348,1009.23035
1549564123386,1009.23035
1549564123425,1009.42444
1549564123472,1009.42444
1549564123501,1009.42444
1549564123540,1009.42444
1549564123579,1009.4904
1549564123622,1009.4904
1549564123659,1009.4904
1549564123698,1009.4904
1549564123733,1009.4511
1549564123773,1009.4511
1549564123810,1009.4511
1549564123848,1009.4511
1549564123890,1009.16815
1549564123927,1009.16815
1549564123988,1009.16815
1549564124002,1009.16815
1549564124043,1009.16815
1549564124078,1009.13586
1549564124117,1009.13586
1549564124157,1009.13586
1549564124219,1009.13586
1549564124231,1009.1133
1549564124291,1009.1133
1549564124324,1009.1133
1549564124348,1009.1133
1549564124387,1009.1006
1549564124424,1009.1006
1549564124464,1009.1006
1549564124504,1009.1006
1549564124543,1009.1223
1549564124581,1009.1223
1549564124621,1009.1223
1549564124657,1009.1223
1549564124695,1009.1223
1549564124733,1009.146
1549564124771,1009.146
1549564124810,1009.146
1549564124849,1009.146
1549564124886,1009.15094
1549564124927,1009.15094
1549564124965,1009.15094
1549564125003,1009.15094
1549564125044,1009.1911
1549564125079,1009.1911
1549564125135,1009.1911
1549564125158,1009.1911
1549564125198,1009.1911
1549564125245,1009.1514
1549564125271,1009.1514
1549564125308,1009.1514
1549564125355,1009.1514
1549564125392,1009.1336
1549564125422,1009.1336
1549564125462,1009.1336
1549564125503,1009.1336
1549564125541,1009.1349
1549564125579,1009.1349
1549564125617,1009.1349
1549564125655,1009.1349
1549564125693,1009.14667
1549564125730,1009.14667
1549564125770,1009.14667
1549564125807,1009.14667
1549564125845,1009.14667
1549564125887,1009.1561
1549564125923,1009.1561
1549564125960,1009.1561
1549564126000,1009.1561
1549564126038,1009.16077
1549564126076,1009.16077
1549564126115,1009.16077
1549564126155,1009.16077
1549564126192,1009.2083
1549564126229,1009.2083
1549564126273,1009.2083
1549564126306,1009.2083
1549564126379,1009.2048
1549564126411,1009.2048
1549564126457,1009.2048
1549564126512,1009.2048
1549564126512,1009.2048
1549564126540,1009.20197
1549564126578,1009.20197
1549564126621,1009.20197
1549564126657,1009.20197
1549564126692,1009.1978
1549564126730,1009.1978
1549564126768,1009.1978
1549564126812,1009.1978
1549564126845,1009.1826
1549564126884,1009.1826
1549564126923,1009.1826
1549564126963,1009.1826
1549564127000,1009.1896
1549564127038,1009.1896
1549564127078,1009.1896
1549564127116,1009.1896
1549564127155,1009.1896
1549564127195,1009.1888
1549564127230,1009.1888
1549564127268,1009.1888
1549564127307,1009.1888
1549564127346,1009.18463
1549564127384,1009.18463
1549564127421,1009.18463
