1549563880444,1010.21277
1549563880444,1010.21277
1549563880482,1010.21277
1549563880522,1010.21277
1549563880561,1010.22064
1549563880597,1010.22064
1549563880640,1010.22064
1549563880675,1010.22064
1549563880712,1010.2236
1549563880751,1010.2236
1549563880791,1010.2236
1549563880829,1010.2236
1549563880867,1010.2236
1549563880916,1010.2298
1549563880944,1010.2298
1549563880982,1010.2298
1549563881022,1010.2298
1549563881060,1010.2289
1549563881099,1010.2289
1549563881137,1010.2289
1549563881176,1010.2289
1549563881213,1010.20715
1549563881255,1010.20715
1549563881294,1010.20715
1549563881330,1010.20715
1549563881369,1010.17303
1549563881407,1010.20013
1549563881446,1010.20013
1549563881485,1010.20013
1549563881523,1010.20013
1549563881561,1010.2193
1549563881598,1010.2193
1549563881637,1010.2193
1549563881678,1010.2193
1549563881739,1010.2244
1549563881756,1010.2244
1549563881789,1010.2244
1549563881829,1010.2244
1549563881868,1010.2168
1549563881912,1010.2168
1549563881945,1010.2168
1549563881982,1010.2168
1549563882021,1010.2168
1549563882062,1010.2106
1549563882113,1010.2106
1549563882138,1010.2106
1549563882175,1010.2106
1549563882217,1010.2279
1549563882252,1010.2279
1549563882290,1010.2279
1549563882329,1010.2279
1549563882367,1010.2432
1549563882424,1010.2432
1549563882467,1010.2432
1549563882503,1010.2432
1549563882532,1010.2262
1549563882560,1010.2262
1549563882599,1010.2262
1549563882635,1010.2262
1549563882675,1010.2262
1549563882715,1010.22076
1549563882751,1010.22076
1549563882793,1010.22076
1549563883028,1010.22076
1549563883029,1010.2219
1549563883030,1010.2219
1549563883030,1010.2219
1549563883030,1010.2219
1549563883031,1010.2458
1549563883063,1010.2458
1549563883097,1010.2458
1549563883182,1010.2458
1549563883182,1010.25714
1549563883518,1010.25714
1549563883519,1010.25714
1549563883519,1010.25714
1549563883520,1010.25714
1549563883520,1010.2535
1549563883521,1010.2535
1549563883521,1010.2535
1549563883522,1010.2535
1549563883573,1010.27814
1549563883574,1010.27814
1549563883642,1010.27814
1549563883642,1010.27814
1549563883673,1010.24146
1549563883712,1010.24146
1549563883830,1010.21954
1549563883830,1010.21954
1549563883868,1010.21954
1549563884237,1010.21954
1549563884237,1010.2363
1549563884237,1010.2363
1549563884237,1010.2363
1549563884237,1010.2363
1549563884238,1010.18054
1549563884238,1010.18054
1549563884238,1010.18054
1549563884238,1010.18054
1549563884250,1010.18054
1549563884291,1010.1839
1549563884329,1010.1839
1549563884369,1010.1839
1549563884414,1010.1839
1549563884448,1010.2009
1549563884485,1010.2009
1549563884546,1010.2009
1549563884571,1010.2009
1549563884600,1010.17786
1549563884639,1010.17786
1549563884679,1010.17786
1549563884715,1010.17786
1549563884757,1010.17786
1549563884792,1010.2361
1549563884829,1010.2361
1549563884871,1010.2361
1549563884906,1010.2361
1549563884979,1010.3
1549563884982,1010.3
1549563885020,1010.3
1549563885077,1010.3
1549563885102,1010.2968
1549563885145,1010.2968
1549563885179,1010.2968
1549563885212,1010.2968
1549563885252,1010.21405
1549563885290,1010.21405
1549563885331,1010.21405
1549563885366,1010.21405
1549563885410,1010.21405
1549563885450,1010.232
1549563885488,1010.232
1549563885520,1010.232
1549563885558,1010.232
1549563885602,1010.25946
1549563885644,1010.25946
1549563885676,1010.25946
1549563885716,1010.25946
1549563885756,1010.2296
1549563885797,1010.2296
1549563885827,1010.2296
1549563885867,1010.2296
1549563885907,1010.26733
1549563885946,1010.26733
1549563885991,1010.26733
1549563886019,1010.26733
1549563886065,1010.26733
1549563886100,1010.3023
1549563886177,1010.3023
1549563886186,1010.3023
1549563886215,1010.3023
1549563886254,1010.3093
1549563886294,1010.3093
1549563886329,1010.3093
1549563886368,1010.3093
1549563886406,1010.2249
1549563886502,1010.2249
1549563886503,1010.2249
1549563886520,1010.2249
1549563886578,1010.2302
1549563886599,1010.2302
1549563886655,1010.2302
1549563886673,1010.2302
1549563886712,1010.2302
1549563886751,1010.25665
1549563886792,1010.25665
1549563886830,1010.25665
1549563886869,1010.25665
1549563886905,1010.2551
1549563886946,1010.2551
1549563886984,1010.2551
1549563887023,1010.2551
1549563887061,1010.24713
1549563887102,1010.24713
1549563887137,1010.24713
1549563887175,1010.24713
1549563887218,1010.24713
1549563887251,1010.2681
1549563887291,1010.2681
1549563887330,1010.2681
1549563887369,1010.2681
1549563887408,1010.3164
1549563887446,1010.3164
1549563887484,1010.3164
1549563887522,1010.3164
1549563887563,1010.23334
1549563887599,1010.23334
1549563887638,1010.23334
1549563887675,1010.23334
1549563887713,1010.1924
1549563887755,1010.1924
1549563887793,1010.1924
1549563887832,1010.1924
1549563887867,1010.1924
1549563887906,1010.2222
1549563887948,1010.2222
1549563887982,1010.2222
1549563888023,1010.2222
1549563888059,1010.2497
1549563888101,1010.2497
1549563888141,1010.2497
1549563888176,1010.2497
1549563888214,1010.23175
1549563888252,1010.23175
1549563888292,1010.23175
1549563888329,1010.23175
1549563888366,1010.2695
1549563888408,1010.2695
1549563888451,1010.2695
1549563888483,1010.2695
1549563888522,1010.2695
1549563888563,1010.3112
1549563888601,1010.3112
1549563888636,1010.3112
1549563888677,1010.3112
1549563888715,1010.35297
1549563888751,1010.35297
1549563888789,1010.35297
1549563888828,1010.35297
1549563888866,1010.2526
1549563888906,1010.2526
1549563888950,1010.2526
1549563888980,1010.2526
1549563889019,1010.2548
1549563889059,1010.2548
1549563889097,1010.2548
1549563889134,1010.2548
1549563889174,1010.2548
1549563889215,1010.28235
1549563889253,1010.28235
1549563889291,1010.28235
1549563889332,1010.28235
1549563889368,1010.2809
1549563889407,1010.2809
1549563889444,1010.2809
1549563889481,1010.2809
1549563889521,1010.26294
1549563889565,1010.26294
1549563889601,1010.26294
1549563889636,1010.26294
1549563889674,1010.26294
1549563889715,1010.3047
1549563889751,1010.3047
1549563889794,1010.3047
1549563889829,1010.3047
1549563889867,1010.39355
1549563889907,1010.39355
1549563889944,1010.39355
1549563889983,1010.39355
1549563890020,1010.25397
1549563890062,1010.25397
1549563890098,1010.25397
1549563890139,1010.25397
1549563890175,1010.23236
1549563890220,1010.23236
1549563890252,1010.23236
1549563890289,1010.23236
1549563890330,1010.23236
1549563890368,1010.2701
1549563890407,1010.2701
1549563890447,1010.2701
1549563890483,1010.2701
1549563890527,1010.293
1549563890565,1010.293
1549563890608,1010.293
1549563890636,1010.293
1549563890675,1010.24725
1549563890713,1010.24725
1549563890750,1010.24725
1549563890791,1010.24725
1549563890829,1010.2747
1549563890867,1010.2747
1549563890906,1010.2747
1549563890945,1010.2747
1549563890983,1010.2747
1549563891020,1010.2954
1549563891061,1010.2954
1549563891097,1010.2954
1549563891136,1010.2954
1549563891176,1010.3317
1549563891214,1010.3317
1549563891251,1010.3317
1549563891293,1010.3317
1549563891329,1010.24164
1549563891367,1010.24164
1549563891404,1010.24164
1549563891447,1010.24164
1549563891481,1010.2538
1549563891523,1010.2538
1549563891559,1010.2538
1549563891600,1010.2538
1549563891635,1010.2538
1549563891676,1010.2972
1549563891714,1010.2972
1549563891750,1010.2972
1549563891789,1010.2972
1549563891828,1010.26056
1549563891871,1010.26056
1549563891905,1010.26056
1549563891946,1010.26056
1549563891983,1010.29486
1549563892018,1010.29486
1549563892062,1010.29486
1549563892099,1010.29486
1549563892136,1010.29486
1549563892178,1010.336
1549563892216,1010.336
1549563892253,1010.336
1549563892289,1010.336
1549563892429,1010.39105
1549563892429,1010.39105
1549563892429,1010.39105
1549563892445,1010.39105
1549563892479,1010.2719
1549563892518,1010.2719
1549563892561,1010.2719
1549563892596,1010.2719
1549563892638,1010.2534
1549563892676,1010.2534
1549563892712,1010.2534
1549563892751,1010.2534
1549563892794,1010.2534
1549563892826,1010.29175
1549563892866,1010.29175
1549563892905,1010.29175
1549563892946,1010.29175
1549563892981,1010.2721
1549563893021,1010.2721
1549563893061,1010.2721
1549563893096,1010.2721
1549563893135,1010.28656
1549563893176,1010.28656
1549563893213,1010.28656
1549563893250,1010.28656
1549563893293,1010.3226
1549563893329,1010.3226
1549563893368,1010.3226
1549563893406,1010.3226
1549563893448,1010.3226
1549563893484,1010.3762
1549563893521,1010.3762
1549563893560,1010.3762
1549563893597,1010.3762
1549563893635,1010.252
1549563893679,1010.252
1549563893719,1010.252
1549563893749,1010.252
1549563893789,1010.24457
1549563893830,1010.24457
1549563893868,1010.24457
1549563893905,1010.24457
1549563893945,1010.29205
1549563893985,1010.29205
1549563894019,1010.29205
1549563894059,1010.29205
1549563894098,1010.29205
1549563894135,1010.2999
1549563894176,1010.2999
1549563894216,1010.2999
1549563894253,1010.2999
1549563894291,1010.27997
1549563894331,1010.27997
1549563894368,1010.27997
1549563894405,1010.27997
1549563894443,1010.29706
1549563894481,1010.29706
1549563894519,1010.29706
1549563894562,1010.29706
1549563894597,1010.29706
1549563894637,1010.38226
1549563894675,1010.38226
1549563894713,1010.38226
1549563894752,1010.38226
1549563894792,1010.2698
1549563894828,1010.2698
1549563894865,1010.2698
1549563894905,1010.2698
1549563894944,1010.205
1549563894981,1010.205
1549563895022,1010.205
1549563895059,1010.205
1549563895098,1010.2383
1549563895136,1010.2383
1549563895176,1010.2383
1549563895215,1010.2383
1549563895255,1010.2383
1549563895287,1010.2485
1549563895326,1010.2485
1549563895368,1010.2485
1549563895406,1010.2485
1549563895443,1010.2068
1549563895483,1010.2068
1549563895518,1010.2068
1549563895573,1010.2068
1549563895595,1010.23663
1549563895633,1010.23663
1549563895676,1010.23663
1549563895715,1010.23663
1549563895751,1010.2747
1549563895790,1010.2747
1549563895828,1010.2747
1549563895866,1010.2747
1549563895905,1010.2747
1549563895944,1010.3149
1549563895980,1010.3149
1549563896027,1010.3149
1549563896058,1010.3149
1549563896095,1010.239
1549563896134,1010.239
1549563896174,1010.239
1549563896215,1010.239
1549563896253,1010.25586
1549563896290,1010.25586
1549563896330,1010.25586
1549563896367,1010.25586
1549563896405,1010.25586
1549563896445,1010.284
1549563896487,1010.284
1549563896521,1010.284
1549563896564,1010.284
1549563896600,1010.2514
1549563896636,1010.2514
1549563896674,1010.2514
1549563896712,1010.2514
1549563896749,1010.2747
1549563896790,1010.2747
1549563896827,1010.2747
1549563896866,1010.2747
1549563896903,1010.31885
1549563896941,1010.31885
1549563896981,1010.31885
1549563897021,1010.31885
1549563897062,1010.31885
1549563897102,1010.3803
1549563897140,1010.3803
1549563897174,1010.3803
1549563897212,1010.3803
1549563897249,1010.2741
1549563897287,1010.2741
1549563897328,1010.2741
1549563897367,1010.2741
1549563897404,1010.26733
1549563897443,1010.26733
1549563897483,1010.26733
1549563897519,1010.26733
1549563897557,1010.30975
1549563897595,1010.30975
1549563897635,1010.30975
1549563897675,1010.30975
1549563897713,1010.30975
1549563897753,1010.3217
1549563897791,1010.3217
1549563897828,1010.3217
1549563897869,1010.3217
1549563897903,1010.29114
1549563897946,1010.29114
1549563897981,1010.29114
1549563898018,1010.29114
1549563898059,1010.3051
1549563898098,1010.3051
1549563898135,1010.3051
1549563898177,1010.3051
1549563898213,1010.3461
1549563898250,1010.3461
1549563898288,1010.3461
1549563898327,1010.3461
1549563898366,1010.3461
1549563898404,1010.32574
1549563898445,1010.32574
1549563898481,1010.32574
1549563898518,1010.32574
1549563898560,1010.2531
1549563898600,1010.2531
1549563898634,1010.2531
1549563898674,1010.2531
1549563898712,1010.2546
1549563898750,1010.2546
1549563898788,1010.2546
1549563898828,1010.2546
1549563898866,1010.2546
1549563898906,1010.2757
1549563898942,1010.2757
1549563898980,1010.2757
1549563899020,1010.2757
1549563899057,1010.2519
1549563899118,1010.2519
1549563899137,1010.2519
1549563899170,1010.2519
1549563899213,1010.28265
1549563899281,1010.28265
1549563899296,1010.28265
1549563899326,1010.28265
1549563899364,1010.3038
1549563899404,1010.3038
1549563899440,1010.3038
1549563899480,1010.3038
1549563899535,1010.3038
1549563899560,1010.34503
1549563899598,1010.34503
1549563899636,1010.34503
1549563899671,1010.34503
1549563899712,1010.2292
1549563899749,1010.2292
1549563899787,1010.2292
1549563899825,1010.2292
1549563899864,1010.223
1549563899917,1010.223
1549563899941,1010.223
1549563899982,1010.223
1549563900025,1010.25946
1549563900056,1010.25946
1549563900113,1010.25946
1549563900132,1010.25946
1549563900170,1010.25946
1549563900209,1010.2766
1549563900250,1010.2766
1549563900290,1010.2766
1549563900348,1010.2766
1549563900362,1010.22723
1549563900401,1010.22723
1549563900441,1010.22723
1549563900482,1010.22723
1549563900520,1010.26025
1549563900557,1010.26025
1549563900596,1010.26025
1549563900638,1010.26025
1549563900672,1010.2828
1549563900710,1010.2828
1549563900749,1010.2828
1549563900791,1010.2828
1549563900838,1010.2828
1549563900865,1010.31555
1549563900914,1010.31555
1549563900940,1010.31555
1549563900980,1010.31555
1549563901019,1010.2443
1549563901058,1010.2443
1549563901095,1010.2443
1549563901143,1010.2443
1549563901176,1010.25006
1549563901209,1010.25006
1549563901251,1010.25006
1549563901293,1010.25006
1549563901326,1010.25006
1549563901364,1010.26544
1549563901403,1010.26544
1549563901444,1010.26544
1549563901482,1010.26544
1549563901518,1010.27155
1549563901559,1010.27155
1549563901594,1010.27155
1549563901634,1010.27155
1549563901673,1010.2637
1549563901711,1010.2637
1549563901750,1010.2637
1549563901789,1010.2637
1549563901826,1010.2865
1549563901865,1010.2865
1549563901903,1010.2865
1549563901943,1010.2865
1549563901981,1010.2865
1549563902018,1010.3195
1549563902057,1010.3195
1549563902107,1010.3195
1549563902133,1010.3195
1549563902175,1010.31396
1549563902212,1010.31396
1549563902250,1010.31396
1549563902293,1010.31396
1549563902328,1010.2618
1549563902366,1010.2618
1549563902403,1010.2618
1549563902441,1010.2618
1549563902483,1010.2621
1549563902521,1010.2621
1549563902558,1010.2621
1549563902596,1010.2621
1549563902633,1010.2621
1549563902672,1010.2692
1549563902709,1010.2692
1549563902750,1010.2692
1549563902793,1010.2692
1549563902826,1010.2932
1549563902866,1010.2932
1549563902904,1010.2932
1549563902941,1010.2932
1549563902981,1010.2847
1549563903020,1010.2847
1549563903058,1010.2847
1549563903095,1010.2847
1549563903134,1010.3212
1549563903174,1010.3212
1549563903210,1010.3212
1549563903249,1010.3212
1549563903290,1010.3212
1549563903330,1010.3696
1549563903365,1010.3696
1549563903404,1010.3696
1549563903441,1010.3696
1549563903479,1010.4143
1549563903517,1010.4143
1549563903556,1010.4143
1549563903594,1010.4143
1549563903644,1010.29865
1549563903675,1010.29865
1549563903709,1010.29865
1549563903748,1010.29865
1549563903787,1010.29865
1549563903830,1010.2803
1549563903863,1010.2803
1549563903903,1010.2803
1549563903943,1010.2803
1549563903981,1010.3042
1549563904019,1010.3042
1549563904054,1010.3042
1549563904095,1010.3042
1549563904133,1010.3185
1549563904173,1010.3185
1549563904211,1010.3185
1549563904247,1010.3185
1549563904291,1010.2824
1549563904325,1010.2824
1549563904363,1010.2824
1549563904424,1010.2824
1549563904446,1010.2824
1549563904482,1010.3121
1549563904516,1010.3121
1549563904559,1010.3121
1549563904596,1010.3121
1549563904636,1010.34827
1549563904672,1010.34827
1549563904712,1010.34827
1549563904749,1010.34827
1549563904787,1010.40436
1549563904826,1010.40436
1549563904864,1010.40436
1549563904902,1010.40436
1549563904941,1010.2861
1549563904979,1010.2861
1549563905017,1010.2861
1549563905055,1010.2861
1549563905098,1010.2861
1549563905139,1010.2824
1549563905172,1010.2824
1549563905212,1010.2824
1549563905248,1010.2824
1549563905292,1010.3248
1549563905326,1010.3248
1549563905362,1010.3248
1549563905402,1010.3248
1549563905442,1010.30927
1549563905480,1010.30927
1549563905518,1010.30927
1549563905557,1010.30927
1549563905599,1010.31464
1549563905633,1010.31464
1549563905670,1010.31464
1549563905710,1010.31464
1549563905747,1010.31464
1549563905788,1010.3485
1549563905825,1010.3485
1549563905864,1010.3485
1549563905902,1010.3485
1549563905940,1010.4106
1549563905978,1010.4106
1549563906017,1010.4106
1549563906055,1010.4106
1549563906106,1010.292
1549563906132,1010.292
1549563906170,1010.292
1549563906211,1010.292
1549563906248,1010.292
1549563906287,1010.2786
1549563906328,1010.2786
1549563906363,1010.2786
1549563906413,1010.2786
1549563906439,1010.3187
1549563906479,1010.3187
1549563906516,1010.3187
1549563906557,1010.3187
1549563906595,1010.32275
1549563906633,1010.32275
1549563906671,1010.32275
1549563906721,1010.32275
1549563906747,1010.3176
1549563906786,1010.3176
1549563906826,1010.3176
1549563906863,1010.3176
1549563906905,1010.3176
1549563906953,1010.35065
1549563906988,1010.35065
1549563907017,1010.35065
1549563907060,1010.35065
1549563907096,1010.41205
1549563907133,1010.41205
1549563907174,1010.41205
1549563907212,1010.41205
1549563907257,1010.2602
1549563907290,1010.2602
1549563907324,1010.2602
1549563907364,1010.2602
1549563907405,1010.2374
1549563907441,1010.2374
1549563907480,1010.2374
1549563907518,1010.2374
1549563907557,1010.2374
1549563907593,1010.2852
1549563907634,1010.2852
1549563907674,1010.2852
1549563907712,1010.2852
1549563907748,1010.3
1549563907786,1010.3
1549563907825,1010.3
1549563907862,1010.3
1549563907902,1010.27924
1549563907940,1010.27924
1549563907979,1010.27924
1549563908019,1010.27924
1549563908055,1010.31445
1549563908096,1010.31445
1549563908131,1010.31445
1549563908170,1010.31445
1549563908209,1010.31445
1549563908248,1010.408
1549563908288,1010.408
1549563908326,1010.408
1549563908365,1010.408
1549563908412,1010.27234
1549563908440,1010.27234
1549563908479,1010.27234
1549563908515,1010.27234
1549563908554,1010.24615
1549563908595,1010.24615
1549563908637,1010.24615
1549563908670,1010.24615
1549563908734,1010.24615
1549563908753,1010.2899
1549563908785,1010.2899
1549563908825,1010.2899
1549563908862,1010.2899
1549563908902,1010.3095
1549563908939,1010.3095
1549563908981,1010.3095
1549563909017,1010.3095
1549563909057,1010.27795
1549563909094,1010.27795
1549563909132,1010.27795
1549563909172,1010.27795
1549563909210,1010.3248
1549563909247,1010.3248
1549563909286,1010.3248
1549563909327,1010.3248
1549563909362,1010.3248
1549563909405,1010.3882
1549563909439,1010.3882
1549563909477,1010.3882
1549563909517,1010.3882
1549563909558,1010.3191
1549563909636,1010.3191
1549563909637,1010.3191
1549563909669,1010.3191
1549563909707,1010.24994
1549563909745,1010.24994
1549563909783,1010.24994
1549563909823,1010.24994
1549563909861,1010.2815
1549563909899,1010.2815
1549563909937,1010.2815
1549563909976,1010.2815
1549563910017,1010.2815
1549563910057,1010.31305
1549563910096,1010.31305
1549563910131,1010.31305
1549563910172,1010.31305
1549563910209,1010.2743
1549563910247,1010.2743
1549563910284,1010.2743
1549563910333,1010.2743
1549563910362,1010.30554
1549563910401,1010.30554
1549563910444,1010.30554
1549563910480,1010.30554
1549563910519,1010.3689
1549563910556,1010.3689
1549563910593,1010.3689
1549563910632,1010.3689
1549563910669,1010.3689
1549563910710,1010.32196
1549563910746,1010.32196
1549563910845,1010.32196
1549563910846,1010.32196
1549563910860,1010.244
1549563910898,1010.244
1549563910937,1010.244
1549563910977,1010.244
1549563911015,1010.2784
1549563911054,1010.2784
1549563911091,1010.2784
1549563911133,1010.2784
1549563911171,1010.2784
1549563911208,1010.3025
1549563911244,1010.3025
1549563911287,1010.3025
1549563911324,1010.3025
1549563911367,1010.25214
1549563911401,1010.25214
1549563911439,1010.25214
1549563911489,1010.25214
1549563911515,1010.2709
1549563911555,1010.2709
1549563911594,1010.2709
1549563911631,1010.2709
1549563911669,1010.314
1549563911708,1010.314
1549563911748,1010.314
1549563911787,1010.314
1549563911824,1010.314
1549563911863,1010.3555
1549563911901,1010.3555
1549563911938,1010.3555
1549563911979,1010.3555
1549563912023,1010.2403
1549563912057,1010.2403
1549563912095,1010.2403
1549563912131,1010.2403
1549563912169,1010.2477
1549563912208,1010.2477
1549563912246,1010.2477
1549563912289,1010.2477
1549563912325,1010.2874
1549563912365,1010.2874
1549563912405,1010.2874
1549563912438,1010.2874
1549563912478,1010.2874
1549563912519,1010.2698
1549563912558,1010.2698
1549563912595,1010.2698
1549563912629,1010.2698
1549563912671,1010.29877
1549563912708,1010.29877
1549563912748,1010.29877
1549563912785,1010.29877
1549563912826,1010.31604
1549563912864,1010.31604
1549563912902,1010.31604
1549563912942,1010.31604
1549563912975,1010.3794
1549563913017,1010.3794
1549563913055,1010.3794
1549563913093,1010.3794
1549563913131,1010.3794
1549563913169,1010.2503
1549563913208,1010.2503
1549563913245,1010.2503
1549563913287,1010.2503
1549563913326,1010.23346
1549563913363,1010.23346
1549563913399,1010.23346
1549563913438,1010.23346
1549563913478,1010.2752
1549563913521,1010.2752
1549563913554,1010.2752
1549563913595,1010.2752
1549563913630,1010.2752
1549563913671,1010.27545
1549563913707,1010.27545
1549563913748,1010.27545
1549563913787,1010.27545
1549563913825,1010.2558
1549563913865,1010.2558
1549563913899,1010.2558
1549563913941,1010.2558
1549563913981,1010.29755
1549563914027,1010.29755
1549563914056,1010.29755
1549563914093,1010.29755
1549563914134,1010.36774
1549563914170,1010.36774
1549563914209,1010.36774
1549563914246,1010.36774
1549563914286,1010.36774
1549563914322,1010.23724
1549563914362,1010.23724
1549563914399,1010.23724
1549563914440,1010.23724
1549563914477,1010.21295
1549563914516,1010.21295
1549563914553,1010.21295
1549563914597,1010.21295
1549563914633,1010.2613
1549563914679,1010.2613
1549563914706,1010.2613
1549563914746,1010.2613
1549563914784,1010.28534
1549563914823,1010.28534
1549563914863,1010.28534
1549563914900,1010.28534
1549563914939,1010.28534
1549563914976,1010.2572
1549563915014,1010.2572
1549563915054,1010.2572
1549563915094,1010.2572
1549563915133,1010.28644
1549563915178,1010.28644
1549563915206,1010.28644
1549563915247,1010.28644
1549563915283,1010.36
1549563915325,1010.36
1549563915362,1010.36
1549563915402,1010.36
1549563915439,1010.31244
1549563915476,1010.31244
1549563915516,1010.31244
1549563915554,1010.31244
1549563915594,1010.31244
1549563915633,1010.2499
1549563915668,1010.2499
1549563915709,1010.2499
1549563915745,1010.2499
1549563915784,1010.2808
1549563915824,1010.2808
1549563915860,1010.2808
1549563915901,1010.2808
1549563915940,1010.3089
1549563915977,1010.3089
1549563916016,1010.3089
1549563916053,1010.3089
1549563916093,1010.3089
1549563916129,1010.26654
1549563916168,1010.26654
1549563916207,1010.26654
1549563916246,1010.26654
1549563916284,1010.33386
1549563916323,1010.33386
1549563916363,1010.33386
1549563916402,1010.33386
1549563916437,1010.3631
1549563916477,1010.3631
1549563916515,1010.3631
1549563916553,1010.3631
1549563916591,1010.3656
1549563916633,1010.3656
1549563916669,1010.3656
1549563916708,1010.3656
1549563916748,1010.3656
1549563916788,1010.2669
1549563916821,1010.2669
1549563916861,1010.2669
1549563916899,1010.2669
1549563916937,1010.2882
1549563916976,1010.2882
1549563917016,1010.2882
1549563917053,1010.2882
1549563917090,1010.31915
1549563917129,1010.31915
1549563917170,1010.31915
1549563917207,1010.31915
1549563917256,1010.27563
1549563917284,1010.27563
1549563917323,1010.27563
1549563917360,1010.27563
1549563917397,1010.27563
1549563917437,1010.32245
1549563917478,1010.32245
1549563917516,1010.32245
1549563917554,1010.32245
1549563917590,1010.35913
1549563917630,1010.35913
1549563917668,1010.35913
1549563917706,1010.35913
1549563917745,1010.3713
1549563917787,1010.3713
1549563917822,1010.3713
1549563917863,1010.3713
1549563917898,1010.2766
1549563917938,1010.2766
1549563917976,1010.2766
1549563918016,1010.2766
1549563918054,1010.2766
1549563918095,1010.2808
1549563918129,1010.2808
1549563918167,1010.2808
1549563918205,1010.2808
1549563918246,1010.30414
1549563918284,1010.30414
1549563918324,1010.30414
1549563918360,1010.30414
1549563918400,1010.291
1549563918438,1010.291
1549563918480,1010.291
1549563918519,1010.291
1549563918555,1010.291
1549563918591,1010.2813
1549563918630,1010.2813
1549563918667,1010.2813
1549563918706,1010.2813
1549563918745,1010.3142
1549563918785,1010.3142
1549563918822,1010.3142
1549563918860,1010.3142
1549563918900,1010.38434
1549563918937,1010.38434
1549563918975,1010.38434
1549563919015,1010.38434
1549563919052,1010.2965
1549563919102,1010.2965
1549563919134,1010.2965
1549563919166,1010.2965
1549563919207,1010.2965
1549563919243,1010.26154
1549563919282,1010.26154
1549563919320,1010.26154
1549563919363,1010.26154
1549563919399,1010.291
1549563919442,1010.291
1549563919476,1010.291
1549563919514,1010.291
1549563919555,1010.3106
1549563919591,1010.3106
1549563919629,1010.3106
1549563919669,1010.3106
1549563919711,1010.2986
1549563919744,1010.2986
1549563919783,1010.2986
1549563919821,1010.2986
1549563919860,1010.2986
1549563919920,1010.2775
1549563919953,1010.2775
1549563919977,1010.2775
1549563920019,1010.2775
1549563920051,1010.2951
1549563920090,1010.2951
1549563920132,1010.2951
1549563920169,1010.2951
1549563920211,1010.311
1549563920243,1010.311
1549563920285,1010.311
1549563920323,1010.311
1549563920362,1010.3328
1549563920399,1010.3328
1549563920448,1010.3328
1549563920474,1010.3328
1549563920517,1010.3328
1549563920551,1010.2529
1549563920591,1010.2529
1549563920630,1010.2529
1549563920669,1010.2529
1549563920705,1010.24524
1549563920744,1010.24524
1549563920784,1010.24524
1549563920821,1010.24524
1549563920861,1010.2733
1549563920899,1010.2733
1549563920936,1010.2733
1549563920975,1010.2733
1549563921015,1010.2733
1549563921053,1010.28094
1549563921110,1010.28094
1549563921129,1010.28094
1549563921167,1010.28094
1549563921208,1010.24255
1549563921245,1010.24255
1549563921287,1010.24255
1549563921320,1010.24255
1549563921361,1010.30164
1549563921406,1010.30164
1549563921436,1010.30164
1549563921488,1010.30164
1549563921515,1010.36896
1549563921553,1010.36896
1549563921590,1010.36896
1549563921631,1010.36896
1549563921667,1010.36896
1549563921707,1010.2726
1549563921744,1010.2726
1549563921782,1010.2726
1549563921836,1010.2726
1549563921858,1010.19977
1549563921900,1010.19977
1549563921936,1010.19977
1549563921975,1010.19977
1549563922015,1010.2245
1549563922053,1010.2245
1549563922090,1010.2245
1549563922128,1010.2245
1549563922185,1010.25146
1549563922206,1010.25146
1549563922244,1010.25146
1549563922281,1010.25146
1549563922322,1010.25146
1549563922360,1010.2438
1549563922406,1010.2438
1549563922435,1010.2438
1549563922479,1010.2438
1549563922512,1010.2613
1549563922551,1010.2613
1549563922590,1010.2613
1549563922632,1010.2613
1549563922680,1010.2951
1549563922704,1010.2951
1549563922745,1010.2951
1549563922783,1010.2951
1549563922822,1010.2951
1549563922862,1010.33
1549563922900,1010.33
1549563922936,1010.33
1549563922974,1010.33
1549563923013,1010.2197
1549563923053,1010.2197
1549563923089,1010.2197
1549563923141,1010.2197
1549563923166,1010.1967
1549563923207,1010.1967
1549563923243,1010.1967
1549563923289,1010.1967
1549563923325,1010.2299
1549563923360,1010.2299
1549563923400,1010.2299
1549563923444,1010.2299
1549563923474,1010.2299
1549563923515,1010.25287
1549563923554,1010.25287
1549563923589,1010.25287
1549563923626,1010.25287
1549563923668,1010.22644
1549563923708,1010.22644
1549563923743,1010.22644
1549563923782,1010.22644
1549563923823,1010.25964
1549563923863,1010.25964
1549563923897,1010.25964
1549563923941,1010.25964
1549563923976,1010.30505
1549563924013,1010.30505
1549563924052,1010.30505
1549563924091,1010.30505
1549563924129,1010.30505
1549563924167,1010.35364
1549563924206,1010.35364
1549563924242,1010.35364
1549563924281,1010.35364
1549563924354,1010.22766
1549563924365,1010.22766
1549563924395,1010.22766
1549563924436,1010.22766
1549563924476,1010.20294
1549563924513,1010.20294
1549563924564,1010.20294
1549563924590,1010.20294
1549563924629,1010.2413
1549563924681,1010.2413
1549563924703,1010.2413
1549563924765,1010.2413
1549563924782,1010.2413
1549563924821,1010.2523
1549563924859,1010.2523
1549563924898,1010.2523
1549563924935,1010.2523
1549563924974,1010.2105
1549563925012,1010.2105
1549563925052,1010.2105
1549563925092,1010.2105
1549563925128,1010.27637
1549563925168,1010.27637
1549563925204,1010.27637
1549563925265,1010.27637
1549563925283,1010.27637
1549563925319,1010.3116
1549563925358,1010.3116
1549563925396,1010.3116
1549563925440,1010.3116
1549563925475,1010.3311
1549563925511,1010.3311
1549563925549,1010.3311
1549563925591,1010.3311
1549563925627,1010.2167
1549563925667,1010.2167
1549563925705,1010.2167
1549563925743,1010.2167
1549563925785,1010.2209
1549563925821,1010.2209
1549563925859,1010.2209
1549563925897,1010.2209
1549563925935,1010.2209
1549563925981,1010.2663
1549563926015,1010.2663
1549563926051,1010.2663
1549563926089,1010.2663
1549563926128,1010.2572
1549563926169,1010.2572
1549563926207,1010.2572
1549563926244,1010.2572
1549563926281,1010.26886
1549563926319,1010.26886
1549563926360,1010.26886
1549563926397,1010.26886
1549563926455,1010.316
1549563926476,1010.316
1549563926511,1010.316
1549563926554,1010.316
1549563926587,1010.316
1549563926631,1010.39264
1549563926666,1010.39264
1549563926704,1010.39264
1549563926743,1010.39264
1549563926784,1010.2622
1549563926820,1010.2622
1549563926858,1010.2622
1549563926897,1010.2622
1549563926934,1010.2361
1549563926974,1010.2361
1549563927014,1010.2361
1549563927049,1010.2361
1549563927088,1010.2818
1549563927129,1010.2818
1549563927187,1010.2818
1549563927205,1010.2818
1549563927243,1010.2818
1549563927281,1010.2999
1549563927322,1010.2999
1549563927360,1010.2999
1549563927397,1010.2999
1549563927437,1010.26556
1549563927473,1010.26556
1549563927512,1010.26556
1549563927549,1010.26556
1549563927588,1010.27826
1549563927628,1010.27826
1549563927666,1010.27826
1549563927705,1010.27826
1549563927747,1010.27826
1549563927781,1010.3445
1549563927819,1010.3445
1549563927858,1010.3445
1549563927897,1010.3445
1549563927937,1010.3047
1549563927979,1010.3047
1549563928013,1010.3047
1549563928053,1010.3047
1549563928090,1010.22906
1549563928128,1010.22906
1549563928166,1010.22906
1549563928203,1010.22906
1549563928243,1010.2475
1549563928284,1010.2475
1549563928321,1010.2475
1549563928358,1010.2475
1549563928397,1010.2475
1549563928435,1010.2691
1549563928474,1010.2691
1549563928513,1010.2691
1549563928550,1010.2691
1549563928590,1010.2384
1549563928639,1010.2384
1549563928668,1010.2384
1549563928702,1010.2384
1549563928746,1010.27673
1549563928784,1010.27673
1549563928819,1010.27673
1549563928859,1010.27673
1549563928899,1010.32043
1549563928936,1010.32043
1549563928974,1010.32043
1549563929012,1010.32043
1549563929060,1010.32043
1549563929088,1010.28265
1549563929125,1010.28265
1549563929165,1010.28265
1549563929204,1010.28265
1549563929243,1010.20087
1549563929283,1010.20087
1549563929320,1010.20087
1549563929357,1010.20087
1549563929399,1010.2275
1549563929435,1010.2275
1549563929473,1010.2275
1549563929514,1010.2275
1549563929550,1010.2613
1549563929587,1010.2613
1549563929626,1010.2613
1549563929669,1010.2613
1549563929707,1010.2613
1549563929742,1010.23315
1549563929781,1010.23315
1549563929819,1010.23315
1549563929858,1010.23315
1549563929897,1010.27856
1549563929935,1010.27856
1549563929975,1010.27856
1549563930062,1010.27856
1549563930062,1010.3155
1549563930085,1010.3155
1549563930125,1010.3155
1549563930165,1010.3155
1549563930203,1010.3155
1549563930254,1010.3271
1549563930285,1010.3271
1549563930325,1010.3271
1549563930356,1010.3271
1549563930395,1010.21545
1549563930440,1010.21545
1549563930477,1010.21545
1549563930519,1010.21545
1549563930552,1010.2319
1549563930588,1010.2319
1549563930626,1010.2319
1549563930665,1010.2319
1549563930706,1010.26227
1549563930752,1010.26227
1549563930781,1010.26227
1549563930818,1010.26227
1549563930874,1010.26227
1549563930895,1010.22076
1549563930931,1010.22076
1549563930972,1010.22076
1549563931009,1010.22076
1549563931052,1010.244
1549563931088,1010.244
1549563931126,1010.244
1549563931165,1010.244
1549563931202,1010.27954
1549563931244,1010.27954
1549563931285,1010.27954
1549563931323,1010.27954
1549563931355,1010.3335
1549563931405,1010.3335
1549563931433,1010.3335
1549563931472,1010.3335
1549563931510,1010.3335
1549563931552,1010.2326
1549563931586,1010.2326
1549563931625,1010.2326
1549563931666,1010.2326
1549563931703,1010.2303
1549563931742,1010.2303
1549563931781,1010.2303
1549563931819,1010.2303
1549563931856,1010.2655
1549563931897,1010.2655
1549563931934,1010.2655
1549563931972,1010.2655
1549563932010,1010.255
1549563932064,1010.255
1549563932089,1010.255
1549563932126,1010.255
1549563932165,1010.255
1549563932205,1010.2697
1549563932243,1010.2697
1549563932280,1010.2697
1549563932335,1010.2697
1549563932360,1010.314
1549563932404,1010.314
1549563932434,1010.314
1549563932470,1010.314
1549563932512,1010.3342
1549563932552,1010.3342
1549563932595,1010.3342
1549563932627,1010.3342
1549563932664,1010.3342
1549563932703,1010.2041
1549563932743,1010.2041
1549563932779,1010.2041
1549563932818,1010.2041
1549563932857,1010.1884
1549563932906,1010.1884
1549563932936,1010.1884
1549563932972,1010.1884
1549563933011,1010.21344
1549563933076,1010.21344
1549563933107,1010.21344
1549563933124,1010.21344
1549563933164,1010.235
1549563933206,1010.235
1549563933242,1010.235
1549563933278,1010.235
1549563933318,1010.235
1549563933357,1010.2227
1549563933397,1010.2227
1549563933432,1010.2227
1549563933471,1010.2227
1549563933512,1010.24774
1549563933549,1010.24774
1549563933591,1010.24774
1549563933626,1010.24774
1549563933666,1010.3091
1549563933703,1010.3091
1549563933743,1010.3091
1549563933779,1010.3091
1549563933819,1010.3088
1549563933862,1010.3088
1549563933895,1010.3088
1549563933936,1010.3088
1549563933974,1010.3088
1549563934010,1010.25024
1549563934047,1010.25024
1549563934089,1010.25024
1549563934125,1010.25024
1549563934165,1010.1914
1549563934203,1010.1914
1549563934242,1010.1914
1549563934279,1010.1914
1549563934319,1010.205
1549563934355,1010.205
1549563934397,1010.205
1549563934433,1010.205
1549563934478,1010.24194
1549563934519,1010.24194
1549563934549,1010.24194
1549563934587,1010.24194
1549563934628,1010.24194
1549563934664,1010.2777
1549563934704,1010.2777
1549563934742,1010.2777
1549563934780,1010.2777
1549563934817,1010.2607
1549563934858,1010.2607
1549563934896,1010.2607
1549563934937,1010.2607
1549563934975,1010.2911
1549563935009,1010.2911
1549563935049,1010.2911
1549563935088,1010.2911
1549563935127,1010.2911
1549563935164,1010.31744
1549563935203,1010.31744
1549563935240,1010.31744
1549563935279,1010.31744
1549563935317,1010.35266
1549563935357,1010.35266
1549563935395,1010.35266
1549563935432,1010.35266
1549563935472,1010.25146
1549563935510,1010.25146
1549563935547,1010.25146
1549563935589,1010.25146
1549563935626,1010.23926
1549563935663,1010.23926
1549563935701,1010.23926
1549563935741,1010.23926
1549563935779,1010.23926
1549563935817,1010.2734
1549563935857,1010.2734
1549563935895,1010.2734
1549563935932,1010.2734
1549563935972,1010.28467
1549563936016,1010.28467
1549563936052,1010.28467
1549563936088,1010.28467
1549563936132,1010.2503
1549563936165,1010.2503
1549563936205,1010.2503
1549563936240,1010.2503
1549563936279,1010.2963
1549563936318,1010.2963
1549563936357,1010.2963
1549563936397,1010.2963
1549563936436,1010.2963
1549563936470,1010.3349
1549563936512,1010.3349
1549563936550,1010.3349
1549563936587,1010.3349
1549563936627,1010.38434
1549563936675,1010.38434
1549563936701,1010.38434
1549563936752,1010.38434
1549563936779,1010.2681
1549563936819,1010.2681
1549563936857,1010.2681
1549563936894,1010.2681
1549563936934,1010.2681
1549563936972,1010.26074
1549563937011,1010.26074
1549563937048,1010.26074
1549563937087,1010.26074
1549563937126,1010.29767
1549563937164,1010.29767
1549563937202,1010.29767
1549563937239,1010.29767
1549563937279,1010.282
1549563937333,1010.282
1549563937358,1010.282
1549563937394,1010.282
1549563937432,1010.29675
1549563937471,1010.29675
1549563937510,1010.29675
1549563937546,1010.29675
1549563937587,1010.29675
1549563937627,1010.32715
1549563937665,1010.32715
1549563937702,1010.32715
1549563937742,1010.32715
1549563937778,1010.37427
1549563937816,1010.37427
1549563937863,1010.37427
1549563937894,1010.37427
1549563937933,1010.2447
1549563937972,1010.2447
1549563938008,1010.2447
1549563938047,1010.2447
1549563938086,1010.222
1549563938127,1010.222
1549563938164,1010.222
1549563938202,1010.222
1549563938240,1010.222
1549563938278,1010.268
1549563938317,1010.268
1549563938356,1010.268
1549563938394,1010.268
1549563938436,1010.2796
1549563938471,1010.2796
1549563938508,1010.2796
1549563938547,1010.2796
1549563938586,1010.2415
1549563938624,1010.2415
1549563938664,1010.2415
1549563938702,1010.2415
1549563938741,1010.2705
1549563938780,1010.2705
1549563938817,1010.2705
1549563938856,1010.2705
1549563938894,1010.2705
1549563938934,1010.3537
1549563938971,1010.3537
1549563939009,1010.3537
1549563939048,1010.3537
1549563939086,1010.2679
1549563939125,1010.2679
1549563939163,1010.2679
1549563939202,1010.2679
1549563939246,1010.2134
1549563939278,1010.2134
1549563939339,1010.2134
1549563939352,1010.2134
1549563939393,1010.2134
1549563939431,1010.23865
1549563939473,1010.23865
1549563939511,1010.23865
1549563939547,1010.23865
1549563939595,1010.2585
1549563939626,1010.2585
1549563939664,1010.2585
1549563939708,1010.2585
1549563939757,1010.20624
1549563939776,1010.20624
1549563939817,1010.20624
1549563939856,1010.20624
1549563939898,1010.2466
1549563939931,1010.2466
1549563939971,1010.2466
1549563940009,1010.2466
1549563940049,1010.2466
1549563940087,1010.3022
1549563940126,1010.3022
1549563940169,1010.3022
1549563940209,1010.3022
1549563940244,1010.31415
1549563940277,1010.31415
1549563940317,1010.31415
1549563940357,1010.31415
1549563940394,1010.2068
1549563940438,1010.2068
1549563940483,1010.2068
1549563940510,1010.2068
1549563940546,1010.2221
1549563940590,1010.2221
1549563940622,1010.2221
1549563940663,1010.2221
1549563940701,1010.2221
1549563940746,1010.2525
1549563940778,1010.2525
1549563940817,1010.2525
1549563940856,1010.2525
1549563940894,1010.2212
1549563940932,1010.2212
1549563940973,1010.2212
1549563941008,1010.2212
1549563941053,1010.2567
1549563941084,1010.2567
1549563941122,1010.2567
1549563941161,1010.2567
1549563941200,1010.31635
1549563941239,1010.31635
1549563941277,1010.31635
1549563941317,1010.31635
1549563941360,1010.31635
1549563941398,1010.37604
1549563941430,1010.37604
1549563941468,1010.37604
1549563941518,1010.37604
1549563941548,1010.2408
1549563941586,1010.2408
1549563941628,1010.2408
1549563941663,1010.2408
1549563941701,1010.2286
1549563941740,1010.2286
1549563941778,1010.2286
1549563941841,1010.2286
1549563941860,1010.2286
1549563941900,1010.2695
1549563941931,1010.2695
1549563941969,1010.2695
1549563942010,1010.2695
1549563942048,1010.274
1549563942085,1010.274
1549563942124,1010.274
1549563942163,1010.274
1549563942201,1010.25604
1549563942244,1010.25604
1549563942278,1010.25604
1549563942318,1010.25604
1549563942355,1010.30035
1549563942395,1010.30035
1549563942433,1010.30035
1549563942473,1010.30035
1549563942507,1010.30035
1549563942547,1010.3611
1549563942585,1010.3611
1549563942625,1010.3611
1549563942666,1010.3611
1549563942702,1010.21423
1549563942743,1010.21423
1549563942778,1010.21423
1549563942817,1010.21423
1549563942853,1010.1819
1549563942895,1010.1819
1549563942931,1010.1819
1549563942974,1010.1819
1549563943007,1010.22894
1549563943047,1010.22894
1549563943086,1010.22894
1549563943123,1010.22894
1549563943167,1010.22894
1549563943202,1010.2573
1549563943240,1010.2573
1549563943279,1010.2573
1549563943318,1010.2573
1549563943355,1010.2301
1549563943393,1010.2301
1549563943430,1010.2301
1549563943471,1010.2301
1549563943512,1010.29315
1549563943557,1010.29315
1549563943585,1010.29315
1549563943623,1010.29315
1549563943682,1010.29315
1549563943703,1010.35956
1549563943737,1010.35956
1549563943775,1010.35956
1549563943814,1010.35956
1549563943853,1010.26556
1549563943893,1010.26556
1549563943940,1010.26556
1549563943984,1010.26556
1549563944008,1010.2343
1549563944045,1010.2343
1549563944099,1010.2343
1549563944123,1010.2343
1549563944162,1010.2582
1549563944198,1010.2582
1549563944242,1010.2582
1549563944277,1010.2582
1549563944315,1010.2582
1549563944353,1010.2783
1549563944406,1010.2783
1549563944431,1010.2783
1549563944472,1010.2783
1549563944509,1010.2357
1549563944544,1010.2357
1549563944582,1010.2357
1549563944629,1010.2357
1549563944659,1010.2851
1549563944698,1010.2851
1549563944736,1010.2851
1549563944778,1010.2851
1549563944815,1010.37146
1549563944860,1010.37146
1549563945261,1010.37146
1549563945262,1010.37146
1549563945262,1010.37146
1549563945262,1010.25214
1549563945263,1010.25214
1549563945263,1010.25214
1549563945263,1010.25214
1549563945264,1010.2181
1549563945264,1010.2181
1549563945264,1010.2181
1549563945275,1010.2181
1549563945313,1010.25867
1549563945352,1010.25867
1549563945391,1010.25867
1549563945431,1010.25867
1549563945470,1010.2808
1549563945507,1010.2808
1549563945544,1010.2808
1549563945584,1010.2808
1549563945624,1010.2808
1549563945664,1010.24506
1549563945701,1010.24506
1549563945737,1010.24506
1549563945788,1010.24506
1549563945813,1010.2785
1549563945868,1010.2785
1549563945892,1010.2785
1549563945944,1010.2785
1549563945983,1010.3603
1549563946009,1010.3603
1549563946045,1010.3603
1549563946085,1010.3603
1549563946122,1010.3603
1549563946162,1010.30237
1549563946202,1010.30237
1549563946248,1010.30237
1549563946281,1010.30237
1549563946315,1010.21826
1549563946353,1010.21826
1549563946392,1010.21826
1549563946430,1010.21826
1549563946469,1010.2404
1549563946510,1010.2404
1549563946544,1010.2404
1549563946584,1010.2404
1549563946622,1010.2694
1549563946661,1010.2694
1549563946701,1010.2694
1549563946740,1010.2694
1549563946778,1010.2694
1549563946817,1010.2231
1549563946854,1010.2231
1549563946892,1010.2231
1549563946930,1010.2231
1549563946968,1010.2947
1549563947007,1010.2947
1549563947045,1010.2947
1549563947083,1010.2947
1549563947153,1010.33215
1549563947179,1010.33215
1549563947199,1010.33215
1549563947235,1010.33215
1549563947277,1010.35944
1549563947315,1010.35944
1549563947353,1010.35944
1549563947398,1010.35944
1549563947430,1010.35944
1549563947467,1010.23785
1549563947507,1010.23785
1549563947547,1010.23785
1549563947584,1010.23785
1549563947626,1010.231
1549563947662,1010.231
1549563947698,1010.231
1549563947738,1010.231
1549563947778,1010.2563
1549563947817,1010.2563
1549563947854,1010.2563
1549563947894,1010.2563
1549563947932,1010.26825
1549563947970,1010.26825
1549563948008,1010.26825
1549563948064,1010.26825
1549563948084,1010.26825
1549563948123,1010.2761
1549563948163,1010.2761
1549563948198,1010.2761
1549563948238,1010.2761
1549563948276,1010.33746
1549563948316,1010.33746
1549563948352,1010.33746
1549563948392,1010.33746
1549563948432,1010.3613
1549563948470,1010.3613
1549563948509,1010.3613
1549563948544,1010.3613
1549563948590,1010.3613
1549563948636,1010.23975
1549563948665,1010.23975
1549563948706,1010.23975
1549563948737,1010.23975
1549563948777,1010.19543
1549563948813,1010.19543
1549563948855,1010.19543
1549563948893,1010.19543
1549563948933,1010.22784
1549563948967,1010.22784
1549563949009,1010.22784
1549563949046,1010.22784
1549563949084,1010.25507
1549563949122,1010.25507
1549563949163,1010.25507
1549563949202,1010.25507
1549563949241,1010.25507
1549563949279,1010.2193
1549563949319,1010.2193
1549563949353,1010.2193
1549563949393,1010.2193
1549563949431,1010.25824
1549563949467,1010.25824
1549563949506,1010.25824
1549563949544,1010.25824
1549563949584,1010.2889
1549563949621,1010.2889
1549563949663,1010.2889
1549563949700,1010.2889
1549563949743,1010.3206
1549563949775,1010.3206
1549563949814,1010.3206
1549563949853,1010.3206
1549563949891,1010.3206
1549563949931,1010.21844
1549563949968,1010.21844
1549563950005,1010.21844
1549563950045,1010.21844
1549563950083,1010.22864
1549563950122,1010.22864
1549563950161,1010.22864
1549563950202,1010.22864
1549563950241,1010.2522
1549563950274,1010.2522
1549563950317,1010.2522
1549563950353,1010.2522
1549563950393,1010.2266
1549563950430,1010.2266
1549563950467,1010.2266
1549563950507,1010.2266
1549563950546,1010.2266
1549563950584,1010.2948
1549563950621,1010.2948
1549563950666,1010.2948
1549563950698,1010.2948
1549563950739,1010.3238
1549563950776,1010.3238
1549563950814,1010.3238
1549563950854,1010.3238
1549563950892,1010.3658
1549563950932,1010.3658
1549563950970,1010.3658
1549563951006,1010.3658
1549563951045,1010.3658
1549563951083,1010.2584
1549563951122,1010.2584
1549563951163,1010.2584
1549563951200,1010.2584
1549563951238,1010.26013
1549563951277,1010.26013
1549563951314,1010.26013
1549563951352,1010.26013
1549563951391,1010.2942
1549563951431,1010.2942
1549563951471,1010.2942
1549563951507,1010.2942
1549563951544,1010.2959
1549563951584,1010.2959
1549563951624,1010.2959
1549563951660,1010.2959
1549563951698,1010.2959
1549563951735,1010.2908
1549563951777,1010.2908
1549563951814,1010.2908
1549563951854,1010.2908
1549563951890,1010.3487
1549563951930,1010.3487
1549563951968,1010.3487
1549563952006,1010.3487
1549563952045,1010.3791
1549563952083,1010.3791
1549563952123,1010.3791
1549563952161,1010.3791
1549563952198,1010.2547
1549563952237,1010.2547
1549563952277,1010.2547
1549563952314,1010.2547
1549563952352,1010.2547
1549563952394,1010.2172
1549563952427,1010.2172
1549563952468,1010.2172
1549563952506,1010.2172
1549563952546,1010.2456
1549563952583,1010.2456
1549563952621,1010.2456
1549563952661,1010.2456
1549563952698,1010.262
1549563952737,1010.262
1549563952777,1010.262
1549563952814,1010.262
1549563952853,1010.2211
1549563952894,1010.2211
1549563952931,1010.2211
1549563952968,1010.2211
1549563953005,1010.2211
1549563953047,1010.291
1549563953083,1010.291
1549563953120,1010.291
1549563953163,1010.291
1549563953218,1010.3285
1549563953237,1010.3285
1549563953275,1010.3285
1549563953315,1010.3285
1549563953355,1010.3132
1549563953389,1010.3132
1549563953429,1010.3132
1549563953473,1010.3132
1549563953511,1010.3132
1549563953544,1010.22455
1549563953582,1010.22455
1549563953623,1010.22455
1549563953659,1010.22455
1549563953702,1010.22253
1549563953735,1010.22253
1549563953798,1010.22253
1549563953811,1010.22253
1549563953853,1010.2498
1549563953890,1010.2498
1549563953928,1010.2498
1549563953968,1010.2498
1549563954023,1010.2055
1549563954044,1010.2055
1549563954083,1010.2055
1549563954121,1010.2055
1549563954167,1010.2055
1549563954199,1010.2754
1549563954237,1010.2754
1549563954275,1010.2754
1549563954317,1010.2754
1549563954352,1010.3146
1549563954390,1010.3146
1549563954429,1010.3146
1549563954467,1010.3146
1549563954506,1010.3316
1549563954544,1010.3316
1549563954587,1010.3316
1549563954621,1010.3316
1549563954660,1010.21
1549563954698,1010.21
1549563954735,1010.21
1549563954776,1010.21
1549563954814,1010.21
1549563954854,1010.21405
1549563954889,1010.21405
1549563954929,1010.21405
1549563954968,1010.21405
1549563955007,1010.24066
1549563955043,1010.24066
1549563955084,1010.24066
1549563955122,1010.24066
1549563955163,1010.2066
1549563955202,1010.2066
1549563955236,1010.2066
1549563955275,1010.2066
1549563955316,1010.2066
1549563955351,1010.2748
1549563955390,1010.2748
1549563955429,1010.2748
1549563955469,1010.2748
1549563955507,1010.3072
1549563955546,1010.3072
1549563955585,1010.3072
1549563955620,1010.3072
1549563955659,1010.32416
1549563955698,1010.32416
1549563955736,1010.32416
1549563955774,1010.32416
1549563955813,1010.1947
1549563955852,1010.1947
1549563955890,1010.1947
1549563955928,1010.1947
1549563955965,1010.1947
1549563956005,1010.17737
1549563956043,1010.17737
1549563956082,1010.17737
1549563956128,1010.17737
1549563956159,1010.22675
1549563956195,1010.22675
1549563956236,1010.22675
1549563956281,1010.22675
1549563956312,1010.2032
1549563956351,1010.2032
1549563956390,1010.2032
1549563956429,1010.2032
1549563956492,1010.2629
1549563956518,1010.2629
1549563956547,1010.2629
1549563956582,1010.2629
1549563956620,1010.2629
1549563956659,1010.2932
1549563956701,1010.2932
1549563956738,1010.2932
1549563956774,1010.2932
1549563956814,1010.34436
1549563956850,1010.34436
1549563956893,1010.34436
1549563956928,1010.34436
1549563956966,1010.21594
1549563957005,1010.21594
1549563957044,1010.21594
1549563957082,1010.21594
1549563957121,1010.2125
1549563957162,1010.2125
1549563957198,1010.2125
1549563957237,1010.2125
1549563957278,1010.2125
1549563957313,1010.2514
1549563957364,1010.2514
1549563957389,1010.2514
1549563957433,1010.2514
1549563957467,1010.231
1549563957530,1010.231
1549563957556,1010.231
1549563957581,1010.231
1549563957619,1010.2773
1549563957658,1010.2773
1549563957724,1010.2773
1549563957750,1010.2773
1549563957779,1010.2773
1549563957814,1010.31476
1549563957850,1010.31476
1549563957890,1010.31476
1549563957928,1010.31476
1549563957968,1010.3505
1549563958005,1010.3505
1549563958043,1010.3505
1549563958081,1010.3505
1549563958120,1010.23126
1549563958160,1010.23126
1549563958203,1010.23126
1549563958233,1010.23126
1549563958280,1010.21423
1549563958313,1010.21423
1549563958351,1010.21423
1549563958389,1010.21423
1549563958430,1010.21423
1549563958467,1010.25
1549563958503,1010.25
1549563958543,1010.25
1549563958585,1010.25
1549563958624,1010.2432
1549563958658,1010.2432
1549563958695,1010.2432
1549563958735,1010.2432
1549563958775,1010.24805
1549563958811,1010.24805
1549563958849,1010.24805
1549563958893,1010.24805
1549563958927,1010.2696
1549563958966,1010.2696
1549563959005,1010.2696
1549563959046,1010.2696
1549563959080,1010.2696
1549563959125,1010.3167
1549563959164,1010.3167
1549563959198,1010.3167
1549563959235,1010.3167
1549563959273,1010.19403
1549563959313,1010.19403
1549563959350,1010.19403
1549563959391,1010.19403
1549563959429,1010.1616
1549563959467,1010.1616
1549563959504,1010.1616
1549563959542,1010.1616
1549563959581,1010.19916
1549563959634,1010.19916
1549563959673,1010.19916
1549563959698,1010.19916
1549563959736,1010.19916
1549563959771,1010.21954
1549563959813,1010.21954
1549563959850,1010.21954
1549563959890,1010.21954
1549563959928,1010.1838
1549563959965,1010.1838
1549563960011,1010.1838
1549563960115,1010.1838
1549563960115,1010.2457
1549563960117,1010.2457
1549563960157,1010.2457
1549563960196,1010.2457
1549563960253,1010.2457
1549563960274,1010.2815
1549563960310,1010.2815
1549563960348,1010.2815
1549563960386,1010.2815
1549563960425,1010.30536
1549563960477,1010.30536
1549563960501,1010.30536
1549563960540,1010.30536
1549563960580,1010.2133
1549563960618,1010.2133
1549563960674,1010.2133
1549563960693,1010.2133
1549563960735,1010.20593
1549563960773,1010.20593
1549563960811,1010.20593
1549563960854,1010.20593
1549563960892,1010.20593
1549563960925,1010.2281
1549563960963,1010.2281
1549563961002,1010.2281
1549563961040,1010.2281
1549563961078,1010.19745
1549563961116,1010.19745
1549563961155,1010.19745
1549563961195,1010.19745
1549563961233,1010.23663
1549563961273,1010.23663
1549563961309,1010.23663
1549563961348,1010.23663
1549563961387,1010.2679
1549563961424,1010.2679
1549563961463,1010.2679
1549563961501,1010.2679
1549563961540,1010.2679
1549563961579,1010.34454
1549563961616,1010.34454
1549563961654,1010.34454
1549563961692,1010.34454
1549563961732,1010.2116
1549563961771,1010.2116
1549563961809,1010.2116
1549563961847,1010.2116
1549563961885,1010.202
1549563961924,1010.202
1549563961964,1010.202
1549563962017,1010.202
1549563962039,1010.2327
1549563962095,1010.2327
1549563962116,1010.2327
1549563962155,1010.2327
1549563962195,1010.2327
1549563962235,1010.23126
1549563962271,1010.23126
1549563962308,1010.23126
1549563962348,1010.23126
1549563962391,1010.2319
1549563962427,1010.2319
1549563962464,1010.2319
1549563962504,1010.2319
1549563962541,1010.26117
1549563962584,1010.26117
1549563962617,1010.26117
1549563962663,1010.26117
1549563962696,1010.26117
1549563962738,1010.32477
1549563962772,1010.32477
1549563962812,1010.32477
1549563962851,1010.32477
1549563962891,1010.2149
1549563962926,1010.2149
1549563962965,1010.2149
1549563963002,1010.2149
1549563963042,1010.19196
1549563963082,1010.19196
1549563963128,1010.19196
1549563963157,1010.19196
1549563963194,1010.23517
1549563963234,1010.23517
1549563963274,1010.23517
1549563963315,1010.23517
1549563963352,1010.23517
1549563963387,1010.2449
1549563963425,1010.2449
1549563963463,1010.2449
1549563963505,1010.2449
1549563963542,1010.22906
1549563963581,1010.22906
1549563963633,1010.22906
1549563963659,1010.22906
1549563963696,1010.27765
1549563963735,1010.27765
1549563963771,1010.27765
1549563963810,1010.27765
1549563963849,1010.2791
1549563963888,1010.2791
1549563963926,1010.2791
1549563963964,1010.2791
1549563964003,1010.2791
1549563964043,1010.2332
1549563964080,1010.2332
1549563964121,1010.2332
1549563964158,1010.2332
1549563964209,1010.17365
1549563964253,1010.17365
1549563964289,1010.17365
1549563964315,1010.17365
1549563964350,1010.1996
1549563964391,1010.1996
1549563964428,1010.1996
1549563964464,1010.1996
1549563964504,1010.1996
1549563964545,1010.228
1549563964579,1010.228
1549563964633,1010.228
1549563964658,1010.228
1549563964694,1010.22614
1549563964737,1010.22614
1549563964775,1010.22614
1549563964812,1010.22614
1549563964851,1010.20374
1549563964889,1010.20374
1549563964927,1010.20374
1549563964968,1010.20374
1549563965002,1010.2407
1549563965044,1010.2407
1549563965079,1010.2407
1549563965118,1010.2407
1549563965155,1010.2407
1549563965195,1010.249
1549563965234,1010.249
1549563965300,1010.249
1549563965318,1010.249
1549563965348,1010.2249
1549563965388,1010.2249
1549563965429,1010.2249
1549563965464,1010.2249
1549563965503,1010.15173
1549563965541,1010.15173
1549563965583,1010.15173
1549563965618,1010.15173
1549563965659,1010.14923
1549563965698,1010.14923
1549563965738,1010.14923
1549563965774,1010.14923
1549563965813,1010.14923
1549563965848,1010.18964
1549563965887,1010.18964
1549563965929,1010.18964
1549563965964,1010.18964
1549563966004,1010.2249
1549563966045,1010.2249
1549563966080,1010.2249
1549563966119,1010.2249
1549563966159,1010.21783
1549563966194,1010.21783
1549563966233,1010.21783
1549563966304,1010.21783
1549563966323,1010.2426
1549563966349,1010.2426
1549563966388,1010.2426
1549563966424,1010.2426
1549563966464,1010.2426
1549563966504,1010.2793
1549563966542,1010.2793
1549563966579,1010.2793
1549563966618,1010.2793
1549563966656,1010.30945
1549563966700,1010.30945
1549563966749,1010.30945
1549563966771,1010.30945
1549563966809,1010.19617
1549563966851,1010.19617
1549563966888,1010.19617
1549563966926,1010.19617
1549563966967,1010.19617
1549563967004,1010.1817
1549563967042,1010.1817
1549563967079,1010.1817
1549563967125,1010.1817
1549563967157,1010.2116
1549563967198,1010.2116
1549563967234,1010.2116
1549563967273,1010.2116
1549563967311,1010.23804
1549563967350,1010.23804
1549563967387,1010.23804
1549563967425,1010.23804
1549563967467,1010.192
1549563967504,1010.192
1549563967540,1010.192
1549563967600,1010.192
1549563967623,1010.192
1549563967657,1010.2338
1549563967694,1010.2338
1549563967735,1010.2338
1549563967773,1010.2338
1549563967811,1010.28955
1549563967850,1010.28955
1549563967886,1010.28955
1549563967925,1010.28955
1549563967970,1010.266
1549563968002,1010.266
1549563968040,1010.266
1549563968079,1010.266
1549563968118,1010.1796
1549563968156,1010.1796
1549563968193,1010.1796
1549563968232,1010.1796
1549563968279,1010.1796
1549563968311,1010.19586
1549563968352,1010.19586
1549563968388,1010.19586
1549563968427,1010.19586
1549563968463,1010.2388
1549563968504,1010.2388
1549563968539,1010.2388
1549563968582,1010.2388
1549563968618,1010.2155
1549563968655,1010.2155
1549563968696,1010.2155
1549563968736,1010.2155
1549563968773,1010.2587
1549563968810,1010.2587
1549563968847,1010.2587
1549563968907,1010.2587
1549563968926,1010.2587
1549563968968,1010.3039
1549563969000,1010.3039
1549563969040,1010.3039
1549563969080,1010.3039
1549563969119,1010.34314
1549563969157,1010.34314
1549563969196,1010.34314
1549563969236,1010.34314
1549563969277,1010.21014
1549563969311,1010.21014
1549563969347,1010.21014
1549563969390,1010.21014
1549563969427,1010.21014
1549563969462,1010.1883
1549563969504,1010.1883
1549563969546,1010.1883
1549563969582,1010.1883
1549563969617,1010.2315
1549563969655,1010.2315
1549563969694,1010.2315
1549563969736,1010.2315
1549563969772,1010.2247
1549563969808,1010.2247
1549563969848,1010.2247
1549563969888,1010.2247
1549563969925,1010.23865
1549563969963,1010.23865
1549563970002,1010.23865
1549563970042,1010.23865
1549563970079,1010.23865
1549563970117,1010.28296
1549563970156,1010.28296
1549563970196,1010.28296
1549563970232,1010.28296
1549563970273,1010.3432
1549563970307,1010.3432
1549563970348,1010.3432
1549563970384,1010.3432
1549563970428,1010.2017
1549563970463,1010.2017
1549563970501,1010.2017
1549563970540,1010.2017
1549563970577,1010.1711
1549563970618,1010.1711
1549563970655,1010.1711
1549563970699,1010.1711
1549563970732,1010.1711
1549563970770,1010.21875
1549563970811,1010.21875
1549563970849,1010.21875
1549563970889,1010.21875
1549563970932,1010.225
1549563970966,1010.225
1549563971001,1010.225
1549563971040,1010.225
1549563971076,1010.1909
1549563971122,1010.1909
1549563971156,1010.1909
1549563971193,1010.1909
1549563971232,1010.2631
1549563971277,1010.2631
1549563971325,1010.2631
1549563971351,1010.2631
1549563971389,1010.2631
1549563971424,1010.35345
1549563971462,1010.35345
1549563971500,1010.35345
1549563971538,1010.35345
1549563971581,1010.1858
1549563971615,1010.1858
1549563971655,1010.1858
1549563971692,1010.1858
1549563971733,1010.1449
1549563971771,1010.1449
1549563971809,1010.1449
1549563971850,1010.1449
1549563971885,1010.1449
1549563971926,1010.1932
1549563971964,1010.1932
1549563972001,1010.1932
1549563972042,1010.1932
1549563972078,1010.2205
1549563972116,1010.2205
1549563972154,1010.2205
1549563972192,1010.2205
1549563972233,1010.1943
1549563972278,1010.1943
1549563972309,1010.1943
1549563972346,1010.1943
1549563972386,1010.2437
1549563972426,1010.2437
1549563972468,1010.2437
1549563972501,1010.2437
1549563972540,1010.2437
1549563972578,1010.3716
1549563972620,1010.3716
1549563972655,1010.3716
1549563972693,1010.3716
1549563972731,1010.2233
1549563972771,1010.2233
1549563972807,1010.2233
1549563972848,1010.2233
1549563972885,1010.1753
1549563972926,1010.1753
1549563972962,1010.1753
1549563973015,1010.1753
1549563973042,1010.2233
1549563973077,1010.2233
1549563973118,1010.2233
1549563973155,1010.2233
1549563973194,1010.2233
1549563973231,1010.2574
1549563973273,1010.2574
1549563973309,1010.2574
1549563973346,1010.2574
1549563973386,1010.2349
1549563973423,1010.2349
1549563973463,1010.2349
1549563973503,1010.2349
1549563973539,1010.27075
1549563973599,1010.27075
1549563973617,1010.27075
1549563973654,1010.27075
1549563973697,1010.27075
1549563973733,1010.38837
1549563973769,1010.38837
1549563973808,1010.38837
1549563973848,1010.38837
1549563973884,1010.24115
1549563973924,1010.24115
1549563973965,1010.24115
1549563974003,1010.24115
1549563974041,1010.19653
1549563974080,1010.19653
1549563974118,1010.19653
1549563974155,1010.19653
1549563974192,1010.236
1549563974233,1010.236
1549563974271,1010.236
1549563974308,1010.236
1549563974347,1010.236
1549563974384,1010.2667
1549563974424,1010.2667
1549563974462,1010.2667
1549563974499,1010.2667
1549563974545,1010.23236
1549563974579,1010.23236
1549563974615,1010.23236
1549563974656,1010.23236
1549563974692,1010.294
1549563974733,1010.294
1549563974770,1010.294
1549563974807,1010.294
1549563974848,1010.3622
1549563974887,1010.3622
1549563974924,1010.3622
1549563974962,1010.3622
1549563975001,1010.3622
1549563975040,1010.2511
1549563975079,1010.2511
1549563975115,1010.2511
1549563975154,1010.2511
1549563975194,1010.19147
1549563975233,1010.19147
1549563975275,1010.19147
1549563975307,1010.19147
1549563975344,1010.2113
1549563975384,1010.2113
1549563975423,1010.2113
1549563975462,1010.2113
1549563975499,1010.2366
1549563975538,1010.2366
1549563975578,1010.2366
1549563975617,1010.2366
1549563975653,1010.2366
1549563975693,1010.2059
1549563975731,1010.2059
1549563975769,1010.2059
1549563975809,1010.2059
1549563975845,1010.24335
1549563975885,1010.24335
1549563975924,1010.24335
1549563975962,1010.24335
1549563976001,1010.3133
1549563976048,1010.3133
1549563976076,1010.3133
1549563976117,1010.3133
1549563976160,1010.3133
1549563976195,1010.22406
1549563976232,1010.22406
1549563976274,1010.22406
1549563976308,1010.22406
1549563976355,1010.1618
1549563976394,1010.1618
1549563976423,1010.1618
1549563976461,1010.1618
1549563976501,1010.1976
1549563976538,1010.1976
1549563976581,1010.1976
1549563976618,1010.1976
1549563976657,1010.2311
1549563976693,1010.2311
1549563976732,1010.2311
1549563976769,1010.2311
1549563976808,1010.2311
1549563976849,1010.18134
1549563976885,1010.18134
1549563976924,1010.18134
1549563976961,1010.18134
1549563977000,1010.24274
1549563977040,1010.24274
1549563977077,1010.24274
1549563977119,1010.24274
1549563977154,1010.3075
1549563977194,1010.3075
1549563977235,1010.3075
1549563977269,1010.3075
1549563977312,1010.31537
1549563977344,1010.31537
1549563977384,1010.31537
1549563977424,1010.31537
1549563977462,1010.31537
1549563977499,1010.23016
1549563977539,1010.23016
1549563977575,1010.23016
1549563977615,1010.23016
1549563977656,1010.2401
1549563977692,1010.2401
1549563977730,1010.2401
1549563977770,1010.2401
1549563977809,1010.2844
1549563977845,1010.2844
1549563977884,1010.2844
1549563977926,1010.2844
1549563977964,1010.2685
1549563978000,1010.2685
1549563978037,1010.2685
1549563978075,1010.2685
1549563978116,1010.2685
1549563978154,1010.31793
1549563978192,1010.31793
1549563978232,1010.31793
1549563978269,1010.31793
1549563978309,1010.3401
1549563978378,1010.3401
1549563978408,1010.3401
1549563978426,1010.3401
1549563978461,1010.3946
1549563978500,1010.3946
1549563978538,1010.3946
1549563978576,1010.3946
1549563978637,1010.3946
1549563978662,1010.2883
1549563978690,1010.2883
1549563978730,1010.2883
1549563978770,1010.2883
1549563978809,1010.2986
1549563978849,1010.2986
1549563978884,1010.2986
1549563978925,1010.2986
1549563978960,1010.3429
1549563979000,1010.3429
1549563979039,1010.3429
1549563979100,1010.3429
1549563979114,1010.317
1549563979154,1010.317
1549563979192,1010.317
1549563979243,1010.317
1549563979274,1010.317
1549563979306,1010.3409
1549563979346,1010.3409
1549563979385,1010.3409
1549563979453,1010.3409
1549563979464,1010.38007
1549563979498,1010.38007
1549563979540,1010.38007
1549563979578,1010.38007
1549563979616,1010.4023
1549563979667,1010.4023
1549563979692,1010.4023
1549563979729,1010.4023
1549563979768,1010.27045
1549563979805,1010.27045
1549563979845,1010.27045
1549563979885,1010.27045
1549563979923,1010.27045
1549563979961,1010.26874
1549563979999,1010.26874
1549563980039,1010.26874
1549563980078,1010.26874
1549563980114,1010.32666
1549563980154,1010.32666
1549563980193,1010.32666
1549563980229,1010.32666
1549563980269,1010.32294
1549563980310,1010.32294
1549563980344,1010.32294
1549563980383,1010.32294
1549563980421,1010.3104
1549563980462,1010.3104
1549563980500,1010.3104
1549563980537,1010.3104
1549563980578,1010.3104
1549563980614,1010.336
1549563980655,1010.336
1549563980691,1010.336
1549563980729,1010.336
1549563980771,1010.3735
1549563980808,1010.3735
1549563980850,1010.3735
1549563980882,1010.3735
1549563980922,1010.24567
1549563980963,1010.24567
1549563981004,1010.24567
1549563981036,1010.24567
1549563981082,1010.24567
1549563981114,1010.228
1549563981155,1010.228
1549563981193,1010.228
1549563981229,1010.228
1549563981270,1010.26215
1549563981306,1010.26215
1549563981345,1010.26215
1549563981383,1010.26215
1549563981423,1010.27405
1549563981461,1010.27405
1549563981499,1010.27405
1549563981536,1010.27405
1549563981576,1010.2399
1549563981616,1010.2399
1549563981653,1010.2399
1549563981691,1010.2399
1549563981734,1010.2399
1549563981768,1010.27545
1549563981806,1010.27545
1549563981844,1010.27545
1549563981882,1010.27545
1549563981931,1010.31635
1549563981961,1010.31635
1549563981998,1010.31635
1549563982036,1010.31635
1549563982077,1010.30444
1549563982115,1010.30444
1549563982155,1010.30444
1549563982191,1010.30444
1549563982247,1010.24646
1549563982275,1010.24646
1549563982305,1010.24646
1549563982342,1010.24646
1549563982382,1010.24646
1549563982433,1010.2584
1549563982458,1010.2584
1549563982498,1010.2584
1549563982536,1010.2584
1549563982573,1010.2902
1549563982615,1010.2902
1549563982653,1010.2902
1549563982691,1010.2902
1549563982729,1010.27966
1549563982769,1010.27966
1549563982818,1010.27966
1549563982846,1010.27966
1549563982886,1010.2831
1549563982927,1010.2831
1549563982960,1010.2831
1549563982998,1010.2831
1549563983039,1010.2831
1549563983086,1010.35126
1549563983113,1010.35126
1549563983154,1010.35126
1549563983190,1010.35126
1549563983230,1010.40607
1549563983272,1010.40607
1549563983307,1010.40607
1549563983345,1010.40607
1549563983384,1010.2558
1549563983470,1010.2558
1549563983471,1010.2558
1549563983497,1010.2558
1549563983537,1010.2558
1549563983573,1010.22797
1549563983617,1010.22797
1549563983654,1010.22797
1549563983692,1010.22797
1549563983731,1010.274
1549563983768,1010.274
1549563983806,1010.274
1549563983846,1010.274
1549563983882,1010.2842
1549563983923,1010.2842
1549563983958,1010.2842
1549563983998,1010.2842
1549563984041,1010.2774
1549563984074,1010.2774
1549563984118,1010.2774
1549563984158,1010.2774
1549563984192,1010.2774
1549563984227,1010.3285
1549563984271,1010.3285
1549563984310,1010.3285
1549563984343,1010.3285
1549563984382,1010.393
1549563984422,1010.393
1549563984460,1010.393
1549563984499,1010.393
1549563984536,1010.2618
1549563984576,1010.2618
1549563984615,1010.2618
1549563984652,1010.2618
1549563984692,1010.21686
1549563984728,1010.21686
1549563984766,1010.21686
1549563984806,1010.21686
1549563984866,1010.21686
1549563984900,1010.25775
1549563984923,1010.25775
1549563984960,1010.25775
1549563985000,1010.25775
1549563985035,1010.28156
1549563985076,1010.28156
1549563985114,1010.28156
1549563985165,1010.28156
1549563985190,1010.2441
1549563985229,1010.2441
1549563985267,1010.2441
1549563985307,1010.2441
1549563985345,1010.2935
1549563985381,1010.2935
1549563985421,1010.2935
1549563985459,1010.2935
1549563985497,1010.2935
1549563985538,1010.3259
1549563985574,1010.3259
1549563985613,1010.3259
1549563985654,1010.3259
1549563985692,1010.2867
1549563985757,1010.2867
1549563985785,1010.2867
1549563985809,1010.2867
1549563985860,1010.1955
1549563985893,1010.1955
1549563985920,1010.1955
1549563985959,1010.1955
1549563985997,1010.1955
1549563986037,1010.2108
1549563986077,1010.2108
1549563986114,1010.2108
1549563986152,1010.2108
1549563986190,1010.25854
1549563986230,1010.25854
1549563986266,1010.25854
1549563986304,1010.25854
1549563986344,1010.2244
1549563986383,1010.2244
1549563986423,1010.2244
1549563986459,1010.2244
1549563986499,1010.29095
1549563986536,1010.29095
1549563986584,1010.29095
1549563986611,1010.29095
1549563986652,1010.29095
1549563986689,1010.3097
1549563986729,1010.3097
1549563986766,1010.3097
1549563986808,1010.3097
1549563986846,1010.3676
1549563986885,1010.3676
1549563986920,1010.3676
1549563986959,1010.3676
1549563986997,1010.24664
1549563987036,1010.24664
1549563987075,1010.24664
1549563987112,1010.24664
1549563987152,1010.24835
1549563987189,1010.24835
1549563987228,1010.24835
1549563987268,1010.24835
1549563987305,1010.24835
1549563987343,1010.29266
1549563987382,1010.29266
1549563987422,1010.29266
1549563987462,1010.29266
1549563987497,1010.2818
1549563987538,1010.2818
1549563987575,1010.2818
1549563987612,1010.2818
1549563987653,1010.3006
1549563987690,1010.3006
1549563987731,1010.3006
1549563987769,1010.3006
1549563987805,1010.33466
1549563987845,1010.33466
1549563987883,1010.33466
1549563987919,1010.33466
1549563987963,1010.33466
1549563987999,1010.36847
1549563988061,1010.36847
1549563988074,1010.36847
1549563988112,1010.36847
1549563988151,1010.2409
1549563988189,1010.2409
1549563988232,1010.2409
1549563988265,1010.2409
1549563988305,1010.20514
1549563988343,1010.20514
1549563988382,1010.20514
1549563988419,1010.20514
1549563988460,1010.20514
1549563988497,1010.25256
1549563988537,1010.25256
1549563988576,1010.25256
1549563988616,1010.25256
1549563988650,1010.27985
1549563988692,1010.27985
1549563988728,1010.27985
1549563988767,1010.27985
1549563988805,1010.2457
1549563988843,1010.2457
1549563988884,1010.2457
1549563988922,1010.2457
1549563988965,1010.3122
1549563988997,1010.3122
1549563989036,1010.3122
1549563989094,1010.3122
1549563989118,1010.3122
1549563989151,1010.4113
1549563989191,1010.4113
1549563989228,1010.4113
1549563989268,1010.4113
1549563989306,1010.3227
1549563989345,1010.3227
1549563989381,1010.3227
1549563989424,1010.3227
1549563989459,1010.26025
1549563989496,1010.26025
1549563989543,1010.26025
1549563989573,1010.26025
1549563989613,1010.2244
1549563989649,1010.2244
1549563989689,1010.2244
1549563989727,1010.2244
1549563989769,1010.2244
1549563989804,1010.22614
1549563989842,1010.22614
1549563989884,1010.22614
1549563989920,1010.22614
1549563989957,1010.21423
1549563989997,1010.21423
1549563990037,1010.21423
1549563990074,1010.21423
1549563990116,1010.2637
1549563990150,1010.2637
1549563990190,1010.2637
1549563990239,1010.2637
1549563990265,1010.2637
1549563990305,1010.3284
1549563990341,1010.3284
1549563990383,1010.3284
1549563990418,1010.3284
1549563990459,1010.3898
1549563990495,1010.3898
1549563990540,1010.3898
1549563990573,1010.3898
1549563990629,1010.26904
1549563990655,1010.26904
1549563990695,1010.26904
1549563990745,1010.26904
1549563990766,1010.26794
1549563990804,1010.26794
1549563990845,1010.26794
1549563990883,1010.26794
1549563990918,1010.26794
1549563990959,1010.3106
1549563990999,1010.3106
1549563991034,1010.3106
1549563991077,1010.3106
1549563991114,1010.3055
1549563991151,1010.3055
1549563991188,1010.3055
1549563991228,1010.3055
1549563991267,1010.31226
1549563991305,1010.31226
1549563991342,1010.31226
1549563991381,1010.31226
1549563991420,1010.34467
1549563991458,1010.34467
1549563991500,1010.34467
1549563991536,1010.34467
1549563991574,1010.34467
1549563991615,1010.4316
1549563991651,1010.4316
1549563991692,1010.4316
1549563991727,1010.4316
1549563991765,1010.27136
1549563991807,1010.27136
1549563991843,1010.27136
1549563991881,1010.27136
1549563991923,1010.2339
1549563991960,1010.2339
1549563991997,1010.2339
1549563992035,1010.2339
1549563992075,1010.26794
1549563992111,1010.26794
1549563992149,1010.26794
1549563992189,1010.26794
1549563992226,1010.26794
1549563992266,1010.2856
1549563992304,1010.2856
1549563992343,1010.2856
1549563992399,1010.2856
1549563992421,1010.2737
1549563992457,1010.2737
1549563992498,1010.2737
1549563992539,1010.2737
1549563992575,1010.30945
1549563992615,1010.30945
1549563992650,1010.30945
1549563992691,1010.30945
1549563992726,1010.30945
1549563992767,1010.3589
1549563992804,1010.3589
1549563992843,1010.3589
1549563992883,1010.3589
1549563992920,1010.30096
1549563992958,1010.30096
1549563992997,1010.30096
1549563993035,1010.30096
1549563993074,1010.23444
1549563993109,1010.23444
1549563993150,1010.23444
1549563993202,1010.23444
1549563993227,1010.2492
1549563993264,1010.2492
1549563993304,1010.2492
1549563993341,1010.2492
1549563993380,1010.2492
1549563993421,1010.2856
1549563993458,1010.2856
1549563993498,1010.2856
1549563993539,1010.2856
1549563993574,1010.25836
1549563993610,1010.25836
1549563993653,1010.25836
1549563993687,1010.25836
1549563993725,1010.3106
1549563993768,1010.3106
1549563993804,1010.3106
1549563993842,1010.3106
1549563993881,1010.34467
1549563993921,1010.34467
1549563993958,1010.34467
1549563993995,1010.34467
1549563994035,1010.34467
1549563994072,1010.38727
1549563994112,1010.38727
1549563994149,1010.38727
1549563994189,1010.38727
1549563994228,1010.27136
1549563994264,1010.27136
1549563994305,1010.27136
1549563994342,1010.27136
1549563994380,1010.2634
1549563994422,1010.2634
1549563994474,1010.2634
1549563994498,1010.2634
1549563994533,1010.2867
1549563994570,1010.2867
1549563994610,1010.2867
1549563994650,1010.2867
1549563994690,1010.2867
1549563994727,1010.2935
1549563994764,1010.2935
1549563994804,1010.2935
1549563994841,1010.2935
1549563994880,1010.2884
1549563994919,1010.2884
1549563994957,1010.2884
1549563994996,1010.2884
1549563995038,1010.34357
1549563995088,1010.34357
1549563995113,1010.34357
1549563995152,1010.34357
1549563995187,1010.34357
1549563995231,1010.35205
1549563995267,1010.35205
1549563995303,1010.35205
1549563995346,1010.35205
1549563995380,1010.29694
1549563995421,1010.29694
1549563995461,1010.29694
1549563995495,1010.29694
1549563995534,1010.2464
1549563995573,1010.2464
1549563995614,1010.2464
1549563995653,1010.2464
1549563995687,1010.2447
1549563995728,1010.2447
1549563995766,1010.2447
1549563995803,1010.2447
1549563995842,1010.2447
1549563995881,1010.2634
1549563995922,1010.2634
1549563995956,1010.2634
1549563995997,1010.2634
1549563996039,1010.2748
1549563996074,1010.2748
1549563996110,1010.2748
1549563996149,1010.2748
1549563996187,1010.27136
1549563996225,1010.27136
1549563996266,1010.27136
1549563996306,1010.27136
1549563996341,1010.3106
1549563996381,1010.3106
1549563996418,1010.3106
1549563996466,1010.3106
1549563996495,1010.3106
1549563996533,1010.34235
1549563996573,1010.34235
1549563996610,1010.34235
1549563996650,1010.34235
1549563996689,1010.30316
1549563996726,1010.30316
1549563996765,1010.30316
1549563996806,1010.30316
1549563996840,1010.25946
1549563996879,1010.25946
1549563996918,1010.25946
1549563996959,1010.25946
1549563996997,1010.264
1549563997034,1010.264
1549563997073,1010.264
1549563997108,1010.264
1549563997149,1010.264
1549563997186,1010.2929
1549563997229,1010.2929
1549563997264,1010.2929
1549563997306,1010.2929
1549563997340,1010.30145
1549563997382,1010.30145
1549563997419,1010.30145
1549563997455,1010.30145
1549563997494,1010.2918
1549563997533,1010.2918
1549563997571,1010.2918
1549563997612,1010.2918
1549563997649,1010.2918
1549563997687,1010.3242
1549563997727,1010.3242
1549563997763,1010.3242
1549563997802,1010.3242
1549563997853,1010.37195
1549563997886,1010.37195
1549563997918,1010.37195
1549563997957,1010.37195
1549563997998,1010.22473
1549563998034,1010.22473
1549563998071,1010.22473
1549563998110,1010.22473
1549563998149,1010.18896
1549563998187,1010.18896
1549563998226,1010.18896
1549563998265,1010.18896
1549563998304,1010.18896
1549563998342,1010.21625
1549563998378,1010.21625
1549563998423,1010.21625
1549563998456,1010.21625
1549563998497,1010.25433
1549563998533,1010.25433
1549563998571,1010.25433
1549563998610,1010.25433
1549563998649,1010.21454
1549563998687,1010.21454
1549563998728,1010.21454
1549563998765,1010.21454
1549563998807,1010.26794
1549563998843,1010.26794
1549563998881,1010.26794
1549563998918,1010.26794
1549563998958,1010.26794
1549563998997,1010.32874
1549563999034,1010.32874
1549563999070,1010.32874
1549563999109,1010.32874
1549563999151,1010.30145
1549563999186,1010.30145
1549563999225,1010.30145
1549563999270,1010.30145
1549563999303,1010.2339
1549563999341,1010.2339
1549563999379,1010.2339
1549563999416,1010.2339
1549563999456,1010.2339
1549563999496,1010.2373
1549563999535,1010.2373
1549563999570,1010.2373
1549563999615,1010.2373
1549563999649,1010.25885
1549563999689,1010.25885
1549563999725,1010.25885
1549563999765,1010.25885
1549563999813,1010.24176
1549563999841,1010.24176
1549563999880,1010.24176
1549563999920,1010.24176
1549563999958,1010.2912
1549563999993,1010.2912
1549564000033,1010.2912
1549564000070,1010.2912
1549564000111,1010.2912
1549564000149,1010.354
1549564000186,1010.354
1549564000225,1010.354
1549564000264,1010.354
1549564000326,1010.3935
1549564000341,1010.3935
1549564000383,1010.3935
1549564000422,1010.3935
1549564000459,1010.27075
1549564000494,1010.27075
1549564000533,1010.27075
1549564000572,1010.27075
1549564000611,1010.2654
1549564000647,1010.2654
1549564000688,1010.2654
1549564000724,1010.2654
1549564000791,1010.2654
1549564000812,1010.3063
1549564000840,1010.3063
1549564000877,1010.3063
1549564000917,1010.3063
1549564000956,1010.2944
1549564000996,1010.2944
1549564001033,1010.2944
1549564001071,1010.2944
1549564001111,1010.3182
1549564001149,1010.3182
1549564001186,1010.3182
1549564001235,1010.3182
1549564001261,1010.3591
1549564001307,1010.3591
1549564001339,1010.3591
1549564001378,1010.3591
1549564001417,1010.3591
1549564001461,1010.3918
1549564001494,1010.3918
1549564001533,1010.3918
1549564001570,1010.3918
1549564001609,1010.2674
1549564001647,1010.2674
1549564001695,1010.2674
1549564001724,1010.2674
1549564001763,1010.2469
1549564001802,1010.2469
1549564001844,1010.2469
1549564001876,1010.2469
1549564001915,1010.2469
1549564001954,1010.2901
1549564001995,1010.2901
1549564002032,1010.2901
1549564002071,1010.2901
1549564002110,1010.2946
1549564002151,1010.2946
1549564002186,1010.2946
1549564002224,1010.2946
1549564002263,1010.2827
1549564002302,1010.2827
1549564002340,1010.2827
1549564002379,1010.2827
1549564002416,1010.3219
1549564002456,1010.3219
1549564002497,1010.3219
1549564002533,1010.3219
1549564002586,1010.3219
1549564002616,1010.41736
1549564002648,1010.41736
1549564002689,1010.41736
1549564002729,1010.41736
1549564002762,1010.26056
1549564002833,1010.26056
1549564002845,1010.26056
1549564002880,1010.26056
1549564002916,1010.2026
1549564002957,1010.2026
1549564002994,1010.2026
1549564003035,1010.2026
1549564003075,1010.24176
1549564003112,1010.24176
1549564003146,1010.24176
1549564003186,1010.24176
1549564003232,1010.24176
1549564003262,1010.26196
1549564003304,1010.26196
1549564003339,1010.26196
1549564003379,1010.26196
1549564003416,1010.233
1549564003454,1010.233
1549564003493,1010.233
1549564003535,1010.233
1549564003570,1010.2637
1549564003608,1010.2637
1549564003648,1010.2637
1549564003689,1010.2637
1549564003724,1010.33014
1549564003763,1010.33014
1549564003803,1010.33014
1549564003841,1010.33014
1549564003879,1010.33014
1549564003916,1010.2654
1549564003955,1010.2654
1549564003993,1010.2654
1549564004032,1010.2654
1549564004068,1010.2108
1549564004108,1010.2108
1549564004146,1010.2108
1549564004186,1010.2108
1549564004227,1010.2364
1549564004262,1010.2364
1549564004301,1010.2364
1549564004341,1010.2364
1549564004379,1010.2364
1549564004416,1010.2534
1549564004456,1010.2534
1549564004494,1010.2534
1549564004538,1010.2534
1549564004569,1010.22107
1549564004609,1010.22107
1549564004648,1010.22107
1549564004696,1010.22107
1549564004723,1010.2824
1549564004762,1010.2824
1549564004802,1010.2824
1549564004839,1010.2824
1549564004879,1010.33356
1549564004917,1010.33356
1549564004957,1010.33356
1549564004992,1010.33356
1549564005033,1010.33356
1549564005069,1010.325
1549564005109,1010.325
1549564005147,1010.325
1549564005188,1010.325
1549564005224,1010.23157
1549564005261,1010.23157
1549564005302,1010.23157
1549564005342,1010.23157
1549564005377,1010.235
1549564005416,1010.235
1549564005456,1010.235
1549564005493,1010.235
1549564005533,1010.2551
1549564005571,1010.2551
1549564005608,1010.2551
1549564005647,1010.2551
1549564005685,1010.2551
1549564005723,1010.22815
1549564005762,1010.22815
1549564005801,1010.22815
1549564005841,1010.22815
1549564005877,1010.285
1549564005917,1010.285
1549564005955,1010.285
1549564005992,1010.285
1549564006033,1010.3259
1549564006071,1010.3259
1549564006110,1010.3259
1549564006146,1010.3259
1549564006184,1010.37024
1549564006245,1010.37024
1549564006262,1010.37024
1549564006298,1010.37024
1549564006337,1010.37024
1549564006377,1010.25433
1549564006417,1010.25433
1549564006453,1010.25433
1549564006495,1010.25433
1549564006532,1010.25665
1549564006570,1010.25665
1549564006607,1010.25665
1549564006647,1010.25665
1549564006684,1010.29584
1549564006723,1010.29584
1549564006763,1010.29584
1549564006802,1010.29584
1549564006839,1010.29584
1549564006882,1010.29584
1549564006941,1010.29584
1549564006955,1010.29584
1549564006998,1010.29584
1549564007031,1010.30096
1549564007071,1010.30096
1549564007110,1010.30096
1549564007146,1010.30096
1549564007188,1010.318
1549564007223,1010.318
1549564007261,1010.318
1549564007300,1010.318
1549564007338,1010.3197
1549564007378,1010.3197
1549564007415,1010.3197
1549564007455,1010.3197
1549564007493,1010.3197
1549564007533,1010.2799
1549564007571,1010.2799
1549564007609,1010.2799
1549564007646,1010.2799
1549564007686,1010.3378
1549564007723,1010.3378
1549564007762,1010.3378
1549564007800,1010.3378
1549564007839,1010.3174
1549564007876,1010.3174
1549564007915,1010.3174
1549564007959,1010.3174
1549564007993,1010.17255
1549564008033,1010.17255
1549564008068,1010.17255
1549564008107,1010.17255
1549564008147,1010.17255
1549564008184,1010.1776
1549564008223,1010.1776
1549564008262,1010.1776
1549564008320,1010.1776
1549564008381,1010.17365
1549564008382,1010.17365
1549564008413,1010.17365
1549564008453,1010.17365
1549564008493,1010.1896
1549564008549,1010.1896
1549564008567,1010.1896
1549564008608,1010.1896
1549564008645,1010.1589
1549564008685,1010.1589
1549564008723,1010.1589
1549564008765,1010.1589
1549564008802,1010.1589
1549564008838,1010.1691
1549564008878,1010.1691
1549564008915,1010.1691
1549564008956,1010.1691
1549564008993,1010.17145
1549564009031,1010.17145
1549564009068,1010.17145
1549564009108,1010.17145
1549564009147,1010.1748
1549564009183,1010.1748
1549564009222,1010.1748
1549564009263,1010.1748
1549564009300,1010.1748
1549564009337,1010.2072
1549564009378,1010.2072
1549564009419,1010.2072
1549564009453,1010.2072
1549564009493,1010.21686
1549564009543,1010.21686
1549564009569,1010.21686
1549564009610,1010.21686
1549564009644,1010.22363
1549564009684,1010.22363
1549564009725,1010.22363
1549564009763,1010.22363
1549564009801,1010.2322
1549564009838,1010.2322
1549564009879,1010.2322
1549564009914,1010.2322
1549564009953,1010.2322
1549564009993,1010.37195
1549564010032,1010.37195
1549564010068,1010.37195
1549564010109,1010.37195
1549564010144,1010.4623
1549564010184,1010.4623
1549564010224,1010.4623
1549564010260,1010.4623
1549564010309,1010.35376
1549564010370,1010.35376
1549564010382,1010.35376
1549564010439,1010.35376
1549564010469,1010.3046
1549564010515,1010.3046
1549564010532,1010.3046
1549564010583,1010.3046
1549564010604,1010.3046
1549564010644,1010.2433
1549564010689,1010.2433
1549564010741,1010.2433
1549564010774,1010.2433
1549564010797,1010.22284
1549564010839,1010.22284
1549564010876,1010.22284
1549564010911,1010.22284
1549564010951,1010.22455
1549564010989,1010.22455
1549564011027,1010.22455
1549564011065,1010.22455
1549564011104,1010.2126
1549564011143,1010.2126
1549564011181,1010.2126
1549564011219,1010.2126
1549564011259,1010.2126
1549564011297,1010.2072
1549564011341,1010.2072
1549564011379,1010.2072
1549564011425,1010.2072
1549564011456,1010.22797
1549564011493,1010.22797
1549564011528,1010.22797
1549564011565,1010.22797
1549564011634,1010.2211
1549564011737,1010.2211
1549564011737,1010.2211
1549564011737,1010.2211
1549564011846,1010.2211
1549564011846,1010.22455
1549564011897,1010.22455
1549564011897,1010.22455
1549564011942,1010.22455
1549564011972,1010.2143
1549564011997,1010.2143
1549564012029,1010.2143
1549564012073,1010.2143
1549564012106,1010.2143
1549564012143,1010.2143
1549564012181,1010.2143
1549564012219,1010.2143
1549564012259,1010.22687
1549564012296,1010.22687
1549564012334,1010.22687
1549564012373,1010.22687
1549564012416,1010.22687
1549564012452,1010.2408
1549564012488,1010.2408
1549564012528,1010.2408
1549564012567,1010.2408
1549564012604,1010.2561
1549564012642,1010.2561
