1549564631645,1010.01245
1549564631646,1010.01245
1549564631686,1010.01245
1549564631722,1010.01245
1549564631760,1010.0258
1549564631799,1010.0258
1549564631840,1010.0258
1549564631876,1010.0258
1549564631915,1010.0301
1549564631953,1010.0301
1549564631992,1010.0301
1549564632030,1010.0301
1549564632070,1010.0301
1549564632111,1010.03094
1549564632145,1010.03094
1549564632185,1010.03094
1549564632222,1010.03094
1549564632260,1010.0528
1549564632299,1010.0528
1549564632339,1010.0528
1549564632376,1010.0528
1549564632414,1010.0251
1549564632452,1010.0251
1549564632491,1010.0251
1549564632529,1010.0251
1549564632568,1010.0323
1549564632624,1010.0323
1549564632653,1010.0323
1549564632684,1010.0323
1549564632729,1010.0323
1549564632784,1010.0451
1549564632799,1010.0451
1549564632839,1010.0451
1549564632877,1010.0451
1549564632931,1010.1203
1549564632952,1010.1203
1549564633012,1010.1203
1549564633034,1010.1203
1549564633068,1010.2185
1549564633109,1010.2185
1549564633151,1010.2185
1549564633194,1010.2185
1549564633224,1010.2185
1549564633260,1010.1347
1549564633301,1010.1347
1549564633473,1010.23895
1549564633473,1010.23895
1549564633655,1010.23895
1549564633655,1010.23895
1549564633656,1010.2397
1549564633656,1010.2397
1549564633656,1010.2397
1549564633683,1010.2397
1549564633722,1010.01514
1549564633762,1010.01514
1549564633801,1010.01514
1549564633838,1010.01514
1549564633876,1009.96576
1549564633918,1009.96576
1549564633955,1009.96576
1549564633993,1009.96576
1549564634032,1009.96576
1549564634071,1009.9742
1549564634119,1009.9742
1549564634148,1009.9742
1549564634184,1009.9742
1549564634222,1009.9901
1549564634261,1009.9901
1549564634314,1009.9901
1549564634343,1009.9901
1549564634377,1010.0008
1549564634414,1010.0008
1549564634464,1010.0008
1549564634493,1010.0008
1549564634530,1010.01154
1549564634570,1010.01154
1549564634610,1010.01154
1549564634655,1010.01154
1549564634687,1010.01154
1549564634721,1010.01654
1549564634761,1010.01654
1549564634800,1010.01654
1549564634842,1010.01654
1549564634880,1010.0219
1549564634915,1010.0219
1549564634955,1010.0219
1549564634996,1010.0219
1549564635029,1010.0235
1549564635070,1010.0235
1549564635108,1010.0235
1549564635147,1010.0235
1549564635185,1010.01306
1549564635230,1010.01306
1549564635261,1010.01306
1549564635299,1010.01306
1549564635340,1010.01306
1549564635418,1009.99774
1549564635419,1009.99774
1549564635468,1009.99774
1549564635512,1009.99774
1549564635568,1009.9873
1549564635569,1009.9873
1549564635611,1009.9873
1549564635646,1009.9873
1549564635685,1009.9683
1549564635726,1009.9683
1549564635762,1009.9683
1549564635800,1009.9683
1549564635839,1009.9683
1549564635878,1009.9559
1549564635916,1009.9559
1549564635955,1009.9559
1549564635993,1009.9559
1549564636031,1009.9472
1549564636082,1009.9472
1549564636107,1009.9472
1549564636145,1009.9472
1549564636184,1009.9279
1549564636223,1009.9279
1549564636263,1009.9279
1549564636300,1009.9279
1549564636340,1009.92065
1549564636378,1009.92065
1549564636417,1009.92065
1549564636456,1009.92065
1549564636494,1009.92065
1549564636531,1009.91
1549564636569,1009.91
1549564636607,1009.91
1549564636646,1009.91
1549564636688,1009.8904
1549564636723,1009.8904
1549564636761,1009.8904
1549564636801,1009.8904
1549564636840,1009.8797
1549564636878,1009.8797
1549564636914,1009.8797
1549564636954,1009.8797
1549564636991,1009.86163
1549564637028,1009.86163
1549564637068,1009.86163
1549564637106,1009.86163
1549564637147,1009.86163
1549564637217,1009.84406
1549564637221,1009.84406
1549564637264,1009.84406
1549564637300,1009.84406
1549564637339,1009.8299
1549564637377,1009.8299
1549564637415,1009.8299
1549564637456,1009.8299
1549564637512,1009.8155
1549564637544,1009.8155
1549564637570,1009.8155
1549564637607,1009.8155
1549564637646,1009.8134
1549564637686,1009.8134
1549564637720,1009.8134
1549564637759,1009.8134
1549564637799,1009.8134
1549564637838,1009.8005
1549564637875,1009.8005
1549564637915,1009.8005
1549564637955,1009.8005
1549564637993,1009.77405
1549564638030,1009.77405
1549564638069,1009.77405
1549564638108,1009.77405
1549564638146,1009.75616
1549564638184,1009.75616
1549564638226,1009.75616
1549564638261,1009.75616
1549564638300,1009.73694
1549564638342,1009.73694
1549564638386,1009.73694
1549564638414,1009.73694
1549564638452,1009.73694
1549564638490,1009.71515
1549564638529,1009.71515
1549564638567,1009.71515
1549564638607,1009.71515
1549564638644,1009.6987
1549564638683,1009.6987
1549564638720,1009.6987
1549564638760,1009.6987
1549564638798,1009.6858
1549564638837,1009.6858
1549564638875,1009.6858
1549564638914,1009.6858
1549564638954,1009.67035
1549564638990,1009.67035
1549564639029,1009.67035
1549564639070,1009.67035
1549564639107,1009.67035
1549564639145,1009.64996
1549564639184,1009.64996
1549564639227,1009.64996
1549564639262,1009.64996
1549564639301,1009.6436
1549564639337,1009.6436
1549564639376,1009.6436
1549564639417,1009.6436
1549564639456,1009.6282
1549564639518,1009.6282
1549564639529,1009.6282
1549564639569,1009.6282
1549564639611,1009.6282
1549564639645,1009.6139
1549564639685,1009.6139
1549564639723,1009.6139
1549564639760,1009.6139
1549564639799,1009.607
1549564639838,1009.607
1549564639880,1009.607
1549564639919,1009.607
1549564639952,1009.59076
1549564639990,1009.59076
1549564640030,1009.59076
1549564640067,1009.59076
1549564640132,1009.5751
1549564640144,1009.5751
1549564640194,1009.5751
1549564640222,1009.5751
1549564640259,1009.5751
1549564640297,1009.5659
1549564640337,1009.5659
1549564640375,1009.5659
1549564640433,1009.5659
1549564640451,1009.5531
1549564640491,1009.5531
1549564640531,1009.5531
1549564640568,1009.5531
1549564640608,1009.54376
1549564640645,1009.54376
1549564640685,1009.54376
1549564640725,1009.54376
1549564640760,1009.5321
1549564640802,1009.5321
1549564640841,1009.5321
1549564640880,1009.5321
1549564640918,1009.5321
1549564640955,1009.5141
1549564640993,1009.5141
1549564641035,1009.5141
1549564641068,1009.5141
1549564641107,1009.5008
1549564641145,1009.5008
1549564641184,1009.5008
1549564641222,1009.5008
1549564641264,1009.488
1549564641299,1009.488
1549564641339,1009.488
1549564641376,1009.488
1549564641416,1009.4677
1549564641454,1009.4677
1549564641495,1009.4677
1549564641530,1009.4677
1549564641571,1009.4677
1549564641606,1009.44556
1549564641644,1009.44556
1549564641683,1009.44556
1549564641724,1009.44556
1549564641761,1009.43616
1549564641799,1009.43616
1549564641837,1009.43616
1549564641875,1009.43616
1549564641916,1009.4188
1549564641958,1009.4188
1549564641993,1009.4188
1549564642032,1009.4188
1549564642067,1009.41437
1549564642108,1009.41437
1549564642146,1009.41437
1549564642185,1009.41437
1549564642226,1009.41437
1549564642262,1009.39166
1549564642298,1009.39166
1549564642337,1009.39166
1549564642375,1009.39166
1549564642415,1009.37805
1549564642455,1009.37805
1549564642492,1009.37805
1549564642530,1009.37805
1549564642568,1009.37103
1549564642608,1009.37103
1549564642649,1009.37103
1549564642683,1009.37103
1549564642723,1009.3569
1549564642759,1009.3569
1549564642800,1009.3569
1549564642836,1009.3569
1549564642876,1009.3569
1549564642914,1009.34845
1549564642954,1009.34845
1549564642989,1009.34845
1549564643033,1009.34845
1549564643067,1009.32684
1549564643105,1009.32684
1549564643145,1009.32684
1549564643183,1009.32684
1549564643222,1009.31476
1549564643261,1009.31476
1549564643302,1009.31476
1549564643335,1009.31476
1549564643375,1009.31476
1549564643414,1009.2966
1549564643451,1009.2966
1549564643490,1009.2966
1549564643529,1009.2966
1549564643567,1009.2859
1549564643607,1009.2859
1549564643644,1009.2859
1549564643685,1009.2859
1549564643721,1009.26636
1549564643759,1009.26636
1549564643800,1009.26636
1549564643836,1009.26636
1549564643875,1009.2471
1549564643914,1009.2471
1549564643954,1009.2471
1549564643989,1009.2471
1549564644031,1009.2471
1549564644069,1009.2312
1549564644106,1009.2312
1549564644144,1009.2312
1549564644183,1009.2312
1549564644222,1009.2262
1549564644263,1009.2262
1549564644298,1009.2262
1549564644337,1009.2262
1549564644375,1009.2086
1549564644414,1009.2086
1549564644452,1009.2086
1549564644492,1009.2086
1549564644530,1009.20135
1549564644567,1009.20135
1549564644622,1009.20135
1549564644644,1009.20135
1549564644682,1009.20135
1549564644720,1009.1786
1549564644762,1009.1786
1549564644803,1009.1786
1549564644835,1009.1786
1549564644876,1009.1558
1549564644912,1009.1558
1549564644951,1009.1558
1549564644990,1009.1558
1549564645029,1009.14514
1549564645067,1009.14514
1549564645106,1009.14514
1549564645144,1009.14514
1549564645184,1009.1202
1549564645220,1009.1202
1549564645258,1009.1202
1549564645313,1009.1202
1549564645335,1009.1202
1549564645373,1009.1043
1549564645413,1009.1043
1549564645454,1009.1043
1549564645488,1009.1043
1549564645526,1009.085
1549564645570,1009.085
1549564645604,1009.085
1549564645642,1009.085
1549564645681,1009.0703
1549564645720,1009.0703
1549564645758,1009.0703
1549564645795,1009.0703
1549564645836,1009.0733
1549564645875,1009.0733
1549564645914,1009.0733
1549564645952,1009.0733
1549564645990,1009.0733
1549564646029,1009.0543
1549564646068,1009.0543
1549564646107,1009.0543
1549564646144,1009.0543
1549564646183,1009.0482
1549564646221,1009.0482
1549564646261,1009.0482
1549564646299,1009.0482
1549564646335,1009.0304
1549564646378,1009.0304
1549564646413,1009.0304
1549564646452,1009.0304
1549564646491,1009.0317
1549564646529,1009.0317
1549564646567,1009.0317
1549564646609,1009.0317
1549564646645,1009.0317
1549564646683,1009.01776
1549564646723,1009.01776
1549564646760,1009.01776
1549564646798,1009.01776
1549564646841,1009.0257
1549564646875,1009.0257
1549564646915,1009.0257
1549564646952,1009.0257
1549564646991,1009.0476
1549564647030,1009.0476
1549564647067,1009.0476
1549564647106,1009.0476
1549564647143,1009.0476
1549564647182,1009.1485
1549564647221,1009.1485
1549564647260,1009.1485
1549564647303,1009.1485
1549564647335,1009.1324
1549564647375,1009.1324
1549564647413,1009.1324
1549564647450,1009.1324
1549564647508,1009.14685
1549564647545,1009.14685
1549564647565,1009.14685
1549564647603,1009.14685
1549564647642,1009.1153
1549564647680,1009.1153
1549564647719,1009.1153
1549564647761,1009.1153
1549564647814,1009.1153
1549564647838,1009.06854
1549564647875,1009.06854
1549564647912,1009.06854
1549564647962,1009.06854
1549564647988,1008.96857
1549564648029,1008.96857
1549564648065,1008.96857
1549564648104,1008.96857
1549564648142,1008.9166
1549564648181,1008.9166
1549564648221,1008.9166
1549564648263,1008.9166
1549564648298,1008.9346
1549564648338,1008.9346
1549564648375,1008.9346
1549564648438,1008.9346
1549564648462,1008.9346
1549564648489,1008.9516
1549564648528,1008.9516
1549564648568,1008.9516
1549564648605,1008.9516
1549564648643,1008.9411
1549564648682,1008.9411
1549564648719,1008.9411
1549564648760,1008.9411
1549564648797,1008.9395
1549564648837,1008.9395
1549564648874,1008.9395
1549564648913,1008.9395
1549564648951,1008.95856
1549564649000,1008.95856
1549564649028,1008.95856
1549564649065,1008.95856
1549564649104,1008.95856
1549564649145,1008.97266
1549564649215,1008.97266
1549564649219,1008.97266
1549564649256,1008.97266
1549564649296,1008.9762
1549564649360,1008.9762
1549564649373,1008.9762
1549564649412,1008.9762
1549564649452,1008.9734
1549564649489,1008.9734
1549564649528,1008.9734
1549564649569,1008.9734
1549564649606,1008.9792
1549564649645,1008.9792
1549564649684,1008.9792
1549564649722,1008.9792
1549564649758,1008.9792
1549564649798,1008.985
1549564649835,1008.985
1549564649878,1008.985
1549564649934,1008.985
1549564649956,1009.00134
1549564649988,1009.00134
1549564650038,1009.00134
1549564650071,1009.00134
1549564650116,1008.9954
1549564650141,1008.9954
1549564650182,1008.9954
1549564650219,1008.9954
1549564650274,1008.99
1549564650294,1008.99
1549564650334,1008.99
1549564650371,1008.99
1549564650410,1008.99
1549564650448,1008.99805
1549564650486,1008.99805
1549564650525,1008.99805
1549564650563,1008.99805
1549564650603,1008.9906
1549564650640,1008.9906
1549564650678,1008.9906
1549564650717,1008.9906
1549564650756,1008.9921
1549564650794,1008.9921
1549564650832,1008.9921
1549564650871,1008.9921
1549564650911,1008.9921
1549564650949,1008.9818
1549564650988,1008.9818
1549564651026,1008.9818
1549564651064,1008.9818
1549564651105,1009.01953
1549564651142,1009.01953
1549564651178,1009.01953
1549564651259,1009.01953
1549564651259,1009.0058
1549564651322,1009.0058
1549564651356,1009.0058
1549564651389,1009.0058
1549564651424,1008.99554
1549564651455,1008.99554
1549564651489,1008.99554
1549564651524,1008.99554
1549564651563,1008.99554
1549564651602,1008.9872
1549564651643,1008.9872
1549564651679,1008.9872
1549564651717,1008.9872
1549564651757,1008.974
1549564651794,1008.974
1549564651833,1008.974
1549564651873,1008.974
1549564651909,1008.9723
1549564651948,1008.9723
1549564651989,1008.9723
1549564652028,1008.9723
1549564652063,1008.9937
1549564652101,1008.9937
